0.000000000000000000e+00 0.000000000000000000e+00
5.000000000000000278e-02 5.770323056775161774e-05
1.000000000000000056e-01 2.307996031075676413e-04
1.500000000000000222e-01 5.192491601276327806e-04
2.000000000000000111e-01 9.229853058345671712e-04
2.500000000000000000e-01 1.441914806187993836e-03
3.000000000000000444e-01 2.075917789005676806e-03
3.500000000000000333e-01 2.824847744360980961e-03
4.000000000000000222e-01 3.688531525037397341e-03
4.500000000000000111e-01 4.666769347274501989e-03
5.000000000000000000e-01 5.759334792373949075e-03
5.500000000000000444e-01 6.965974808507580107e-03
6.000000000000000888e-01 8.286409712903286540e-03
6.500000000000000222e-01 9.720333195991859299e-03
7.000000000000000666e-01 1.126741232625688705e-02
7.500000000000000000e-01 1.292728755481703518e-02
8.000000000000000444e-01 1.469957272374439183e-02
8.500000000000000888e-01 1.658385507662879510e-02
9.000000000000000222e-01 1.857969526663616477e-02
9.500000000000000666e-01 2.068662737034410171e-02
1.000000000000000000e+00 2.290415890824465395e-02
1.050000000000000044e+00 2.523177085755029525e-02
1.100000000000000089e+00 2.766891767168944138e-02
1.150000000000000133e+00 3.021502731705300038e-02
1.200000000000000178e+00 3.286950129174098789e-02
1.250000000000000000e+00 3.563171465135528404e-02
1.300000000000000044e+00 3.850101606536338039e-02
1.350000000000000089e+00 4.147672784859107731e-02
1.400000000000000133e+00 4.455814599444379853e-02
1.450000000000000178e+00 4.774454024176871814e-02
1.500000000000000000e+00 5.103515414256543092e-02
1.550000000000000044e+00 5.442920510281584745e-02
1.600000000000000089e+00 5.792588443541429877e-02
1.650000000000000133e+00 6.152435749563428535e-02
1.700000000000000178e+00 6.522376372670818379e-02
1.750000000000000000e+00 6.902321672385508533e-02
1.800000000000000044e+00 7.292180435447964681e-02
1.850000000000000089e+00 7.691858891490538364e-02
1.900000000000000133e+00 8.101260718537994787e-02
1.950000000000000178e+00 8.520287050627906034e-02
2.000000000000000000e+00 8.948836499311896286e-02
2.050000000000000266e+00 9.386805170484324723e-02
2.100000000000000089e+00 9.834086672100339488e-02
2.149999999999999911e+00 1.029057212266334953e-01
2.200000000000000178e+00 1.075615018045176785e-01
2.250000000000000000e+00 1.123070706770381011e-01
2.300000000000000266e+00 1.171412657719499428e-01
2.350000000000000089e+00 1.220629008696794693e-01
2.400000000000000355e+00 1.270707658144802910e-01
2.450000000000000178e+00 1.321636270101427812e-01
2.500000000000000000e+00 1.373402274478837115e-01
2.550000000000000266e+00 1.425992869754207359e-01
2.600000000000000089e+00 1.479395022285958095e-01
2.650000000000000355e+00 1.533595473678877608e-01
2.700000000000000178e+00 1.588580744046980131e-01
2.750000000000000000e+00 1.644337132156649672e-01
2.800000000000000266e+00 1.700850719889159812e-01
2.850000000000000089e+00 1.758107369203703030e-01
2.900000000000000355e+00 1.816092733293767636e-01
2.950000000000000178e+00 1.874792260850979830e-01
3.000000000000000000e+00 1.934191196065104812e-01
3.050000000000000266e+00 1.994274582219578429e-01
3.100000000000000089e+00 2.055027263196252396e-01
3.150000000000000355e+00 2.116433883441288799e-01
3.200000000000000178e+00 2.178478905218270145e-01
3.250000000000000000e+00 2.241146609213681140e-01
3.300000000000000266e+00 2.304421094536904246e-01
3.350000000000000089e+00 2.368286282364397977e-01
3.400000000000000355e+00 2.432725923305070204e-01
3.450000000000000178e+00 2.497723584762296944e-01
3.500000000000000000e+00 2.563262680100668600e-01
3.550000000000000266e+00 2.629326471496782891e-01
3.600000000000000089e+00 2.695898069939242081e-01
3.650000000000000355e+00 2.762960435228657419e-01
3.700000000000000178e+00 2.830496381420009033e-01
3.750000000000000000e+00 2.898488583647932382e-01
3.800000000000000266e+00 2.966919572318145737e-01
3.850000000000000089e+00 3.035771760298349164e-01
3.900000000000000355e+00 3.105027444363649969e-01
3.950000000000000178e+00 3.174668805196556587e-01
4.000000000000000000e+00 3.244677907923557147e-01
4.049999999999999822e+00 3.315036713966786897e-01
4.100000000000000533e+00 3.385727071951921130e-01
4.150000000000000355e+00 3.456730741474474122e-01
4.200000000000000178e+00 3.528029401791423769e-01
4.250000000000000000e+00 3.599604651821204371e-01
4.299999999999999822e+00 3.671438010640207805e-01
4.350000000000000533e+00 3.743510927509388075e-01
4.400000000000000355e+00 3.815804775050168351e-01
4.450000000000000178e+00 3.888300873204655894e-01
4.500000000000000000e+00 3.960980497043712356e-01
4.549999999999999822e+00 4.033824876766956002e-01
4.600000000000000533e+00 4.106815199742609446e-01
4.650000000000000355e+00 4.179932617417109197e-01
4.700000000000000178e+00 4.253158244444246172e-01
4.750000000000000000e+00 4.326473182875955059e-01
4.800000000000000711e+00 4.399858524650051006e-01
4.850000000000000533e+00 4.473295351593867264e-01
4.900000000000000355e+00 4.546764741779084629e-01
4.950000000000000178e+00 4.620247767857385557e-01
5.000000000000000000e+00 4.693725514319901926e-01
5.050000000000000711e+00 4.767179088864625935e-01
5.100000000000000533e+00 4.840589622396403446e-01
5.150000000000000355e+00 4.913938270980543477e-01
5.200000000000000178e+00 4.987206220635980736e-01
5.250000000000000000e+00 5.060374697796272692e-01
5.300000000000000711e+00 5.133424980564139650e-01
5.350000000000000533e+00 5.206338399433768638e-01
5.400000000000000355e+00 5.279096340883050464e-01
5.450000000000000178e+00 5.351680251531383270e-01
5.500000000000000000e+00 5.424071653114985736e-01
5.550000000000000711e+00 5.496252144665283446e-01
5.600000000000000533e+00 5.568203406896728991e-01
5.650000000000000355e+00 5.639907199686646777e-01
5.700000000000000178e+00 5.711345379323841120e-01
5.750000000000000000e+00 5.782499905306950350e-01
5.800000000000000711e+00 5.853352840624354014e-01
5.850000000000000533e+00 5.923886356528846875e-01
5.900000000000000355e+00 5.994082730292747963e-01
5.950000000000000178e+00 6.063924363699736420e-01
6.000000000000000000e+00 6.133393787958361099e-01
6.050000000000000711e+00 6.202473663787695379e-01
6.100000000000000533e+00 6.271146785715394634e-01
6.150000000000000355e+00 6.339396080026277192e-01
6.200000000000000178e+00 6.407204620788943261e-01
6.250000000000000000e+00 6.474555635895700156e-01
6.300000000000000711e+00 6.541432507062581170e-01
6.350000000000000533e+00 6.607818772949134445e-01
6.400000000000000355e+00 6.673698128243815697e-01
6.450000000000000178e+00 6.739054435784198605e-01
6.500000000000000000e+00 6.803871733941418976e-01
6.550000000000000711e+00 6.868134236620180300e-01
6.600000000000000533e+00 6.931826335382389459e-01
6.650000000000000355e+00 6.994932599431828990e-01
6.700000000000000178e+00 7.057437784903686229e-01
6.750000000000000000e+00 7.119326842159146018e-01
6.800000000000000711e+00 7.180584915805990898e-01
6.850000000000000533e+00 7.241197346379193434e-01
6.900000000000000355e+00 7.301149670458177976e-01
6.950000000000000178e+00 7.360427629054023813e-01
7.000000000000000000e+00 7.419017173112666397e-01
7.050000000000000711e+00 7.476904463547977553e-01
7.100000000000000533e+00 7.534075872754069092e-01
7.150000000000000355e+00 7.590517984906819393e-01
7.200000000000000178e+00 7.646217604258516154e-01
7.250000000000000000e+00 7.701161757829468879e-01
7.300000000000000711e+00 7.755337695640229789e-01
7.350000000000000533e+00 7.808732891618155314e-01
7.400000000000000355e+00 7.861335046089457101e-01
7.450000000000000178e+00 7.913132091806984736e-01
7.500000000000000000e+00 7.964112194503749631e-01
7.550000000000000711e+00 8.014263753684993663e-01
7.600000000000000533e+00 8.063575402920970525e-01
7.650000000000000355e+00 8.112036015085601903e-01
7.700000000000000178e+00 8.159634704258404980e-01
7.750000000000000000e+00 8.206360826115778329e-01
7.800000000000000711e+00 8.252203978096307457e-01
7.850000000000000533e+00 8.297154001587643268e-01
7.900000000000000355e+00 8.341200985987768934e-01
7.950000000000000178e+00 8.384335268861273782e-01
8.000000000000000000e+00 8.426547436495097632e-01
8.050000000000000711e+00 8.467828323452029071e-01
8.099999999999999645e+00 8.508169015862743212e-01
8.150000000000000355e+00 8.547560853729925245e-01
8.200000000000001066e+00 8.585995430932105155e-01
8.250000000000000000e+00 8.623464595572261082e-01
8.300000000000000711e+00 8.659960449588607334e-01
8.349999999999999645e+00 8.695475351406627418e-01
8.400000000000000355e+00 8.730001917644749643e-01
8.450000000000001066e+00 8.763533023116868437e-01
8.500000000000000000e+00 8.796061800947247988e-01
8.550000000000000711e+00 8.827581642381332472e-01
8.599999999999999645e+00 8.858086198588919213e-01
8.650000000000000355e+00 8.887569381898706711e-01
8.700000000000001066e+00 8.916025365806872216e-01
8.750000000000000000e+00 8.943448584976327886e-01
8.800000000000000711e+00 8.969833735232300986e-01
8.849999999999999645e+00 8.995175774937831381e-01
8.900000000000000355e+00 9.019469925494643103e-01
8.950000000000001066e+00 9.042711671369443316e-01
9.000000000000000000e+00 9.064896760019849342e-01
9.050000000000000711e+00 9.086021202159101362e-01
9.099999999999999645e+00 9.106081272708244079e-01
9.150000000000000355e+00 9.125073510872830918e-01
9.200000000000001066e+00 9.142994720161472522e-01
9.250000000000000000e+00 9.159841968169987192e-01
9.300000000000000711e+00 9.175612586990340436e-01
9.349999999999999645e+00 9.190304173755363681e-01
9.400000000000000355e+00 9.203914590651210981e-01
9.450000000000001066e+00 9.216441964909969364e-01
9.500000000000000000e+00 9.227884688565907156e-01
9.550000000000000711e+00 9.238241418601311761e-01
9.600000000000001421e+00 9.247511077353918196e-01
9.650000000000000355e+00 9.255692852535559734e-01
9.700000000000001066e+00 9.262786197232162344e-01
9.750000000000000000e+00 9.268790829768771555e-01
9.800000000000000711e+00 9.273706733434626814e-01
9.850000000000001421e+00 9.277534156753183270e-01
9.900000000000000355e+00 9.280273613488071449e-01
9.950000000000001066e+00 9.281925882642628745e-01
1.000000000000000000e+01 9.282492008459897193e-01
1.005000000000000071e+01 9.281973300301418206e-01
1.010000000000000142e+01 9.280371332069417001e-01
1.015000000000000036e+01 9.277687942667132148e-01
1.020000000000000107e+01 9.273925235625526398e-01
1.025000000000000000e+01 9.269085579043188083e-01
1.030000000000000071e+01 9.263171605586335566e-01
1.035000000000000142e+01 9.256186212145196546e-01
1.040000000000000036e+01 9.248132559696803368e-01
1.045000000000000107e+01 9.239014073154054874e-01
1.050000000000000000e+01 9.228834440847837328e-01
1.055000000000000071e+01 9.217597614525686600e-01
1.060000000000000142e+01 9.205307809304057454e-01
1.065000000000000036e+01 9.191969502963641681e-01
1.070000000000000107e+01 9.177587436152860878e-01
1.075000000000000000e+01 9.162166611426222351e-01
1.080000000000000071e+01 9.145712292970040735e-01
1.085000000000000142e+01 9.128230006586319778e-01
1.090000000000000036e+01 9.109725538901212172e-01
1.095000000000000107e+01 9.090204937698036503e-01
1.100000000000000000e+01 9.069674510449869942e-01
1.105000000000000071e+01 9.048140823628948448e-01
1.110000000000000142e+01 9.025610702706672317e-01
1.115000000000000036e+01 9.002091231569556706e-01
1.120000000000000107e+01 8.977589751897606662e-01
1.125000000000000000e+01 8.952113862972701508e-01
1.130000000000000071e+01 8.925671419125509320e-01
1.135000000000000142e+01 8.898270529645140314e-01
1.140000000000000036e+01 8.869919558770085199e-01
1.145000000000000107e+01 8.840627123778498353e-01
1.150000000000000000e+01 8.810402096160525609e-01
1.155000000000000071e+01 8.779253598632731359e-01
1.160000000000000142e+01 8.747191002818410777e-01
1.165000000000000036e+01 8.714223929247577605e-01
1.170000000000000107e+01 8.680362247278665677e-01
1.175000000000000000e+01 8.645616071920674273e-01
1.180000000000000071e+01 8.609995766549205509e-01
1.185000000000000142e+01 8.573511937445512654e-01
1.190000000000000036e+01 8.536175431009325187e-01
1.195000000000000107e+01 8.497997333758827709e-01
1.200000000000000000e+01 8.458988972316783261e-01
1.205000000000000071e+01 8.419161909208138228e-01
1.210000000000000142e+01 8.378527945973635038e-01
1.215000000000000036e+01 8.337099117325792452e-01
1.220000000000000107e+01 8.294887685809583244e-01
1.225000000000000000e+01 8.251906141802449746e-01
1.230000000000000071e+01 8.208167203514292742e-01
1.235000000000000142e+01 8.163683813532730538e-01
1.240000000000000036e+01 8.118469138071640057e-01
1.245000000000000107e+01 8.072536566267567437e-01
1.250000000000000000e+01 8.025899698897847045e-01
1.255000000000000071e+01 7.978572348161157013e-01
1.260000000000000142e+01 7.930568537677535890e-01
1.265000000000000036e+01 7.881902500610309392e-01
1.270000000000000107e+01 7.832588673755029873e-01
1.275000000000000000e+01 7.782641703249747467e-01
1.280000000000000071e+01 7.732076427678784558e-01
1.285000000000000142e+01 7.680907876178771909e-01
1.290000000000000036e+01 7.629151268438647548e-01
1.295000000000000107e+01 7.576822013990354154e-01
1.300000000000000000e+01 7.523935703309627687e-01
1.305000000000000071e+01 7.470508116242066121e-01
1.310000000000000142e+01 7.416555203212472636e-01
1.315000000000000036e+01 7.362093079867826351e-01
1.320000000000000107e+01 7.307138027077266784e-01
1.325000000000000000e+01 7.251706490658864634e-01
1.330000000000000071e+01 7.195815071666873397e-01
1.335000000000000142e+01 7.139480534429795133e-01
1.340000000000000036e+01 7.082719787598410477e-01
1.345000000000000107e+01 7.025549875507608455e-01
1.350000000000000000e+01 6.967987978176406472e-01
1.355000000000000071e+01 6.910051410977481323e-01
1.360000000000000142e+01 6.851757614408010566e-01
1.365000000000000036e+01 6.793124162094135166e-01
1.370000000000000107e+01 6.734168739031862749e-01
1.375000000000000000e+01 6.674909132593466188e-01
1.380000000000000071e+01 6.615363232527471382e-01
1.385000000000000142e+01 6.555549029863291244e-01
1.390000000000000036e+01 6.495484606805246308e-01
1.395000000000000107e+01 6.435188143874825961e-01
1.400000000000000000e+01 6.374677893286204711e-01
1.405000000000000071e+01 6.313972173152879730e-01
1.410000000000000142e+01 6.253089367487694172e-01
1.415000000000000036e+01 6.192047922603121091e-01
1.420000000000000107e+01 6.130866341056877555e-01
1.425000000000000000e+01 6.069563179973263001e-01
1.430000000000000071e+01 6.008157025046889643e-01
1.435000000000000142e+01 5.946666488998847422e-01
1.440000000000000036e+01 5.885110211494892773e-01
1.445000000000000107e+01 5.823506849979293021e-01
1.450000000000000000e+01 5.761875084010903425e-01
1.455000000000000071e+01 5.700233591945876865e-01
1.460000000000000142e+01 5.638601038869792692e-01
1.465000000000000036e+01 5.576996076597652285e-01
1.470000000000000107e+01 5.515437339835740360e-01
1.475000000000000000e+01 5.453943441678149595e-01
1.480000000000000071e+01 5.392532964967604592e-01
1.485000000000000142e+01 5.331224439557441519e-01
1.490000000000000036e+01 5.270036341515651479e-01
1.495000000000000107e+01 5.208987091718892959e-01
1.500000000000000000e+01 5.148095049344708629e-01
1.505000000000000071e+01 5.087378501387858076e-01
1.510000000000000142e+01 5.026855645836647568e-01
1.515000000000000036e+01 4.966544590060105180e-01
1.520000000000000107e+01 4.906463346040996765e-01
1.525000000000000000e+01 4.846629825805107705e-01
1.530000000000000071e+01 4.787061820856280958e-01
1.535000000000000142e+01 4.727776998849272938e-01
1.540000000000000036e+01 4.668792899192476531e-01
1.545000000000000107e+01 4.610126931171217857e-01
1.550000000000000000e+01 4.551796353771599968e-01
1.555000000000000071e+01 4.493818268608730238e-01
1.560000000000000142e+01 4.436209616680210632e-01
1.565000000000000036e+01 4.378987177280956322e-01
1.570000000000000107e+01 4.322167554186042149e-01
1.575000000000000000e+01 4.265767159270541509e-01
1.580000000000000071e+01 4.209802212133860744e-01
1.585000000000000142e+01 4.154288734463120747e-01
1.590000000000000036e+01 4.099242551810610702e-01
1.595000000000000107e+01 4.044679270322130704e-01
1.600000000000000000e+01 3.990614268984093438e-01
1.605000000000000071e+01 3.937062699057710113e-01
1.610000000000000142e+01 3.884039479328588729e-01
1.615000000000000213e+01 3.831559295224818973e-01
1.619999999999999929e+01 3.779636576025363626e-01
1.625000000000000000e+01 3.728285490847886852e-01
1.630000000000000071e+01 3.677519947613191453e-01
1.635000000000000142e+01 3.627353590131873751e-01
1.640000000000000213e+01 3.577799792343783203e-01
1.644999999999999929e+01 3.528871640138247501e-01
1.650000000000000000e+01 3.480581929861136237e-01
1.655000000000000071e+01 3.432943166590493034e-01
1.660000000000000142e+01 3.385967562906979644e-01
1.665000000000000213e+01 3.339667026585233511e-01
1.669999999999999929e+01 3.294053151099706200e-01
1.675000000000000000e+01 3.249137215378972154e-01
1.680000000000000071e+01 3.204930182479807099e-01
1.685000000000000142e+01 3.161442692591956982e-01
1.690000000000000213e+01 3.118685053744162938e-01
1.694999999999999929e+01 3.076667240511822277e-01
1.700000000000000000e+01 3.035398892920686542e-01
1.705000000000000071e+01 2.994889309099879604e-01
1.710000000000000142e+01 2.955147439683195598e-01
1.715000000000000213e+01 2.916181887059962619e-01
1.719999999999999929e+01 2.878000904016476680e-01
1.725000000000000000e+01 2.840612385944657481e-01
1.730000000000000071e+01 2.804023868605073355e-01
1.735000000000000142e+01 2.768242527914294149e-01
1.740000000000000213e+01 2.733275177924801014e-01
1.744999999999999929e+01 2.699128264363404028e-01
1.750000000000000000e+01 2.665807863897277086e-01
1.755000000000000071e+01 2.633319684586122866e-01
1.760000000000000142e+01 2.601669064463644765e-01
1.765000000000000213e+01 2.570860966638972567e-01
1.769999999999999929e+01 2.540899978841935081e-01
1.775000000000000000e+01 2.511790314332197904e-01
1.780000000000000071e+01 2.483535811953858641e-01
1.785000000000000142e+01 2.456139933044436674e-01
1.790000000000000213e+01 2.429605761043623913e-01
1.794999999999999929e+01 2.403936002475517419e-01
1.800000000000000000e+01 2.379132988335106447e-01
1.805000000000000071e+01 2.355198672975370444e-01
1.810000000000000142e+01 2.332134634446857424e-01
1.815000000000000213e+01 2.309942075247391480e-01
1.819999999999999929e+01 2.288621824739326405e-01
1.825000000000000000e+01 2.268174339494439806e-01
1.830000000000000071e+01 2.248599704783639242e-01
1.835000000000000142e+01 2.229897636175742215e-01
1.840000000000000213e+01 2.212067481430792792e-01
1.844999999999999929e+01 2.195108223412854387e-01
1.850000000000000000e+01 2.179018481575575872e-01
1.855000000000000071e+01 2.163796513894303275e-01
1.860000000000000142e+01 2.149440221180415889e-01
1.865000000000000213e+01 2.135947149638316445e-01
1.869999999999999929e+01 2.123314493336218023e-01
1.875000000000000000e+01 2.111539095969267588e-01
1.880000000000000071e+01 2.100617458250981784e-01
1.885000000000000142e+01 2.090545739782966872e-01
1.890000000000000213e+01 2.081319762358783687e-01
1.894999999999999929e+01 2.072935011561601315e-01
1.900000000000000000e+01 2.065386646238611679e-01
1.905000000000000071e+01 2.058669501591921525e-01
1.910000000000000142e+01 2.052778091684437367e-01
1.915000000000000213e+01 2.047706612453830122e-01
1.920000000000000284e+01 2.043448949979237428e-01
1.925000000000000000e+01 2.039998687606484618e-01
1.930000000000000071e+01 2.037349107122788938e-01
1.935000000000000142e+01 2.035493193285127234e-01
1.940000000000000213e+01 2.034423639593961886e-01
1.945000000000000284e+01 2.034132859399738757e-01
1.950000000000000000e+01 2.034612987112480176e-01
1.955000000000000071e+01 2.035855882638674674e-01
1.960000000000000142e+01 2.037853137238169743e-01
1.965000000000000213e+01 2.040596085236183188e-01
1.970000000000000284e+01 2.044075806436404519e-01
1.975000000000000000e+01 2.048283129868296304e-01
1.980000000000000071e+01 2.053208640865366030e-01
1.985000000000000142e+01 2.058842693761966935e-01
1.990000000000000213e+01 2.065175413903612145e-01
1.995000000000000284e+01 2.072196701875883562e-01
2.000000000000000000e+01 2.079896238025851773e-01
2.005000000000000071e+01 2.088263500115732918e-01
2.010000000000000142e+01 2.097287764868133730e-01
2.015000000000000213e+01 2.106958113402855881e-01
2.020000000000000284e+01 2.117263430517671852e-01
2.025000000000000000e+01 2.128192421375393328e-01
2.030000000000000071e+01 2.139733623405717933e-01
2.035000000000000142e+01 2.151875406333553231e-01
2.040000000000000213e+01 2.164605979818878256e-01
2.045000000000000284e+01 2.177913389493847385e-01
2.050000000000000000e+01 2.191785537763658032e-01
2.055000000000000071e+01 2.206210196041189509e-01
2.060000000000000142e+01 2.221175004747000803e-01
2.065000000000000213e+01 2.236667478371880957e-01
2.070000000000000284e+01 2.252675007301713772e-01
2.075000000000000000e+01 2.269184865552474895e-01
2.080000000000000071e+01 2.286184234758593670e-01
2.085000000000000142e+01 2.303660204764601538e-01
2.090000000000000213e+01 2.321599774084391887e-01
2.095000000000000284e+01 2.339989860364408703e-01
2.100000000000000000e+01 2.358817291056348187e-01
2.105000000000000071e+01 2.378068832188945936e-01
2.110000000000000142e+01 2.397731198308305500e-01
2.115000000000000213e+01 2.417791052477901159e-01
2.120000000000000284e+01 2.438235008319744601e-01
2.125000000000000000e+01 2.459049638195662801e-01
2.130000000000000071e+01 2.480221467368201038e-01
2.135000000000000142e+01 2.501737005289991211e-01
2.140000000000000213e+01 2.523582749778529033e-01
2.145000000000000284e+01 2.545745187016172917e-01
2.150000000000000000e+01 2.568210795001810709e-01
2.155000000000000071e+01 2.590966047809412087e-01
2.160000000000000142e+01 2.613997416587577338e-01
2.165000000000000213e+01 2.637291397212514488e-01
2.170000000000000284e+01 2.660834511957101967e-01
2.175000000000000000e+01 2.684613309490884170e-01
2.180000000000000071e+01 2.708614369722689430e-01
2.185000000000000142e+01 2.732824303511192654e-01
2.190000000000000213e+01 2.757229761894193221e-01
2.195000000000000284e+01 2.781817457268095373e-01
2.200000000000000000e+01 2.806574163754519402e-01
2.205000000000000071e+01 2.831486717207470916e-01
2.210000000000000142e+01 2.856542021640949836e-01
2.215000000000000213e+01 2.881727043930746301e-01
2.220000000000000284e+01 2.907028832343333535e-01
2.225000000000000000e+01 2.932434529022589498e-01
2.230000000000000071e+01 2.957931369989807435e-01
2.235000000000000142e+01 2.983506685687545290e-01
2.240000000000000213e+01 3.009147906587507637e-01
2.245000000000000284e+01 3.034842558111890964e-01
2.250000000000000000e+01 3.060578283099731900e-01
2.255000000000000071e+01 3.086342847016734225e-01
2.260000000000000142e+01 3.112124137955257774e-01
2.265000000000000213e+01 3.137910168312029735e-01
2.270000000000000284e+01 3.163689076742045581e-01
2.275000000000000000e+01 3.189449129736988686e-01
2.280000000000000071e+01 3.215178740351336550e-01
2.285000000000000142e+01 3.240866469513276060e-01
2.290000000000000213e+01 3.266501026024711818e-01
2.295000000000000284e+01 3.292071269527736543e-01
2.300000000000000000e+01 3.317566208095314995e-01
2.305000000000000071e+01 3.342975008655887370e-01
2.310000000000000142e+01 3.368287007697280400e-01
2.315000000000000213e+01 3.393491711305673952e-01
2.320000000000000284e+01 3.418578795429539907e-01
2.325000000000000000e+01 3.443538108553593768e-01
2.330000000000000071e+01 3.468359668722234002e-01
2.335000000000000142e+01 3.493033678351252780e-01
2.340000000000000213e+01 3.517550527685604500e-01
2.345000000000000284e+01 3.541900794799397456e-01
2.350000000000000000e+01 3.566075246524067488e-01
2.355000000000000071e+01 3.590064838223879229e-01
2.360000000000000142e+01 3.613860716640802107e-01
2.365000000000000213e+01 3.637454230598805571e-01
2.370000000000000284e+01 3.660836931543870465e-01
2.375000000000000000e+01 3.684000573547552282e-01
2.380000000000000071e+01 3.706937114540432843e-01
2.385000000000000142e+01 3.729638714014117395e-01
2.390000000000000213e+01 3.752097741418902732e-01
2.395000000000000284e+01 3.774306780272791428e-01
2.400000000000000000e+01 3.796258628161492399e-01
2.405000000000000071e+01 3.817946296962447250e-01
2.410000000000000142e+01 3.839363012367043582e-01
2.415000000000000213e+01 3.860502214888000827e-01
2.420000000000000284e+01 3.881357566736176601e-01
2.425000000000000000e+01 3.901922952425412872e-01
2.430000000000000071e+01 3.922192478772613677e-01
2.435000000000000142e+01 3.942160474834153772e-01
2.440000000000000213e+01 3.961821490610604735e-01
2.445000000000000284e+01 3.981170301743049422e-01
2.450000000000000000e+01 4.000201911392056719e-01
2.455000000000000071e+01 4.018911550237685426e-01
2.460000000000000142e+01 4.037294676324604814e-01
2.465000000000000213e+01 4.055346973661671517e-01
2.470000000000000284e+01 4.073064354339906434e-01
2.475000000000000000e+01 4.090442960390201499e-01
2.480000000000000071e+01 4.107479163816101786e-01
2.485000000000000142e+01 4.124169566436720058e-01
2.490000000000000213e+01 4.140510998419529853e-01
2.495000000000000284e+01 4.156500519307029795e-01
2.500000000000000000e+01 4.172135418754249203e-01
2.505000000000000071e+01 4.187413216492705259e-01
2.510000000000000142e+01 4.202331662107655630e-01
2.515000000000000213e+01 4.216888733406338741e-01
2.520000000000000284e+01 4.231082637028026894e-01
2.525000000000000000e+01 4.244911807833895434e-01
2.530000000000000071e+01 4.258374908756500932e-01
2.535000000000000142e+01 4.271470830541786445e-01
2.540000000000000213e+01 4.284198689777509728e-01
2.545000000000000284e+01 4.296557829283939034e-01
2.550000000000000000e+01 4.308547816279244547e-01
2.555000000000000071e+01 4.320168442056805391e-01
2.560000000000000142e+01 4.331419721523891431e-01
2.565000000000000213e+01 4.342301891256524216e-01
2.570000000000000284e+01 4.352815409053616413e-01
2.575000000000000000e+01 4.362960951516199337e-01
2.580000000000000071e+01 4.372739413813613307e-01
2.585000000000000142e+01 4.382151908018879771e-01
2.590000000000000213e+01 4.391199762780731430e-01
2.595000000000000284e+01 4.399884519734783561e-01
2.600000000000000000e+01 4.408207932337760981e-01
2.605000000000000071e+01 4.416171965249101605e-01
2.610000000000000142e+01 4.423778792423613271e-01
2.615000000000000213e+01 4.431030796105769887e-01
2.620000000000000284e+01 4.437930562002680990e-01
2.625000000000000000e+01 4.444480878951032055e-01
2.630000000000000071e+01 4.450684737710067229e-01
2.635000000000000142e+01 4.456545329135321865e-01
2.640000000000000213e+01 4.462066041912217118e-01
2.645000000000000284e+01 4.467250457431481969e-01
2.650000000000000000e+01 4.472102349648169328e-01
2.655000000000000071e+01 4.476625683323490756e-01
2.660000000000000142e+01 4.480824612565648124e-01
2.665000000000000213e+01 4.484703476857271331e-01
2.670000000000000284e+01 4.488266796217144639e-01
2.675000000000000000e+01 4.491519271148441406e-01
2.680000000000000071e+01 4.494465780015640677e-01
2.685000000000000142e+01 4.497111378446767560e-01
2.690000000000000213e+01 4.499461292618244235e-01
2.695000000000000284e+01 4.501520915992135441e-01
2.700000000000000000e+01 4.503295808939395961e-01
2.705000000000000071e+01 4.504791695794152506e-01
2.710000000000000142e+01 4.506014463220494037e-01
2.715000000000000213e+01 4.506970152262398388e-01
2.720000000000000284e+01 4.507664957228693092e-01
2.725000000000000000e+01 4.508105223965848118e-01
2.730000000000000071e+01 4.508297447863440222e-01
2.735000000000000142e+01 4.508248267519134322e-01
2.740000000000000213e+01 4.507964460342940849e-01
2.745000000000000284e+01 4.507452941764705789e-01
2.750000000000000000e+01 4.506720762637616562e-01
2.755000000000000071e+01 4.505775104233069595e-01
2.760000000000000142e+01 4.504623272382423105e-01
2.765000000000000213e+01 4.503272696185088297e-01
2.770000000000000284e+01 4.501730926193533433e-01
2.775000000000000000e+01 4.500005628930254797e-01
2.780000000000000071e+01 4.498104579961538230e-01
2.785000000000000142e+01 4.496035663075919064e-01
2.790000000000000213e+01 4.493806867567921581e-01
2.795000000000000284e+01 4.491426285583955402e-01
2.800000000000000000e+01 4.488902101757711316e-01
2.805000000000000071e+01 4.486242592204269242e-01
2.810000000000000142e+01 4.483456121620097434e-01
2.815000000000000213e+01 4.480551142967555411e-01
2.820000000000000284e+01 4.477536187674991397e-01
2.825000000000000000e+01 4.474419859519783160e-01
2.830000000000000071e+01 4.471210834299108039e-01
2.835000000000000142e+01 4.467917855749343192e-01
2.840000000000000213e+01 4.464549735997627167e-01
2.845000000000000284e+01 4.461115341801415446e-01
2.850000000000000000e+01 4.457623591550272657e-01
2.855000000000000071e+01 4.454083454555194388e-01
2.860000000000000142e+01 4.450503946837875424e-01
2.865000000000000213e+01 4.446894131225527236e-01
2.870000000000000284e+01 4.443263102264520814e-01
2.875000000000000000e+01 4.439619984021143106e-01
2.880000000000000071e+01 4.435973929420327089e-01
2.885000000000000142e+01 4.432334115538830721e-01
2.890000000000000213e+01 4.428709744882661781e-01
2.895000000000000284e+01 4.425110028975491883e-01
2.900000000000000000e+01 4.421544185565292606e-01
2.905000000000000071e+01 4.418021438421693703e-01
2.910000000000000142e+01 4.414551011911399536e-01
2.915000000000000213e+01 4.411142134326947462e-01
2.920000000000000284e+01 4.407804021477261247e-01
2.925000000000000000e+01 4.404545871147582670e-01
2.930000000000000071e+01 4.401376863099473180e-01
2.935000000000000142e+01 4.398306155429647646e-01
2.940000000000000213e+01 4.395342884714367737e-01
2.945000000000000284e+01 4.392496157710907845e-01
2.950000000000000000e+01 4.389775038442071398e-01
2.955000000000000071e+01 4.387188548071186966e-01
2.960000000000000142e+01 4.384745663985526454e-01
2.965000000000000213e+01 4.382455314955678305e-01
2.970000000000000284e+01 4.380326383201189056e-01
2.975000000000000000e+01 4.378367686096426570e-01
2.980000000000000071e+01 4.376587973436555923e-01
2.985000000000000142e+01 4.374995927437542176e-01
2.990000000000000213e+01 4.373600159108054775e-01
2.995000000000000284e+01 4.372409208805041470e-01
3.000000000000000000e+01 4.371431535255465017e-01
3.005000000000000071e+01 4.370675506196836091e-01
3.010000000000000142e+01 4.370149398365915649e-01
3.015000000000000213e+01 4.369861396083665195e-01
3.020000000000000284e+01 4.369819588992501225e-01
3.025000000000000000e+01 4.370031965765461268e-01
3.030000000000000071e+01 4.370506403632036241e-01
3.035000000000000142e+01 4.371250668007216067e-01
3.040000000000000213e+01 4.372272410898261352e-01
3.045000000000000284e+01 4.373579169228481445e-01
3.050000000000000000e+01 4.375178355938485475e-01
3.055000000000000071e+01 4.377077254314028498e-01
3.060000000000000142e+01 4.379283017310806603e-01
3.065000000000000213e+01 4.381802665960274346e-01
3.070000000000000284e+01 4.384643085730827172e-01
3.075000000000000000e+01 4.387811016733119129e-01
3.080000000000000071e+01 4.391313053019859636e-01
3.085000000000000142e+01 4.395155640631416283e-01
3.090000000000000213e+01 4.399345077944657456e-01
3.095000000000000284e+01 4.403887506106192729e-01
3.100000000000000000e+01 4.408788904828118138e-01
3.105000000000000071e+01 4.414055092036239247e-01
3.110000000000000142e+01 4.419691722428172320e-01
3.115000000000000213e+01 4.425704286099590989e-01
3.120000000000000284e+01 4.432098098929217467e-01
3.125000000000000000e+01 4.438878301413321514e-01
3.130000000000000071e+01 4.446049857957106721e-01
3.135000000000000142e+01 4.453617556617200379e-01
3.140000000000000213e+01 4.461586004998179811e-01
3.145000000000000284e+01 4.469959623457359088e-01
3.150000000000000000e+01 4.478742644876842482e-01
3.155000000000000071e+01 4.487939113866118435e-01
3.160000000000000142e+01 4.497552887286749290e-01
3.165000000000000213e+01 4.507587628537332303e-01
3.170000000000000284e+01 4.518046803672546297e-01
3.175000000000000000e+01 4.528933681376215437e-01
3.180000000000000071e+01 4.540251332512404980e-01
3.185000000000000142e+01 4.552002630538193317e-01
3.190000000000000213e+01 4.564190245818601221e-01
3.195000000000000284e+01 4.576816643980087806e-01
3.200000000000000000e+01 4.589884085869888053e-01
3.205000000000000426e+01 4.603394627928514282e-01
3.210000000000000142e+01 4.617350121332284840e-01
3.214999999999999858e+01 4.631752208193485876e-01
3.220000000000000284e+01 4.646602321150499759e-01
3.225000000000000000e+01 4.661901683527294726e-01
3.230000000000000426e+01 4.677651310187137534e-01
3.235000000000000142e+01 4.693852005546147454e-01
3.239999999999999858e+01 4.710504362434306813e-01
3.245000000000000284e+01 4.727608762134300480e-01
3.250000000000000000e+01 4.745165375366732219e-01
3.255000000000000426e+01 4.763174161937118734e-01
3.260000000000000142e+01 4.781634870182000507e-01
3.264999999999999858e+01 4.800547037090322489e-01
3.270000000000000284e+01 4.819909989255766192e-01
3.275000000000000000e+01 4.839722843150595089e-01
3.280000000000000426e+01 4.859984505650193909e-01
3.285000000000000142e+01 4.880693674400276016e-01
3.289999999999999858e+01 4.901848838889760196e-01
3.295000000000000284e+01 4.923448281167007723e-01
3.300000000000000000e+01 4.945490077496741410e-01
3.305000000000000426e+01 4.967972098647624457e-01
3.310000000000000142e+01 4.990892011567341080e-01
3.314999999999999858e+01 5.014247279889469944e-01
3.320000000000000284e+01 5.038035167197039144e-01
3.325000000000000000e+01 5.062252737633597954e-01
3.330000000000000426e+01 5.086896857181660847e-01
3.335000000000000142e+01 5.111964195100141550e-01
3.339999999999999858e+01 5.137451226689626615e-01
3.345000000000000284e+01 5.163354236421768828e-01
3.350000000000000000e+01 5.189669318224461314e-01
3.355000000000000426e+01 5.216392378198317914e-01
3.360000000000000142e+01 5.243519135009877541e-01
3.364999999999999858e+01 5.271045126332720709e-01
3.370000000000000284e+01 5.298965710035952181e-01
3.375000000000000000e+01 5.327276065287283036e-01
3.380000000000000426e+01 5.355971195127392503e-01
3.385000000000000142e+01 5.385045928871222687e-01
3.389999999999999858e+01 5.414494929026902881e-01
3.395000000000000284e+01 5.444312691628611089e-01
3.400000000000000000e+01 5.474493548586243374e-01
3.405000000000000426e+01 5.505031669084902157e-01
3.410000000000000142e+01 5.535921065572461108e-01
3.414999999999999858e+01 5.567155599284107081e-01
3.420000000000000284e+01 5.598728980385527798e-01
3.425000000000000000e+01 5.630634771543698847e-01
3.430000000000000426e+01 5.662866388386151861e-01
3.435000000000000142e+01 5.695417109205632711e-01
3.439999999999999858e+01 5.728280077836485074e-01
3.445000000000000284e+01 5.761448304510765617e-01
3.450000000000000000e+01 5.794914669176045585e-01
3.455000000000000426e+01 5.828671924691368744e-01
3.460000000000000142e+01 5.862712706379652472e-01
3.464999999999999858e+01 5.897029532779894945e-01
3.470000000000000284e+01 5.931614808380214487e-01
3.475000000000000000e+01 5.966460825222942299e-01
3.480000000000000426e+01 6.001559772233471257e-01
3.485000000000000142e+01 6.036903739629285726e-01
3.489999999999999858e+01 6.072484719978772372e-01
3.495000000000000284e+01 6.108294611083331382e-01
3.500000000000000000e+01 6.144325221908047974e-01
3.505000000000000426e+01 6.180568280449701968e-01
3.510000000000000142e+01 6.217015434586528055e-01
3.514999999999999858e+01 6.253658254896958812e-01
3.520000000000000284e+01 6.290488239720015695e-01
3.525000000000000000e+01 6.327496823704259477e-01
3.530000000000000426e+01 6.364675379109967501e-01
3.535000000000000142e+01 6.402015218294171417e-01
3.539999999999999858e+01 6.439507599112750391e-01
3.545000000000000284e+01 6.477143733464828523e-01
3.550000000000000000e+01 6.514914788577856886e-01
3.555000000000000426e+01 6.552811889379742682e-01
3.560000000000000142e+01 6.590826123890400901e-01
3.564999999999999858e+01 6.628948552320466092e-01
3.570000000000000284e+01 6.667170208122965569e-01
3.575000000000000000e+01 6.705482100595560047e-01
3.580000000000000426e+01 6.743875218943468086e-01
3.585000000000000142e+01 6.782340542660483251e-01
3.589999999999999858e+01 6.820869042709805097e-01
3.595000000000000284e+01 6.859451684277537709e-01
3.600000000000000000e+01 6.898079428887526898e-01
3.605000000000000426e+01 6.936743245840703009e-01
3.610000000000000142e+01 6.975434114352423443e-01
3.614999999999999858e+01 7.014143025845400725e-01
3.620000000000000284e+01 7.052860985187949794e-01
3.625000000000000000e+01 7.091579020998134419e-01
3.630000000000000426e+01 7.130288190267917159e-01
3.635000000000000142e+01 7.168979579498728771e-01
3.639999999999999858e+01 7.207644306742663209e-01
3.645000000000000284e+01 7.246273528438231804e-01
3.650000000000000000e+01 7.284858447064519460e-01
3.655000000000000426e+01 7.323390312006277103e-01
3.660000000000000142e+01 7.361860421740562543e-01
3.664999999999999858e+01 7.400260126867070909e-01
3.670000000000000284e+01 7.438580841164030844e-01
3.675000000000000000e+01 7.476814042549466688e-01
3.680000000000000426e+01 7.514951275732861813e-01
3.685000000000000142e+01 7.552984151416053393e-01
3.689999999999999858e+01 7.590904356086317639e-01
3.695000000000000284e+01 7.628703658848132729e-01
3.700000000000000000e+01 7.666373911438704170e-01
3.705000000000000426e+01 7.703907051810552353e-01
3.710000000000000142e+01 7.741295101357134056e-01
3.714999999999999858e+01 7.778530176480679126e-01
3.720000000000000284e+01 7.815604495101672322e-01
3.725000000000000000e+01 7.852510376658836666e-01
3.730000000000000426e+01 7.889240244248734157e-01
3.735000000000000142e+01 7.925786625018340636e-01
3.739999999999999858e+01 7.962142152702658127e-01
3.745000000000000284e+01 7.998299581090202448e-01
3.750000000000000000e+01 8.034251784507449035e-01
3.755000000000000426e+01 8.069991757818868461e-01
3.760000000000000142e+01 8.105512620390298295e-01
3.764999999999999858e+01 8.140807612121696568e-01
3.770000000000000284e+01 8.175870101598643469e-01
3.775000000000000000e+01 8.210693596675500139e-01
3.780000000000000426e+01 8.245271744493730681e-01
3.785000000000000142e+01 8.279598331481871076e-01
3.789999999999999858e+01 8.313667286043171512e-01
3.795000000000000284e+01 8.347472677837046717e-01
3.800000000000000000e+01 8.381008718423546000e-01
3.805000000000000426e+01 8.414269776113461052e-01
3.810000000000000142e+01 8.447250376458619314e-01
3.814999999999999858e+01 8.479945202251922831e-01
3.820000000000000284e+01 8.512349093678559520e-01
3.825000000000000000e+01 8.544457053111493838e-01
3.830000000000000426e+01 8.576264237308347527e-01
3.835000000000000142e+01 8.607765970803432642e-01
3.840000000000000568e+01 8.638957751882733183e-01
3.845000000000000284e+01 8.669835252583864005e-01
3.850000000000000000e+01 8.700394318696107465e-01
3.855000000000000426e+01 8.730630970444417382e-01
3.860000000000000142e+01 8.760541405251147662e-01
3.865000000000000568e+01 8.790121992733985756e-01
3.870000000000000284e+01 8.819369288501561766e-01
3.875000000000000000e+01 8.848280036435354212e-01
3.880000000000000426e+01 8.876851168689676719e-01
3.885000000000000142e+01 8.905079805691671346e-01
3.890000000000000568e+01 8.932963257475201591e-01
3.895000000000000284e+01 8.960499023390728901e-01
3.900000000000000000e+01 8.987684793296912833e-01
3.905000000000000426e+01 9.014518457269182772e-01
3.910000000000000142e+01 9.040998105992981149e-01
3.915000000000000568e+01 9.067122030763797857e-01
3.920000000000000284e+01 9.092888723556757924e-01
3.925000000000000000e+01 9.118296878014753304e-01
3.930000000000000426e+01 9.143345389664370160e-01
3.935000000000000142e+01 9.168033362683285503e-01
3.940000000000000568e+01 9.192360111407420487e-01
3.945000000000000284e+01 9.216325160330915978e-01
3.950000000000000000e+01 9.239928244916150168e-01
3.955000000000000426e+01 9.263169311198846678e-01
3.960000000000000142e+01 9.286048518846933275e-01
3.965000000000000568e+01 9.308566245639027237e-01
3.970000000000000284e+01 9.330723087531647142e-01
3.975000000000000000e+01 9.352519858839695166e-01
3.980000000000000426e+01 9.373957592947228523e-01
3.985000000000000142e+01 9.395037542475850323e-01
3.990000000000000568e+01 9.415761184567696951e-01
3.995000000000000284e+01 9.436130221598391099e-01
4.000000000000000000e+01 9.456146581233584314e-01
4.005000000000000426e+01 9.475812417745046456e-01
4.010000000000000142e+01 9.495130109940614904e-01
4.015000000000000568e+01 9.514102266680957154e-01
4.020000000000000284e+01 9.532731728807662952e-01
4.025000000000000000e+01 9.551021569143256507e-01
4.030000000000000426e+01 9.568975092797271653e-01
4.035000000000000142e+01 9.586595837883735705e-01
4.040000000000000568e+01 9.603887574273419769e-01
4.045000000000000284e+01 9.620854309584490061e-01
4.050000000000000000e+01 9.637500289962486200e-01
4.055000000000000426e+01 9.653830000080321216e-01
4.060000000000000142e+01 9.669848163411758346e-01
4.065000000000000568e+01 9.685559742948400830e-01
4.070000000000000284e+01 9.700969939849670709e-01
4.075000000000000000e+01 9.716084199221100004e-01
4.080000000000000426e+01 9.730908210919730905e-01
4.085000000000000142e+01 9.745447909554103560e-01
4.090000000000000568e+01 9.759709474600524182e-01
4.095000000000000284e+01 9.773699331463788775e-01
4.100000000000000000e+01 9.787424149559214026e-01
4.105000000000000426e+01 9.800890847660942429e-01
4.110000000000000142e+01 9.814106595223577312e-01
4.115000000000000568e+01 9.827078812382192829e-01
4.120000000000000284e+01 9.839815169964427621e-01
4.125000000000000000e+01 9.852323590656051344e-01
4.130000000000000426e+01 9.864612247174640025e-01
4.135000000000000142e+01 9.876689566470543413e-01
4.140000000000000568e+01 9.888564231915941694e-01
4.145000000000000284e+01 9.900245183304828833e-01
4.150000000000000000e+01 9.911741616853022574e-01
4.155000000000000426e+01 9.923062986144464137e-01
4.160000000000000142e+01 9.934219001108417491e-01
4.165000000000000568e+01 9.945219630785603337e-01
4.170000000000000284e+01 9.956075106332987756e-01
4.175000000000000000e+01 9.966795921030464633e-01
4.180000000000000426e+01 9.977392830280851221e-01
4.185000000000000142e+01 9.987876852491985868e-01
4.190000000000000568e+01 9.998259268519713583e-01
4.195000000000000284e+01 1.000855162413428978e+00
4.200000000000000000e+01 1.001876573302268092e+00
4.205000000000000426e+01 1.002891367680293744e+00
4.210000000000000142e+01 1.003900780504152213e+00
4.215000000000000568e+01 1.004906073649193488e+00
4.220000000000000284e+01 1.005908535826786743e+00
4.225000000000000000e+01 1.006909482975064885e+00
4.230000000000000426e+01 1.007910258433738715e+00
4.235000000000000142e+01 1.008912232944096488e+00
4.240000000000000568e+01 1.009916804712318150e+00
4.245000000000000284e+01 1.010925399486963805e+00
4.250000000000000000e+01 1.011939470559281462e+00
4.255000000000000426e+01 1.012960499291671201e+00
4.260000000000000142e+01 1.013989995151399093e+00
4.265000000000000568e+01 1.015029495710599416e+00
4.270000000000000284e+01 1.016080566800370288e+00
4.275000000000000000e+01 1.017144802487244259e+00
4.280000000000000426e+01 1.018223825292341456e+00
4.285000000000000142e+01 1.019319286705184124e+00
4.290000000000000568e+01 1.020432867189422277e+00
4.295000000000000284e+01 1.021566276182831690e+00
4.300000000000000000e+01 1.022721252345918375e+00
4.305000000000000426e+01 1.023899563471143637e+00
4.310000000000000142e+01 1.025103006885494050e+00
4.315000000000000568e+01 1.026333409979560685e+00
4.320000000000000284e+01 1.027592630208217450e+00
4.325000000000000000e+01 1.028882555092999862e+00
4.330000000000000426e+01 1.030205102608761969e+00
4.335000000000000142e+01 1.031562220972583654e+00
4.340000000000000568e+01 1.032955889364228774e+00
4.345000000000000284e+01 1.034388118401038614e+00
4.350000000000000000e+01 1.035860950137933667e+00
4.355000000000000426e+01 1.037376458118635325e+00
4.360000000000000142e+01 1.038936747891594958e+00
4.365000000000000568e+01 1.040543956727309372e+00
4.370000000000000284e+01 1.042200254800772719e+00
4.375000000000000000e+01 1.043907845454892680e+00
4.380000000000000426e+01 1.045668965200491130e+00
4.385000000000000142e+01 1.047485884019130564e+00
4.390000000000000568e+01 1.049360905656308240e+00
4.395000000000000284e+01 1.051296367958962197e+00
4.400000000000000000e+01 1.053294644090678522e+00
4.405000000000000426e+01 1.055358142563349588e+00
4.410000000000000142e+01 1.057489307323612238e+00
4.415000000000000568e+01 1.059690618509136151e+00
4.420000000000000284e+01 1.061964592211227520e+00
4.425000000000000000e+01 1.064313782271595343e+00
4.430000000000000426e+01 1.066740780626124874e+00
4.435000000000000142e+01 1.069248217313371274e+00
4.440000000000000568e+01 1.071838761326436185e+00
4.445000000000000284e+01 1.074515120428670922e+00
4.450000000000000000e+01 1.077280042986488606e+00
4.455000000000000426e+01 1.080136318910491333e+00
4.460000000000000142e+01 1.083086779655469734e+00
4.465000000000000568e+01 1.086134299015964810e+00
4.470000000000000284e+01 1.089281793324239356e+00
4.475000000000000000e+01 1.092532223128192426e+00
4.480000000000000426e+01 1.095888594835242813e+00
4.485000000000000142e+01 1.099353960714436695e+00
4.490000000000000568e+01 1.102931419760222909e+00
4.495000000000000284e+01 1.106624118119610145e+00
4.500000000000000000e+01 1.110435250996496759e+00
4.505000000000000426e+01 1.114368064821607884e+00
4.510000000000000142e+01 1.118425857262378198e+00
4.515000000000000568e+01 1.122611978371081287e+00
4.520000000000000284e+01 1.126929830980825775e+00
4.525000000000000000e+01 1.131382873447772219e+00
4.530000000000000426e+01 1.135974622015463620e+00
4.535000000000000142e+01 1.140708650833562654e+00
4.540000000000000568e+01 1.145588593681508005e+00
4.545000000000000284e+01 1.150618144043430213e+00
4.550000000000000000e+01 1.155801059480756621e+00
4.555000000000000426e+01 1.161141163628544248e+00
4.560000000000000142e+01 1.166642346387758433e+00
4.565000000000000568e+01 1.172308566183297929e+00
4.570000000000000284e+01 1.178143850293604133e+00
4.575000000000000000e+01 1.184152300876696762e+00
4.580000000000000426e+01 1.190338096170032500e+00
4.585000000000000142e+01 1.196705491303536206e+00
4.590000000000000568e+01 1.203258820549472752e+00
4.595000000000000284e+01 1.210002499692041100e+00
4.600000000000000000e+01 1.216941032393192845e+00
4.605000000000000426e+01 1.224079010555568336e+00
4.610000000000000142e+01 1.231421116807590810e+00
4.615000000000000568e+01 1.238972125500766186e+00
4.620000000000000284e+01 1.246736909911558167e+00
4.625000000000000000e+01 1.254720446246035070e+00
4.630000000000000426e+01 1.262927814335104149e+00
4.635000000000000142e+01 1.271364201124823623e+00
4.640000000000000568e+01 1.280034903462240248e+00
4.645000000000000284e+01 1.288945337821203019e+00
4.650000000000000000e+01 1.298101041272251122e+00
4.655000000000000426e+01 1.307507675004446757e+00
4.660000000000000142e+01 1.317171026062285089e+00
4.665000000000000568e+01 1.327097018299918441e+00
4.670000000000000284e+01 1.337291717251004375e+00
4.675000000000000000e+01 1.347761331938714724e+00
4.680000000000000426e+01 1.358512219106755126e+00
4.685000000000000142e+01 1.369550890933311393e+00
4.690000000000000568e+01 1.380884026008631027e+00
4.695000000000000284e+01 1.392518470558375743e+00
4.700000000000000000e+01 1.404461244014808319e+00
4.705000000000000426e+01 1.416719544735469016e+00
4.710000000000000142e+01 1.429300765838398490e+00
4.715000000000000568e+01 1.442212497345299216e+00
4.720000000000000284e+01 1.455462532437052037e+00
4.725000000000000000e+01 1.469058872732959209e+00
4.730000000000000426e+01 1.483009747704968850e+00
4.735000000000000142e+01 1.497323618634060605e+00
4.740000000000000568e+01 1.512009185443246251e+00
4.745000000000000284e+01 1.527075392873208148e+00
4.750000000000000000e+01 1.542531453084673654e+00
4.755000000000000426e+01 1.558386851317018262e+00
4.760000000000000142e+01 1.574651353710231128e+00
4.765000000000000568e+01 1.591335015569346867e+00
4.770000000000000284e+01 1.608448207558628384e+00
4.775000000000000000e+01 1.626001622119681800e+00
4.780000000000000426e+01 1.644006282856922629e+00
4.785000000000000142e+01 1.662473557109082956e+00
4.790000000000000568e+01 1.681415185273742896e+00
4.795000000000000284e+01 1.700843287228829714e+00
4.800000000000000000e+01 1.720770373794768604e+00
4.805000000000000426e+01 1.741209367850640621e+00
4.810000000000000142e+01 1.762173633244508597e+00
4.815000000000000568e+01 1.783676982548795698e+00
4.820000000000000284e+01 1.805733691272007224e+00
4.825000000000000000e+01 1.828358532457170282e+00
4.830000000000000426e+01 1.851566798653957235e+00
4.835000000000000142e+01 1.875374314842825685e+00
4.840000000000000568e+01 1.899797459824928092e+00
4.845000000000000284e+01 1.924853211752628690e+00
4.850000000000000000e+01 1.950559161435409194e+00
4.855000000000000426e+01 1.976933531750860285e+00
4.860000000000000142e+01 2.003995221651412084e+00
4.865000000000000568e+01 2.031763840106421526e+00
4.870000000000000284e+01 2.060259723879393157e+00
4.875000000000000000e+01 2.089503972095361206e+00
4.880000000000000426e+01 2.119518503761647299e+00
4.885000000000000142e+01 2.150326077647505052e+00
4.890000000000000568e+01 2.181950322692631339e+00
4.895000000000000284e+01 2.214415806983633050e+00
4.900000000000000000e+01 2.247748069490299372e+00
4.905000000000000426e+01 2.281973651216821608e+00
4.910000000000000142e+01 2.317120166469622156e+00
4.915000000000000568e+01 2.353216354028623059e+00
4.920000000000000284e+01 2.390292109473493909e+00
4.925000000000000000e+01 2.428378560219605298e+00
4.930000000000000426e+01 2.467508135522594070e+00
4.935000000000000142e+01 2.507714602864035136e+00
4.940000000000000568e+01 2.549033150631981659e+00
4.945000000000000284e+01 2.591500474595281656e+00
4.950000000000000000e+01 2.635154821053548257e+00
4.955000000000000426e+01 2.680036083526227575e+00
4.960000000000000142e+01 2.726185902254596449e+00
4.965000000000000568e+01 2.773647717006873403e+00
4.970000000000000284e+01 2.822466886069396441e+00
4.975000000000000000e+01 2.872690793732341152e+00
4.980000000000000426e+01 2.924368918086360125e+00
4.985000000000000142e+01 2.977552980426751539e+00
4.990000000000000568e+01 3.032297054538333203e+00
4.995000000000000284e+01 3.088657660050810883e+00
5.000000000000000000e+01 3.146693945511734647e+00
5.005000000000000426e+01 3.206467795226007667e+00
5.010000000000000142e+01 3.268043967739016509e+00
5.015000000000000568e+01 3.331490301820295041e+00
5.020000000000000284e+01 3.396877825585996380e+00
5.025000000000000000e+01 3.464280971142053911e+00
5.030000000000000426e+01 3.533777766322099723e+00
5.035000000000000142e+01 3.605449990454960840e+00
5.040000000000000568e+01 3.679383454358391425e+00
5.045000000000000284e+01 3.755668168207796143e+00
5.050000000000000000e+01 3.834398606541346233e+00
5.055000000000000426e+01 3.915673984219778525e+00
5.060000000000000142e+01 3.999598471129057753e+00
5.065000000000000568e+01 4.086281561082025782e+00
5.070000000000000284e+01 4.175838306251801413e+00
5.075000000000000000e+01 4.268389695951407603e+00
5.080000000000000426e+01 4.364062998638567947e+00
5.085000000000000142e+01 4.462992101495213859e+00
5.090000000000000568e+01 4.565317980269375298e+00
5.095000000000000284e+01 4.671189034819821728e+00
5.100000000000000000e+01 4.780761641464971845e+00
5.105000000000000426e+01 4.894200546547693875e+00
5.110000000000000142e+01 5.011679460632902483e+00
5.115000000000000568e+01 5.133381562171890344e+00
5.120000000000000284e+01 5.259500109717917482e+00
5.125000000000000000e+01 5.390239086005977676e+00
5.130000000000000426e+01 5.525813833545613285e+00
5.135000000000000142e+01 5.666451843870773608e+00
5.140000000000000568e+01 5.812393445494479671e+00
5.145000000000000284e+01 5.963892730696814581e+00
5.150000000000000000e+01 6.121218331640379873e+00
5.155000000000000426e+01 6.284654482342771686e+00
5.160000000000000142e+01 6.454501911260843272e+00
5.165000000000000568e+01 6.631079048168206924e+00
5.170000000000000284e+01 6.814723056919098632e+00
5.175000000000000000e+01 7.005791201631716980e+00
5.180000000000000426e+01 7.204662044922215181e+00
5.185000000000000142e+01 7.411736987696532886e+00
5.190000000000000568e+01 7.627441664707822255e+00
5.195000000000000284e+01 7.852227663170355143e+00
5.200000000000000000e+01 8.086574164495253569e+00
5.205000000000000426e+01 8.330989830828242404e+00
5.210000000000000142e+01 8.586014751342133877e+00
5.215000000000000568e+01 8.852222486329498707e+00
5.220000000000000284e+01 9.130222357382240972e+00
5.225000000000000000e+01 9.420661666141299406e+00
5.230000000000000426e+01 9.724228317708469405e+00
5.235000000000000142e+01 1.004165327164824895e+01
5.240000000000000568e+01 1.037371342842996569e+01
5.245000000000000284e+01 1.072123439142340828e+01
5.250000000000000000e+01 1.108509349628929819e+01
5.255000000000000426e+01 1.146622293917258339e+01
5.260000000000000142e+01 1.186561284441463471e+01
5.265000000000000568e+01 1.228431463881966756e+01
5.270000000000000284e+01 1.272344413938108154e+01
5.275000000000000000e+01 1.318418485844642163e+01
5.280000000000000426e+01 1.366779103735674816e+01
5.285000000000000142e+01 1.417559048428317503e+01
5.290000000000000568e+01 1.470898717865277305e+01
5.295000000000000284e+01 1.526946320633180854e+01
5.300000000000000000e+01 1.585858016448042029e+01
5.305000000000000426e+01 1.647797945662014385e+01
5.310000000000000142e+01 1.712938138994513082e+01
5.315000000000000568e+01 1.781458245974973309e+01
5.320000000000000284e+01 1.853545039100400160e+01
5.325000000000000000e+01 1.929391624836302555e+01
5.330000000000000426e+01 2.009196266293970723e+01
5.335000000000000142e+01 2.093160712753190822e+01
5.340000000000000568e+01 2.181487899984933776e+01
5.345000000000000284e+01 2.274378841831296683e+01
5.350000000000000000e+01 2.372028490858355099e+01
5.355000000000000426e+01 2.474620290197830030e+01
5.360000000000000142e+01 2.582319063238598389e+01
5.365000000000000568e+01 2.695261792147812940e+01
5.370000000000000284e+01 2.813545726079254905e+01
5.375000000000000000e+01 2.937213112909381607e+01
5.380000000000000426e+01 3.066231648292286849e+01
5.385000000000000142e+01 3.200469529093800247e+01
5.390000000000000568e+01 3.339663687922335100e+01
5.395000000000000284e+01 3.483379425626144155e+01
5.400000000000000000e+01 3.630959236168316551e+01
5.405000000000000426e+01 3.781458018831623491e+01
5.410000000000000142e+01 3.933561247764681923e+01
5.415000000000000568e+01 4.085481837823812867e+01
5.420000000000000284e+01 4.234830507057528592e+01
5.425000000000000000e+01 4.378453331307608209e+01
5.430000000000000426e+01 4.512229028137626585e+01
5.435000000000000142e+01 4.630817266787735775e+01
5.440000000000000568e+01 4.727348262087366493e+01
5.445000000000000284e+01 4.793043291643400039e+01
5.450000000000000000e+01 4.816756144339889545e+01
5.455000000000000426e+01 4.784427731838847819e+01
5.460000000000000142e+01 4.678451508506008594e+01
5.465000000000000568e+01 4.476958124370558068e+01
5.470000000000000284e+01 4.153047039903302107e+01
5.475000000000000000e+01 3.674024845825802288e+01
5.480000000000000426e+01 3.000761653390355121e+01
5.485000000000000142e+01 2.087354691285305464e+01
5.490000000000000568e+01 8.814011062481617031e+00
5.495000000000000284e+01 -6.746630637082628112e+00
5.500000000000000000e+01 -2.640505307403989477e+01
5.505000000000000426e+01 -5.072250067750898950e+01
5.510000000000000142e+01 -8.013189056797112642e+01
5.515000000000000568e+01 -1.147977076095332762e+02
5.520000000000000284e+01 -1.544215900622395736e+02
5.525000000000000000e+01 -1.979977891227086388e+02
5.530000000000000426e+01 -2.435461634152959789e+02
5.535000000000000142e+01 -2.878889982088265356e+02
5.540000000000000568e+01 -3.265869688835351212e+02
5.545000000000000284e+01 -3.541867187105403332e+02
5.550000000000000000e+01 -3.649125390864993506e+02
5.555000000000000426e+01 -3.538059138896498439e+02
5.560000000000000142e+01 -3.180763126052820553e+02
5.565000000000000568e+01 -2.581859888629342095e+02
5.570000000000000284e+01 -1.781592686277104178e+02
5.575000000000000000e+01 -8.492181328939011564e+01
5.580000000000000426e+01 1.298483959389812981e+01
5.585000000000000142e+01 1.065420222202600087e+02
5.590000000000000568e+01 1.864066311432745522e+02
5.595000000000000284e+01 2.414538170223542011e+02
5.600000000000000000e+01 2.553433572343610649e+02
5.605000000000000426e+01 2.010716070057414129e+02
5.610000000000000142e+01 3.473386428180498342e+01
5.615000000000000568e+01 -3.055727016879095572e+02
5.620000000000000284e+01 -8.772351147332800565e+02
5.625000000000000000e+01 -1.649560169985945322e+03
5.630000000000000426e+01 -2.343072593268588207e+03
5.635000000000000142e+01 -2.376149461861894451e+03
5.640000000000000568e+01 -1.341044335233388665e+03
5.645000000000000284e+01 3.332904018838708566e+02
5.650000000000000000e+01 1.620479737043751811e+03
5.655000000000000426e+01 7.798305518621452848e+02
5.660000000000000142e+01 -6.931568832471727546e+03
5.665000000000000568e+01 -1.654306346714755637e+04
5.670000000000000284e+01 6.517789004543411465e+03
5.675000000000000000e+01 -4.700361502379633748e+04
5.680000000000000426e+01 4.039971322191169747e+04
