0.000000000000000000e+00 1.000000000000000000e+00
5.000000000000000278e-02 9.999422967694322484e-01
1.000000000000000056e-01 9.997692003968924324e-01
1.500000000000000222e-01 9.994807508398724227e-01
2.000000000000000111e-01 9.990770146941655439e-01
2.500000000000000000e-01 9.985580851938120617e-01
3.000000000000000444e-01 9.979240822109943787e-01
3.500000000000000333e-01 9.971751522556390190e-01
4.000000000000000222e-01 9.963114684749625471e-01
4.500000000000000111e-01 9.953332306527254980e-01
5.000000000000000000e-01 9.942406652076259954e-01
5.500000000000000444e-01 9.930340251914924199e-01
6.000000000000000888e-01 9.917135902870967135e-01
6.500000000000000222e-01 9.902796668040081407e-01
7.000000000000000666e-01 9.887325876737430574e-01
7.500000000000000000e-01 9.870727124451829093e-01
8.000000000000000444e-01 9.853004272762555527e-01
8.500000000000000888e-01 9.834161449233712604e-01
9.000000000000000222e-01 9.814203047333638352e-01
9.500000000000000666e-01 9.793133726296558983e-01
1.000000000000000000e+00 9.770958410917554016e-01
1.050000000000000044e+00 9.747682291424496492e-01
1.100000000000000089e+00 9.723310823283105586e-01
1.150000000000000133e+00 9.697849726829470551e-01
1.200000000000000178e+00 9.671304987082589566e-01
1.250000000000000000e+00 9.643682853486447160e-01
1.300000000000000044e+00 9.614989839346366196e-01
1.350000000000000089e+00 9.585232721514088672e-01
1.400000000000000133e+00 9.554418540055561460e-01
1.450000000000000178e+00 9.522554597582312264e-01
1.500000000000000000e+00 9.489648458574344581e-01
1.550000000000000044e+00 9.455707948971840970e-01
1.600000000000000089e+00 9.420741155645855347e-01
1.650000000000000133e+00 9.384756425043655481e-01
1.700000000000000178e+00 9.347762362732917607e-01
1.750000000000000000e+00 9.309767832761448592e-01
1.800000000000000044e+00 9.270781956455202977e-01
1.850000000000000089e+00 9.230814110850944498e-01
1.900000000000000133e+00 9.189873928146200521e-01
1.950000000000000178e+00 9.147971294937208286e-01
2.000000000000000000e+00 9.105116350068809261e-01
2.050000000000000266e+00 9.061319482951566417e-01
2.100000000000000089e+00 9.016591332789966051e-01
2.149999999999999911e+00 8.970942787733664492e-01
2.200000000000000178e+00 8.924384981954822660e-01
2.250000000000000000e+00 8.876929293229618434e-01
2.300000000000000266e+00 8.828587342280500572e-01
2.350000000000000089e+00 8.779370991303204752e-01
2.400000000000000355e+00 8.729292341855195980e-01
2.450000000000000178e+00 8.678363729898571632e-01
2.500000000000000000e+00 8.626597725521161220e-01
2.550000000000000266e+00 8.574007130245792085e-01
2.600000000000000089e+00 8.520604977714040240e-01
2.650000000000000355e+00 8.466404526321120727e-01
2.700000000000000178e+00 8.411419255953018759e-01
2.750000000000000000e+00 8.355662867843348662e-01
2.800000000000000266e+00 8.299149280110839078e-01
2.850000000000000089e+00 8.241892630796295860e-01
2.900000000000000355e+00 8.183907266706230699e-01
2.950000000000000178e+00 8.125207739149019615e-01
3.000000000000000000e+00 8.065808803934894078e-01
3.050000000000000266e+00 8.005725417780420461e-01
3.100000000000000089e+00 7.944972736803745939e-01
3.150000000000000355e+00 7.883566116558710091e-01
3.200000000000000178e+00 7.821521094781729300e-01
3.250000000000000000e+00 7.758853390786317750e-01
3.300000000000000266e+00 7.695578905463094088e-01
3.350000000000000089e+00 7.631713717635599803e-01
3.400000000000000355e+00 7.567274076694928686e-01
3.450000000000000178e+00 7.502276415237701945e-01
3.500000000000000000e+00 7.436737319899329179e-01
3.550000000000000266e+00 7.370673528503215444e-01
3.600000000000000089e+00 7.304101930060756809e-01
3.650000000000000355e+00 7.237039564771341471e-01
3.700000000000000178e+00 7.169503618579988746e-01
3.750000000000000000e+00 7.101511416352065398e-01
3.800000000000000266e+00 7.033080427681851488e-01
3.850000000000000089e+00 6.964228239701648615e-01
3.900000000000000355e+00 6.894972555636347256e-01
3.950000000000000178e+00 6.825331194803441193e-01
4.000000000000000000e+00 6.755322092076440077e-01
4.049999999999999822e+00 6.684963286033210883e-01
4.100000000000000533e+00 6.614272928048076094e-01
4.150000000000000355e+00 6.543269258525522547e-01
4.200000000000000178e+00 6.471970598208574010e-01
4.250000000000000000e+00 6.400395348178792299e-01
4.299999999999999822e+00 6.328561989359788864e-01
4.350000000000000533e+00 6.256489072490608594e-01
4.400000000000000355e+00 6.184195224949828873e-01
4.450000000000000178e+00 6.111699126795341330e-01
4.500000000000000000e+00 6.039019502956284313e-01
4.549999999999999822e+00 5.966175123233040667e-01
4.600000000000000533e+00 5.893184800257387224e-01
4.650000000000000355e+00 5.820067382582887472e-01
4.700000000000000178e+00 5.746841755555750497e-01
4.750000000000000000e+00 5.673526817124041610e-01
4.800000000000000711e+00 5.600141475349946774e-01
4.850000000000000533e+00 5.526704648406129960e-01
4.900000000000000355e+00 5.453235258220912041e-01
4.950000000000000178e+00 5.379752232142611668e-01
5.000000000000000000e+00 5.306274485680095854e-01
5.050000000000000711e+00 5.232820911135371844e-01
5.100000000000000533e+00 5.159410377603593778e-01
5.150000000000000355e+00 5.086061729019454303e-01
5.200000000000000178e+00 5.012793779364016489e-01
5.250000000000000000e+00 4.939625302203725088e-01
5.300000000000000711e+00 4.866575019435858129e-01
5.350000000000000533e+00 4.793661600566228032e-01
5.400000000000000355e+00 4.720903659116947315e-01
5.450000000000000178e+00 4.648319748468614510e-01
5.500000000000000000e+00 4.575928346885012044e-01
5.550000000000000711e+00 4.503747855334713779e-01
5.600000000000000533e+00 4.431796593103268789e-01
5.650000000000000355e+00 4.360092800313351002e-01
5.700000000000000178e+00 4.288654620676155549e-01
5.750000000000000000e+00 4.217500094693046320e-01
5.800000000000000711e+00 4.146647159375643210e-01
5.850000000000000533e+00 4.076113643471150350e-01
5.900000000000000355e+00 4.005917269707248707e-01
5.950000000000000178e+00 3.936075636300260250e-01
6.000000000000000000e+00 3.866606212041636681e-01
6.050000000000000711e+00 3.797526336212301290e-01
6.100000000000000533e+00 3.728853214284602591e-01
6.150000000000000355e+00 3.660603919973720033e-01
6.200000000000000178e+00 3.592795379211053408e-01
6.250000000000000000e+00 3.525444364104297068e-01
6.300000000000000711e+00 3.458567492937415500e-01
6.350000000000000533e+00 3.392181227050862780e-01
6.400000000000000355e+00 3.326301871756181527e-01
6.450000000000000178e+00 3.260945564215798620e-01
6.500000000000000000e+00 3.196128266058578249e-01
6.550000000000000711e+00 3.131865763379817480e-01
6.600000000000000533e+00 3.068173664617608321e-01
6.650000000000000355e+00 3.005067400568168234e-01
6.700000000000000178e+00 2.942562215096311551e-01
6.750000000000000000e+00 2.880673157840851761e-01
6.800000000000000711e+00 2.819415084194006882e-01
6.850000000000000533e+00 2.758802653620803236e-01
6.900000000000000355e+00 2.698850329541819804e-01
6.950000000000000178e+00 2.639572370945973967e-01
7.000000000000000000e+00 2.580982826887331383e-01
7.050000000000000711e+00 2.523095536452019116e-01
7.100000000000000533e+00 2.465924127245928965e-01
7.150000000000000355e+00 2.409482015093177276e-01
7.200000000000000178e+00 2.353782395741481626e-01
7.250000000000000000e+00 2.298838242170528900e-01
7.300000000000000711e+00 2.244662304359766880e-01
7.350000000000000533e+00 2.191267108381841910e-01
7.400000000000000355e+00 2.138664953910539290e-01
7.450000000000000178e+00 2.086867908193012489e-01
7.500000000000000000e+00 2.035887805496247316e-01
7.550000000000000711e+00 1.985736246315002729e-01
7.600000000000000533e+00 1.936424597079025867e-01
7.650000000000000355e+00 1.887963984914395876e-01
7.700000000000000178e+00 1.840365295741591689e-01
7.750000000000000000e+00 1.793639173884218341e-01
7.800000000000000711e+00 1.747796021903688934e-01
7.850000000000000533e+00 1.702845998412352846e-01
7.900000000000000355e+00 1.658799014012227735e-01
7.950000000000000178e+00 1.615664731138722887e-01
8.000000000000000000e+00 1.573452563504898483e-01
8.050000000000000711e+00 1.532171676547968431e-01
8.099999999999999645e+00 1.491830984137252625e-01
8.150000000000000355e+00 1.452439146270071701e-01
8.200000000000001066e+00 1.414004569067891515e-01
8.250000000000000000e+00 1.376535404427735310e-01
8.300000000000000711e+00 1.340039550411389613e-01
8.349999999999999645e+00 1.304524648593369252e-01
8.400000000000000355e+00 1.269998082355247582e-01
8.450000000000001066e+00 1.236466976883128510e-01
8.500000000000000000e+00 1.203938199052748403e-01
8.550000000000000711e+00 1.172418357618663642e-01
8.599999999999999645e+00 1.141913801411077317e-01
8.650000000000000355e+00 1.112430618101290236e-01
8.700000000000001066e+00 1.083974634193125147e-01
8.750000000000000000e+00 1.056551415023668783e-01
8.800000000000000711e+00 1.030166264767695683e-01
8.849999999999999645e+00 1.004824225062165566e-01
8.900000000000000355e+00 9.805300745053530109e-02
8.950000000000001066e+00 9.572883286305529371e-02
9.000000000000000000e+00 9.351032399801471884e-02
9.050000000000000711e+00 9.139787978408957236e-02
9.099999999999999645e+00 8.939187272917523130e-02
9.150000000000000355e+00 8.749264891271663069e-02
9.200000000000001066e+00 8.570052798385249804e-02
9.250000000000000000e+00 8.401580318300094774e-02
9.300000000000000711e+00 8.243874130096563724e-02
9.349999999999999645e+00 8.096958262446334043e-02
9.400000000000000355e+00 7.960854093487856886e-02
9.450000000000001066e+00 7.835580350900273050e-02
9.500000000000000000e+00 7.721153114340899293e-02
9.550000000000000711e+00 7.617585813986854637e-02
9.600000000000001421e+00 7.524889226460786118e-02
9.650000000000000355e+00 7.443071474644377683e-02
9.700000000000001066e+00 7.372138027678343253e-02
9.750000000000000000e+00 7.312091702312253916e-02
9.800000000000000711e+00 7.262932665653702713e-02
9.850000000000001421e+00 7.224658432468138158e-02
9.900000000000000355e+00 7.197263865119253590e-02
9.950000000000001066e+00 7.180741173573682024e-02
1.000000000000000000e+01 7.175079915400997543e-02
1.005000000000000071e+01 7.180266996985779082e-02
1.010000000000000142e+01 7.196286679305795297e-02
1.015000000000000036e+01 7.223120573328643823e-02
1.020000000000000107e+01 7.260747643744702717e-02
1.025000000000000000e+01 7.309144209568078920e-02
1.030000000000000071e+01 7.368283944136613806e-02
1.035000000000000142e+01 7.438137878547998461e-02
1.040000000000000036e+01 7.518674403031933018e-02
1.045000000000000107e+01 7.609859268459422121e-02
1.050000000000000000e+01 7.711655591521594799e-02
1.055000000000000071e+01 7.824023854743099304e-02
1.060000000000000142e+01 7.946921906959392157e-02
1.065000000000000036e+01 8.080304970363542949e-02
1.070000000000000107e+01 8.224125638471349586e-02
1.075000000000000000e+01 8.378333885737743181e-02
1.080000000000000071e+01 8.542877070299555176e-02
1.085000000000000142e+01 8.717699934136774464e-02
1.090000000000000036e+01 8.902744610987844975e-02
1.095000000000000107e+01 9.097950623019596117e-02
1.100000000000000000e+01 9.303254895501263111e-02
1.105000000000000071e+01 9.518591763710482212e-02
1.110000000000000142e+01 9.743892972933251850e-02
1.115000000000000036e+01 9.979087684304398242e-02
1.120000000000000107e+01 1.022410248102390007e-01
1.125000000000000000e+01 1.047886137027294884e-01
1.130000000000000071e+01 1.074328580874486516e-01
1.135000000000000142e+01 1.101729470354856355e-01
1.140000000000000036e+01 1.130080441229911192e-01
1.145000000000000107e+01 1.159372876221498316e-01
1.150000000000000000e+01 1.189597903839471893e-01
1.155000000000000071e+01 1.220746401367265310e-01
1.160000000000000142e+01 1.252808997181586448e-01
1.165000000000000036e+01 1.285776070752419620e-01
1.170000000000000107e+01 1.319637752721331547e-01
1.175000000000000000e+01 1.354383928079321842e-01
1.180000000000000071e+01 1.390004233450791715e-01
1.185000000000000142e+01 1.426488062554483460e-01
1.190000000000000036e+01 1.463824568990672037e-01
1.195000000000000107e+01 1.502002666241169238e-01
1.200000000000000000e+01 1.541011027683213963e-01
1.205000000000000071e+01 1.580838090791858441e-01
1.210000000000000142e+01 1.621472054026360798e-01
1.215000000000000036e+01 1.662900882674204217e-01
1.220000000000000107e+01 1.705112314190413703e-01
1.225000000000000000e+01 1.748093858197546646e-01
1.230000000000000071e+01 1.791832796485703649e-01
1.235000000000000142e+01 1.836316186467266687e-01
1.240000000000000036e+01 1.881530861928357723e-01
1.245000000000000107e+01 1.927463433732429232e-01
1.250000000000000000e+01 1.974100301102149901e-01
1.255000000000000071e+01 2.021427651838840489e-01
1.260000000000000142e+01 2.069431462322460780e-01
1.265000000000000036e+01 2.118097499389687277e-01
1.270000000000000107e+01 2.167411326244968184e-01
1.275000000000000000e+01 2.217358296750250035e-01
1.280000000000000071e+01 2.267923572321212666e-01
1.285000000000000142e+01 2.319092123821225315e-01
1.290000000000000036e+01 2.370848731561349954e-01
1.295000000000000107e+01 2.423177986009643070e-01
1.300000000000000000e+01 2.476064296690368982e-01
1.305000000000000071e+01 2.529491883757931103e-01
1.310000000000000142e+01 2.583444796787524034e-01
1.315000000000000036e+01 2.637906920132171429e-01
1.320000000000000107e+01 2.692861972922729885e-01
1.325000000000000000e+01 2.748293509341133145e-01
1.330000000000000071e+01 2.804184928333123272e-01
1.335000000000000142e+01 2.860519465570202091e-01
1.340000000000000036e+01 2.917280212401587303e-01
1.345000000000000107e+01 2.974450124492388214e-01
1.350000000000000000e+01 3.032012021823591308e-01
1.355000000000000071e+01 3.089948589022515901e-01
1.360000000000000142e+01 3.148242385591986658e-01
1.365000000000000036e+01 3.206875837905861504e-01
1.370000000000000107e+01 3.265831260968134475e-01
1.375000000000000000e+01 3.325090867406531037e-01
1.380000000000000071e+01 3.384636767472526397e-01
1.385000000000000142e+01 3.444450970136705981e-01
1.390000000000000036e+01 3.504515393194750916e-01
1.395000000000000107e+01 3.564811856125171263e-01
1.400000000000000000e+01 3.625322106713793624e-01
1.405000000000000071e+01 3.686027826847117495e-01
1.410000000000000142e+01 3.746910632512303607e-01
1.415000000000000036e+01 3.807952077396876134e-01
1.420000000000000107e+01 3.869133658943119669e-01
1.425000000000000000e+01 3.930436820026734224e-01
1.430000000000000071e+01 3.991842974953108136e-01
1.435000000000000142e+01 4.053333511001150358e-01
1.440000000000000036e+01 4.114889788505104451e-01
1.445000000000000107e+01 4.176493150020704204e-01
1.450000000000000000e+01 4.238124915989093799e-01
1.455000000000000071e+01 4.299766408054120914e-01
1.460000000000000142e+01 4.361398961130204532e-01
1.465000000000000036e+01 4.423003923402344384e-01
1.470000000000000107e+01 4.484562660164256864e-01
1.475000000000000000e+01 4.546056558321847629e-01
1.480000000000000071e+01 4.607467035032392633e-01
1.485000000000000142e+01 4.668775560442555705e-01
1.490000000000000036e+01 4.729963658484346301e-01
1.495000000000000107e+01 4.791012908281103710e-01
1.500000000000000000e+01 4.851904950655288595e-01
1.505000000000000071e+01 4.912621498612138593e-01
1.510000000000000142e+01 4.973144354163350211e-01
1.515000000000000036e+01 5.033455409939892045e-01
1.520000000000000107e+01 5.093536653958999905e-01
1.525000000000000000e+01 5.153370174194888964e-01
1.530000000000000071e+01 5.212938179143715711e-01
1.535000000000000142e+01 5.272223001150724286e-01
1.540000000000000036e+01 5.331207100807520138e-01
1.545000000000000107e+01 5.389873068828778813e-01
1.550000000000000000e+01 5.448203646228396702e-01
1.555000000000000071e+01 5.506181731391266432e-01
1.560000000000000142e+01 5.563790383319786592e-01
1.565000000000000036e+01 5.621012822719040347e-01
1.570000000000000107e+01 5.677832445813955076e-01
1.575000000000000000e+01 5.734232840729455161e-01
1.580000000000000071e+01 5.790197787866137036e-01
1.585000000000000142e+01 5.845711265536877033e-01
1.590000000000000036e+01 5.900757448189386523e-01
1.595000000000000107e+01 5.955320729677866520e-01
1.600000000000000000e+01 6.009385731015903787e-01
1.605000000000000071e+01 6.062937300942287111e-01
1.610000000000000142e+01 6.115960520671408496e-01
1.615000000000000213e+01 6.168440704775178807e-01
1.619999999999999929e+01 6.220363423974633044e-01
1.625000000000000000e+01 6.271714509152110928e-01
1.630000000000000071e+01 6.322480052386805216e-01
1.635000000000000142e+01 6.372646409868123474e-01
1.640000000000000213e+01 6.422200207656213466e-01
1.644999999999999929e+01 6.471128359861749724e-01
1.650000000000000000e+01 6.519418070138861543e-01
1.655000000000000071e+01 6.567056833409503636e-01
1.660000000000000142e+01 6.614032437093017025e-01
1.665000000000000213e+01 6.660332973414763158e-01
1.669999999999999929e+01 6.705946848900290469e-01
1.675000000000000000e+01 6.750862784621024515e-01
1.680000000000000071e+01 6.795069817520189570e-01
1.685000000000000142e+01 6.838557307408039687e-01
1.690000000000000213e+01 6.881314946255834286e-01
1.694999999999999929e+01 6.923332759488175503e-01
1.700000000000000000e+01 6.964601107079310127e-01
1.705000000000000071e+01 7.005110690900118176e-01
1.710000000000000142e+01 7.044852560316802181e-01
1.715000000000000213e+01 7.083818112940034606e-01
1.719999999999999929e+01 7.121999095983521100e-01
1.725000000000000000e+01 7.159387614055339188e-01
1.730000000000000071e+01 7.195976131394924424e-01
1.735000000000000142e+01 7.231757472085703631e-01
1.740000000000000213e+01 7.266724822075196766e-01
1.744999999999999929e+01 7.300871735636593751e-01
1.750000000000000000e+01 7.334192136102720694e-01
1.755000000000000071e+01 7.366680315413874913e-01
1.760000000000000142e+01 7.398330935536353570e-01
1.765000000000000213e+01 7.429139033361025213e-01
1.769999999999999929e+01 7.459100021158061589e-01
1.775000000000000000e+01 7.488209685667799320e-01
1.780000000000000071e+01 7.516464188046139139e-01
1.785000000000000142e+01 7.543860066955561106e-01
1.790000000000000213e+01 7.570394238956372757e-01
1.794999999999999929e+01 7.596063997524480360e-01
1.800000000000000000e+01 7.620867011664891333e-01
1.805000000000000071e+01 7.644801327024626225e-01
1.810000000000000142e+01 7.667865365553139245e-01
1.815000000000000213e+01 7.690057924752606855e-01
1.819999999999999929e+01 7.711378175260671375e-01
1.825000000000000000e+01 7.731825660505557973e-01
1.830000000000000071e+01 7.751400295216358538e-01
1.835000000000000142e+01 7.770102363824255010e-01
1.840000000000000213e+01 7.787932518569204987e-01
1.844999999999999929e+01 7.804891776587142838e-01
1.850000000000000000e+01 7.820981518424421353e-01
1.855000000000000071e+01 7.836203486105693949e-01
1.860000000000000142e+01 7.850559778819581336e-01
1.865000000000000213e+01 7.864052850361681335e-01
1.869999999999999929e+01 7.876685506663779757e-01
1.875000000000000000e+01 7.888460904030729637e-01
1.880000000000000071e+01 7.899382541749015996e-01
1.885000000000000142e+01 7.909454260217031463e-01
1.890000000000000213e+01 7.918680237641214648e-01
1.894999999999999929e+01 7.927064988438395909e-01
1.900000000000000000e+01 7.934613353761386101e-01
1.905000000000000071e+01 7.941330498408075700e-01
1.910000000000000142e+01 7.947221908315561523e-01
1.915000000000000213e+01 7.952293387546167658e-01
1.920000000000000284e+01 7.956551050020761462e-01
1.925000000000000000e+01 7.960001312393514272e-01
1.930000000000000071e+01 7.962650892877209952e-01
1.935000000000000142e+01 7.964506806714871656e-01
1.940000000000000213e+01 7.965576360406035894e-01
1.945000000000000284e+01 7.965867140600260132e-01
1.950000000000000000e+01 7.965387012887518159e-01
1.955000000000000071e+01 7.964144117361323660e-01
1.960000000000000142e+01 7.962146862761828592e-01
1.965000000000000213e+01 7.959403914763815147e-01
1.970000000000000284e+01 7.955924193563593816e-01
1.975000000000000000e+01 7.951716870131702031e-01
1.980000000000000071e+01 7.946791359134631749e-01
1.985000000000000142e+01 7.941157306238030289e-01
1.990000000000000213e+01 7.934824586096385080e-01
1.995000000000000284e+01 7.927803298124114217e-01
2.000000000000000000e+01 7.920103761974145451e-01
2.005000000000000071e+01 7.911736499884265417e-01
2.010000000000000142e+01 7.902712235131864604e-01
2.015000000000000213e+01 7.893041886597141898e-01
2.020000000000000284e+01 7.882736569482325928e-01
2.025000000000000000e+01 7.871807578624604451e-01
2.030000000000000071e+01 7.860266376594280402e-01
2.035000000000000142e+01 7.848124593666445659e-01
2.040000000000000213e+01 7.835394020181120078e-01
2.045000000000000284e+01 7.822086610506150395e-01
2.050000000000000000e+01 7.808214462236340303e-01
2.055000000000000071e+01 7.793789803958809381e-01
2.060000000000000142e+01 7.778824995252997532e-01
2.065000000000000213e+01 7.763332521628116822e-01
2.070000000000000284e+01 7.747324992698284563e-01
2.075000000000000000e+01 7.730815134447523995e-01
2.080000000000000071e+01 7.713815765241405220e-01
2.085000000000000142e+01 7.696339795235396242e-01
2.090000000000000213e+01 7.678400225915607002e-01
2.095000000000000284e+01 7.660010139635590187e-01
2.100000000000000000e+01 7.641182708943651258e-01
2.105000000000000071e+01 7.621931167811052399e-01
2.110000000000000142e+01 7.602268801691693945e-01
2.115000000000000213e+01 7.582208947522097731e-01
2.120000000000000284e+01 7.561764991680255399e-01
2.125000000000000000e+01 7.540950361804337199e-01
2.130000000000000071e+01 7.519778532631798962e-01
2.135000000000000142e+01 7.498262994710008789e-01
2.140000000000000213e+01 7.476417250221470967e-01
2.145000000000000284e+01 7.454254812983827083e-01
2.150000000000000000e+01 7.431789204998189291e-01
2.155000000000000071e+01 7.409033952190587913e-01
2.160000000000000142e+01 7.386002583412423217e-01
2.165000000000000213e+01 7.362708602787485512e-01
2.170000000000000284e+01 7.339165488042898033e-01
2.175000000000000000e+01 7.315386690509115830e-01
2.180000000000000071e+01 7.291385630277310570e-01
2.185000000000000142e+01 7.267175696488806791e-01
2.190000000000000213e+01 7.242770238105806779e-01
2.195000000000000284e+01 7.218182542731904627e-01
2.200000000000000000e+01 7.193425836245480598e-01
2.205000000000000071e+01 7.168513282792529084e-01
2.210000000000000142e+01 7.143457978359050164e-01
2.215000000000000213e+01 7.118272956069252588e-01
2.220000000000000284e+01 7.092971167656666465e-01
2.225000000000000000e+01 7.067565470977410502e-01
2.230000000000000071e+01 7.042068630010192010e-01
2.235000000000000142e+01 7.016493314312454155e-01
2.240000000000000213e+01 6.990852093412491808e-01
2.245000000000000284e+01 6.965157441888109036e-01
2.250000000000000000e+01 6.939421716900266990e-01
2.255000000000000071e+01 6.913657152983264664e-01
2.260000000000000142e+01 6.887875862044741115e-01
2.265000000000000213e+01 6.862089831687968600e-01
2.270000000000000284e+01 6.836310923257953309e-01
2.275000000000000000e+01 6.810550870263010204e-01
2.280000000000000071e+01 6.784821259648662339e-01
2.285000000000000142e+01 6.759133530486722830e-01
2.290000000000000213e+01 6.733498973975287072e-01
2.295000000000000284e+01 6.707928730472262346e-01
2.300000000000000000e+01 6.682433791904683895e-01
2.305000000000000071e+01 6.657024991344111520e-01
2.310000000000000142e+01 6.631712992302718490e-01
2.315000000000000213e+01 6.606508288694324937e-01
2.320000000000000284e+01 6.581421204570457872e-01
2.325000000000000000e+01 6.556461891446404566e-01
2.330000000000000071e+01 6.531640331277764888e-01
2.335000000000000142e+01 6.506966321648745000e-01
2.340000000000000213e+01 6.482449472314394390e-01
2.345000000000000284e+01 6.458099205200601434e-01
2.350000000000000000e+01 6.433924753475931402e-01
2.355000000000000071e+01 6.409935161776119106e-01
2.360000000000000142e+01 6.386139283359196783e-01
2.365000000000000213e+01 6.362545769401192208e-01
2.370000000000000284e+01 6.339163068456128425e-01
2.375000000000000000e+01 6.315999426452445498e-01
2.380000000000000071e+01 6.293062885459566047e-01
2.385000000000000142e+01 6.270361285985880384e-01
2.390000000000000213e+01 6.247902258581095047e-01
2.395000000000000284e+01 6.225693219727206351e-01
2.400000000000000000e+01 6.203741371838505936e-01
2.405000000000000071e+01 6.182053703037551085e-01
2.410000000000000142e+01 6.160636987632954753e-01
2.415000000000000213e+01 6.139497785111996953e-01
2.420000000000000284e+01 6.118642433263822289e-01
2.425000000000000000e+01 6.098077047574584908e-01
2.430000000000000071e+01 6.077807521227385212e-01
2.435000000000000142e+01 6.057839525165844563e-01
2.440000000000000213e+01 6.038178509389393600e-01
2.445000000000000284e+01 6.018829698256948912e-01
2.450000000000000000e+01 5.999798088607941615e-01
2.455000000000000071e+01 5.981088449762312909e-01
2.460000000000000142e+01 5.962705323675393521e-01
2.465000000000000213e+01 5.944653026338326818e-01
2.470000000000000284e+01 5.926935645660091900e-01
2.475000000000000000e+01 5.909557039609797391e-01
2.480000000000000071e+01 5.892520836183896549e-01
2.485000000000000142e+01 5.875830433563278277e-01
2.490000000000000213e+01 5.859489001580469036e-01
2.495000000000000284e+01 5.843499480692968540e-01
2.500000000000000000e+01 5.827864581245749687e-01
2.505000000000000071e+01 5.812586783507293076e-01
2.510000000000000142e+01 5.797668337892342150e-01
2.515000000000000213e+01 5.783111266593659039e-01
2.520000000000000284e+01 5.768917362971971441e-01
2.525000000000000000e+01 5.755088192166103456e-01
2.530000000000000071e+01 5.741625091243497403e-01
2.535000000000000142e+01 5.728529169458211889e-01
2.540000000000000213e+01 5.715801310222488052e-01
2.545000000000000284e+01 5.703442170716059856e-01
2.550000000000000000e+01 5.691452183720754343e-01
2.555000000000000071e+01 5.679831557943192388e-01
2.560000000000000142e+01 5.668580278476106349e-01
2.565000000000000213e+01 5.657698108743474119e-01
2.570000000000000284e+01 5.647184590946381366e-01
2.575000000000000000e+01 5.637039048483798442e-01
2.580000000000000071e+01 5.627260586186384472e-01
2.585000000000000142e+01 5.617848091981118008e-01
2.590000000000000213e+01 5.608800237219266904e-01
2.595000000000000284e+01 5.600115480265214218e-01
2.600000000000000000e+01 5.591792067662236798e-01
2.605000000000000071e+01 5.583828034750896174e-01
2.610000000000000142e+01 5.576221207576383954e-01
2.615000000000000213e+01 5.568969203894227338e-01
2.620000000000000284e+01 5.562069437997316790e-01
2.625000000000000000e+01 5.555519121048965170e-01
2.630000000000000071e+01 5.549315262289931105e-01
2.635000000000000142e+01 5.543454670864675915e-01
2.640000000000000213e+01 5.537933958087780661e-01
2.645000000000000284e+01 5.532749542568515810e-01
2.650000000000000000e+01 5.527897650351828451e-01
2.655000000000000071e+01 5.523374316676508133e-01
2.660000000000000142e+01 5.519175387434350766e-01
2.665000000000000213e+01 5.515296523142727558e-01
2.670000000000000284e+01 5.511733203782853696e-01
2.675000000000000000e+01 5.508480728851556929e-01
2.680000000000000071e+01 5.505534219984358213e-01
2.685000000000000142e+01 5.502888621553231330e-01
2.690000000000000213e+01 5.500538707381754655e-01
2.695000000000000284e+01 5.498479084007863449e-01
2.700000000000000000e+01 5.496704191060602929e-01
2.705000000000000071e+01 5.495208304205845273e-01
2.710000000000000142e+01 5.493985536779504297e-01
2.715000000000000213e+01 5.493029847737600502e-01
2.720000000000000284e+01 5.492335042771305798e-01
2.725000000000000000e+01 5.491894776034150771e-01
2.730000000000000071e+01 5.491702552136559223e-01
2.735000000000000142e+01 5.491751732480864012e-01
2.740000000000000213e+01 5.492035539657058596e-01
2.745000000000000284e+01 5.492547058235293100e-01
2.750000000000000000e+01 5.493279237362382883e-01
2.755000000000000071e+01 5.494224895766929295e-01
2.760000000000000142e+01 5.495376727617575785e-01
2.765000000000000213e+01 5.496727303814911147e-01
2.770000000000000284e+01 5.498269073806465457e-01
2.775000000000000000e+01 5.499994371069744092e-01
2.780000000000000071e+01 5.501895420038460660e-01
2.785000000000000142e+01 5.503964336924080936e-01
2.790000000000000213e+01 5.506193132432077864e-01
2.795000000000000284e+01 5.508573714416044043e-01
2.800000000000000000e+01 5.511097898242288684e-01
2.805000000000000071e+01 5.513757407795730758e-01
2.810000000000000142e+01 5.516543878379901455e-01
2.815000000000000213e+01 5.519448857032444034e-01
2.820000000000000284e+01 5.522463812325008048e-01
2.825000000000000000e+01 5.525580140480216285e-01
2.830000000000000071e+01 5.528789165700891406e-01
2.835000000000000142e+01 5.532082144250656253e-01
2.840000000000000213e+01 5.535450264002371723e-01
2.845000000000000284e+01 5.538884658198583999e-01
2.850000000000000000e+01 5.542376408449726233e-01
2.855000000000000071e+01 5.545916545444804502e-01
2.860000000000000142e+01 5.549496053162124021e-01
2.865000000000000213e+01 5.553105868774471654e-01
2.870000000000000284e+01 5.556736897735478076e-01
2.875000000000000000e+01 5.560380015978856338e-01
2.880000000000000071e+01 5.564026070579671801e-01
2.885000000000000142e+01 5.567665884461168169e-01
2.890000000000000213e+01 5.571290255117337109e-01
2.895000000000000284e+01 5.574889971024507007e-01
2.900000000000000000e+01 5.578455814434706284e-01
2.905000000000000071e+01 5.581978561578305742e-01
2.910000000000000142e+01 5.585448988088599354e-01
2.915000000000000213e+01 5.588857865673051428e-01
2.920000000000000284e+01 5.592195978522738198e-01
2.925000000000000000e+01 5.595454128852417330e-01
2.930000000000000071e+01 5.598623136900525710e-01
2.935000000000000142e+01 5.601693844570351244e-01
2.940000000000000213e+01 5.604657115285631708e-01
2.945000000000000284e+01 5.607503842289091045e-01
2.950000000000000000e+01 5.610224961557928047e-01
2.955000000000000071e+01 5.612811451928811923e-01
2.960000000000000142e+01 5.615254336014473546e-01
2.965000000000000213e+01 5.617544685044321140e-01
2.970000000000000284e+01 5.619673616798810389e-01
2.975000000000000000e+01 5.621632313903572875e-01
2.980000000000000071e+01 5.623412026563443522e-01
2.985000000000000142e+01 5.625004072562457269e-01
2.990000000000000213e+01 5.626399840891944670e-01
2.995000000000000284e+01 5.627590791194957420e-01
3.000000000000000000e+01 5.628568464744534428e-01
3.005000000000000071e+01 5.629324493803162799e-01
3.010000000000000142e+01 5.629850601634084351e-01
3.015000000000000213e+01 5.630138603916333695e-01
3.020000000000000284e+01 5.630180411007498220e-01
3.025000000000000000e+01 5.629968034234537066e-01
3.030000000000000071e+01 5.629493596367962649e-01
3.035000000000000142e+01 5.628749331992782823e-01
3.040000000000000213e+01 5.627727589101737538e-01
3.045000000000000284e+01 5.626420830771518000e-01
3.050000000000000000e+01 5.624821644061513970e-01
3.055000000000000071e+01 5.622922745685970947e-01
3.060000000000000142e+01 5.620716982689192287e-01
3.065000000000000213e+01 5.618197334039725099e-01
3.070000000000000284e+01 5.615356914269171718e-01
3.075000000000000000e+01 5.612188983266880316e-01
3.080000000000000071e+01 5.608686946980139254e-01
3.085000000000000142e+01 5.604844359368582607e-01
3.090000000000000213e+01 5.600654922055341434e-01
3.095000000000000284e+01 5.596112493893805606e-01
3.100000000000000000e+01 5.591211095171880752e-01
3.105000000000000071e+01 5.585944907963760198e-01
3.110000000000000142e+01 5.580308277571827125e-01
3.115000000000000213e+01 5.574295713900407900e-01
3.120000000000000284e+01 5.567901901070781978e-01
3.125000000000000000e+01 5.561121698586677375e-01
3.130000000000000071e+01 5.553950142042892724e-01
3.135000000000000142e+01 5.546382443382799066e-01
3.140000000000000213e+01 5.538413995001819634e-01
3.145000000000000284e+01 5.530040376542640912e-01
3.150000000000000000e+01 5.521257355123156962e-01
3.155000000000000071e+01 5.512060886133881565e-01
3.160000000000000142e+01 5.502447112713251265e-01
3.165000000000000213e+01 5.492412371462667142e-01
3.170000000000000284e+01 5.481953196327453703e-01
3.175000000000000000e+01 5.471066318623784008e-01
3.180000000000000071e+01 5.459748667487595020e-01
3.185000000000000142e+01 5.447997369461806683e-01
3.190000000000000213e+01 5.435809754181398779e-01
3.195000000000000284e+01 5.423183356019911638e-01
3.200000000000000000e+01 5.410115914130111392e-01
3.205000000000000426e+01 5.396605372071485718e-01
3.210000000000000142e+01 5.382649878667714605e-01
3.214999999999999858e+01 5.368247791806514124e-01
3.220000000000000284e+01 5.353397678849499686e-01
3.225000000000000000e+01 5.338098316472705829e-01
3.230000000000000426e+01 5.322348689812862466e-01
3.235000000000000142e+01 5.306147994453852546e-01
3.239999999999999858e+01 5.289495637565693187e-01
3.245000000000000284e+01 5.272391237865698965e-01
3.250000000000000000e+01 5.254834624633267781e-01
3.255000000000000426e+01 5.236825838062880711e-01
3.260000000000000142e+01 5.218365129818000048e-01
3.264999999999999858e+01 5.199452962909677511e-01
3.270000000000000284e+01 5.180090010744233808e-01
3.275000000000000000e+01 5.160277156849405467e-01
3.280000000000000426e+01 5.140015494349806646e-01
3.285000000000000142e+01 5.119306325599723984e-01
3.289999999999999858e+01 5.098151161110239249e-01
3.295000000000000284e+01 5.076551718832992277e-01
3.300000000000000000e+01 5.054509922503258590e-01
3.305000000000000426e+01 5.032027901352374988e-01
3.310000000000000142e+01 5.009107988432658365e-01
3.314999999999999858e+01 4.985752720110530056e-01
3.320000000000000284e+01 4.961964832802960856e-01
3.325000000000000000e+01 4.937747262366401491e-01
3.330000000000000426e+01 4.913103142818339153e-01
3.335000000000000142e+01 4.888035804899859005e-01
3.339999999999999858e+01 4.862548773310373940e-01
3.345000000000000284e+01 4.836645763578231172e-01
3.350000000000000000e+01 4.810330681775539241e-01
3.355000000000000426e+01 4.783607621801682641e-01
3.360000000000000142e+01 4.756480864990122459e-01
3.364999999999999858e+01 4.728954873667279291e-01
3.370000000000000284e+01 4.701034289964047819e-01
3.375000000000000000e+01 4.672723934712717520e-01
3.380000000000000426e+01 4.644028804872608052e-01
3.385000000000000142e+01 4.614954071128777868e-01
3.389999999999999858e+01 4.585505070973097119e-01
3.395000000000000284e+01 4.555687308371388911e-01
3.400000000000000000e+01 4.525506451413756626e-01
3.405000000000000426e+01 4.494968330915097843e-01
3.410000000000000142e+01 4.464078934427538892e-01
3.414999999999999858e+01 4.432844400715893474e-01
3.420000000000000284e+01 4.401271019614472757e-01
3.425000000000000000e+01 4.369365228456301153e-01
3.430000000000000426e+01 4.337133611613848139e-01
3.435000000000000142e+01 4.304582890794366734e-01
3.439999999999999858e+01 4.271719922163514926e-01
3.445000000000000284e+01 4.238551695489234938e-01
3.450000000000000000e+01 4.205085330823954970e-01
3.455000000000000426e+01 4.171328075308631811e-01
3.460000000000000142e+01 4.137287293620347528e-01
3.464999999999999858e+01 4.102970467220104500e-01
3.470000000000000284e+01 4.068385191619786068e-01
3.475000000000000000e+01 4.033539174777057146e-01
3.480000000000000426e+01 3.998440227766528743e-01
3.485000000000000142e+01 3.963096260370713719e-01
3.489999999999999858e+01 3.927515280021227628e-01
3.495000000000000284e+01 3.891705388916667507e-01
3.500000000000000000e+01 3.855674778091952026e-01
3.505000000000000426e+01 3.819431719550297477e-01
3.510000000000000142e+01 3.782984565413471945e-01
3.514999999999999858e+01 3.746341745103040077e-01
3.520000000000000284e+01 3.709511760279983750e-01
3.525000000000000000e+01 3.672503176295740523e-01
3.530000000000000426e+01 3.635324620890031388e-01
3.535000000000000142e+01 3.597984781705827473e-01
3.539999999999999858e+01 3.560492400887249054e-01
3.545000000000000284e+01 3.522856266535171477e-01
3.550000000000000000e+01 3.485085211422142559e-01
3.555000000000000426e+01 3.447188110620257318e-01
3.560000000000000142e+01 3.409173876109599099e-01
3.564999999999999858e+01 3.371051447679532798e-01
3.570000000000000284e+01 3.332829791877033321e-01
3.575000000000000000e+01 3.294517899404438843e-01
3.580000000000000426e+01 3.256124781056530804e-01
3.585000000000000142e+01 3.217659457339516194e-01
3.589999999999999858e+01 3.179130957290193793e-01
3.595000000000000284e+01 3.140548315722460626e-01
3.600000000000000000e+01 3.101920571112472547e-01
3.605000000000000426e+01 3.063256754159295880e-01
3.610000000000000142e+01 3.024565885647576002e-01
3.614999999999999858e+01 2.985856974154599275e-01
3.620000000000000284e+01 2.947139014812049651e-01
3.625000000000000000e+01 2.908420979001864470e-01
3.630000000000000426e+01 2.869711809732082841e-01
3.635000000000000142e+01 2.831020420501270674e-01
3.639999999999999858e+01 2.792355693257335680e-01
3.645000000000000284e+01 2.753726471561767086e-01
3.650000000000000000e+01 2.715141552935478875e-01
3.655000000000000426e+01 2.676609687993721787e-01
3.660000000000000142e+01 2.638139578259436346e-01
3.664999999999999858e+01 2.599739873132928536e-01
3.670000000000000284e+01 2.561419158835968601e-01
3.675000000000000000e+01 2.523185957450532757e-01
3.680000000000000426e+01 2.485048724267138465e-01
3.685000000000000142e+01 2.447015848583947162e-01
3.689999999999999858e+01 2.409095643913681806e-01
3.695000000000000284e+01 2.371296341151867548e-01
3.700000000000000000e+01 2.333626088561295830e-01
3.705000000000000426e+01 2.296092948189446536e-01
3.710000000000000142e+01 2.258704898642865389e-01
3.714999999999999858e+01 2.221469823519320597e-01
3.720000000000000284e+01 2.184395504898326845e-01
3.725000000000000000e+01 2.147489623341162501e-01
3.730000000000000426e+01 2.110759755751265565e-01
3.735000000000000142e+01 2.074213374981659364e-01
3.739999999999999858e+01 2.037857847297341873e-01
3.745000000000000284e+01 2.001700418909797274e-01
3.750000000000000000e+01 1.965748215492550410e-01
3.755000000000000426e+01 1.930008242181131817e-01
3.760000000000000142e+01 1.894487379609701150e-01
3.764999999999999858e+01 1.859192387878302877e-01
3.770000000000000284e+01 1.824129898401355976e-01
3.775000000000000000e+01 1.789306403324500139e-01
3.780000000000000426e+01 1.754728255506269319e-01
3.785000000000000142e+01 1.720401668518129201e-01
3.789999999999999858e+01 1.686332713956828488e-01
3.795000000000000284e+01 1.652527322162952728e-01
3.800000000000000000e+01 1.618991281576453167e-01
3.805000000000000426e+01 1.585730223886538670e-01
3.810000000000000142e+01 1.552749623541380131e-01
3.814999999999999858e+01 1.520054797748077169e-01
3.820000000000000284e+01 1.487650906321440758e-01
3.825000000000000000e+01 1.455542946888505607e-01
3.830000000000000426e+01 1.423735762691652473e-01
3.835000000000000142e+01 1.392234029196567080e-01
3.840000000000000568e+01 1.361042248117266817e-01
3.845000000000000284e+01 1.330164747416135718e-01
3.850000000000000000e+01 1.299605681303893090e-01
3.855000000000000426e+01 1.269369029555582340e-01
3.860000000000000142e+01 1.239458594748853171e-01
3.865000000000000568e+01 1.209878007266014799e-01
3.870000000000000284e+01 1.180630711498438512e-01
3.875000000000000000e+01 1.151719963564646065e-01
3.880000000000000426e+01 1.123148831310322865e-01
3.885000000000000142e+01 1.094920194308328931e-01
3.890000000000000568e+01 1.067036742524798826e-01
3.895000000000000284e+01 1.039500976609271793e-01
3.900000000000000000e+01 1.012315206703087583e-01
3.905000000000000426e+01 9.854815427308177833e-02
3.910000000000000142e+01 9.590018940070180187e-02
3.915000000000000568e+01 9.328779692362020037e-02
3.920000000000000284e+01 9.071112764432415210e-02
3.925000000000000000e+01 8.817031219852460022e-02
3.930000000000000426e+01 8.566546103356294239e-02
3.935000000000000142e+01 8.319666373167146356e-02
3.940000000000000568e+01 8.076398885925795135e-02
3.945000000000000284e+01 7.836748396690845775e-02
3.950000000000000000e+01 7.600717550838496928e-02
3.955000000000000426e+01 7.368306888011530442e-02
3.960000000000000142e+01 7.139514811530665861e-02
3.965000000000000568e+01 6.914337543609733183e-02
3.970000000000000284e+01 6.692769124683531357e-02
3.975000000000000000e+01 6.474801411603045564e-02
3.980000000000000426e+01 6.260424070527707829e-02
3.985000000000000142e+01 6.049624575241494689e-02
3.990000000000000568e+01 5.842388154323024246e-02
3.995000000000000284e+01 5.638697784016088316e-02
4.000000000000000000e+01 5.438534187664156860e-02
4.005000000000000426e+01 5.241875822549535435e-02
4.010000000000000142e+01 5.048698900593848182e-02
4.015000000000000568e+01 4.858977333190418746e-02
4.020000000000000284e+01 4.672682711923370480e-02
4.025000000000000000e+01 4.489784308567439097e-02
4.030000000000000426e+01 4.310249072027276529e-02
4.035000000000000142e+01 4.134041621162645036e-02
4.040000000000000568e+01 3.961124257265796755e-02
4.045000000000000284e+01 3.791456904155101476e-02
4.050000000000000000e+01 3.624997100375142167e-02
4.055000000000000426e+01 3.461699999196790611e-02
4.060000000000000142e+01 3.301518365882418621e-02
4.065000000000000568e+01 3.144402570515995171e-02
4.070000000000000284e+01 2.990300601503290481e-02
4.075000000000000000e+01 2.839158007788993021e-02
4.080000000000000426e+01 2.690917890802696846e-02
4.085000000000000142e+01 2.545520904458963701e-02
4.090000000000000568e+01 2.402905253994762000e-02
4.095000000000000284e+01 2.263006685362113635e-02
4.100000000000000000e+01 2.125758504407861474e-02
4.105000000000000426e+01 1.991091523390579876e-02
4.110000000000000142e+01 1.858934047764237985e-02
4.115000000000000568e+01 1.729211876178068236e-02
4.120000000000000284e+01 1.601848300355730031e-02
4.125000000000000000e+01 1.476764093439490028e-02
4.130000000000000426e+01 1.353877528253606514e-02
4.135000000000000142e+01 1.233104335294565521e-02
4.140000000000000568e+01 1.114357680840576473e-02
4.145000000000000284e+01 9.975481669517099331e-03
4.150000000000000000e+01 8.825838314697780768e-03
4.155000000000000426e+01 7.693701385553564608e-03
4.160000000000000142e+01 6.578099889158240537e-03
4.165000000000000568e+01 5.478036921439671456e-03
4.170000000000000284e+01 4.392489366701262526e-03
4.175000000000000000e+01 3.320407896953603451e-03
4.180000000000000426e+01 2.260716971914934238e-03
4.185000000000000142e+01 1.212314750801353957e-03
4.190000000000000568e+01 1.740731480285987766e-04
4.195000000000000284e+01 -8.551624134289824777e-04
4.200000000000000000e+01 -1.876573302268013006e-03
4.205000000000000426e+01 -2.891367680293886050e-03
4.210000000000000142e+01 -3.900780504152298427e-03
4.215000000000000568e+01 -4.906073649193326211e-03
4.220000000000000284e+01 -5.908535826786598735e-03
4.225000000000000000e+01 -6.909482975064901861e-03
4.230000000000000426e+01 -7.910258433738857203e-03
4.235000000000000142e+01 -8.912232944096480647e-03
4.240000000000000568e+01 -9.916804712318282033e-03
4.245000000000000284e+01 -1.092539948696376675e-02
4.250000000000000000e+01 -1.193947055928146726e-02
4.255000000000000426e+01 -1.296049929167113896e-02
4.260000000000000142e+01 -1.398999515139914482e-02
4.265000000000000568e+01 -1.502949571059947198e-02
4.270000000000000284e+01 -1.608056680037021902e-02
4.275000000000000000e+01 -1.714480248724432193e-02
4.280000000000000426e+01 -1.822382529234144871e-02
4.285000000000000142e+01 -1.931928670518417990e-02
4.290000000000000568e+01 -2.043286718942231503e-02
4.295000000000000284e+01 -2.156627618283163059e-02
4.300000000000000000e+01 -2.272125234591848217e-02
4.305000000000000426e+01 -2.389956347114354993e-02
4.310000000000000142e+01 -2.510300688549414738e-02
4.315000000000000568e+01 -2.633340997956077484e-02
4.320000000000000284e+01 -2.759263020821739118e-02
4.325000000000000000e+01 -2.888255509299998344e-02
4.330000000000000426e+01 -3.020510260876201059e-02
4.335000000000000142e+01 -3.156222097258370995e-02
4.340000000000000568e+01 -3.295588936422879506e-02
4.345000000000000284e+01 -3.438811840103864897e-02
4.350000000000000000e+01 -3.586095013793373643e-02
4.355000000000000426e+01 -3.737645811863551937e-02
4.360000000000000142e+01 -3.893674789159496524e-02
4.365000000000000568e+01 -4.054395672730966987e-02
4.370000000000000284e+01 -4.220025480077297525e-02
4.375000000000000000e+01 -4.390784545489283958e-02
4.380000000000000426e+01 -4.566896520049121971e-02
4.385000000000000142e+01 -4.748588401913069607e-02
4.390000000000000568e+01 -4.936090565630830984e-02
4.395000000000000284e+01 -5.129636795896221069e-02
4.400000000000000000e+01 -5.329464409067859176e-02
4.405000000000000426e+01 -5.535814256334972705e-02
4.410000000000000142e+01 -5.748930732361246659e-02
4.415000000000000568e+01 -5.969061850913641443e-02
4.420000000000000284e+01 -6.196459221122758987e-02
4.425000000000000000e+01 -6.431378227159562089e-02
4.430000000000000426e+01 -6.674078062612504025e-02
4.435000000000000142e+01 -6.924821731337142683e-02
4.440000000000000568e+01 -7.183876132643640666e-02
4.445000000000000284e+01 -7.451512042867108887e-02
4.450000000000000000e+01 -7.728004298648863402e-02
4.455000000000000426e+01 -8.013631891049141642e-02
4.460000000000000142e+01 -8.308677965546971966e-02
4.465000000000000568e+01 -8.613429901596501848e-02
4.470000000000000284e+01 -8.928179332423938352e-02
4.475000000000000000e+01 -9.253222312819245343e-02
4.480000000000000426e+01 -9.588859483524288241e-02
4.485000000000000142e+01 -9.935396071443676480e-02
4.490000000000000568e+01 -1.029314197602230752e-01
4.495000000000000284e+01 -1.066241181196101034e-01
4.500000000000000000e+01 -1.104352509964968837e-01
4.505000000000000426e+01 -1.143680648216078011e-01
4.510000000000000142e+01 -1.184258572623783923e-01
4.515000000000000568e+01 -1.226119783710812733e-01
4.520000000000000284e+01 -1.269298309808257752e-01
4.525000000000000000e+01 -1.313828734477721916e-01
4.530000000000000426e+01 -1.359746220154635643e-01
4.535000000000000142e+01 -1.407086508335626818e-01
4.540000000000000568e+01 -1.455885936815080606e-01
4.545000000000000284e+01 -1.506181440434303243e-01
4.550000000000000000e+01 -1.558010594807564819e-01
4.555000000000000426e+01 -1.611411636285441651e-01
4.560000000000000142e+01 -1.666423463877585442e-01
4.565000000000000568e+01 -1.723085661832979565e-01
4.570000000000000284e+01 -1.781438502936041335e-01
4.575000000000000000e+01 -1.841523008766967617e-01
4.580000000000000426e+01 -1.903380961700325003e-01
4.585000000000000142e+01 -1.967054913035360397e-01
4.590000000000000568e+01 -2.032588205494726685e-01
4.595000000000000284e+01 -2.100024996920410447e-01
4.600000000000000000e+01 -2.169410323931928730e-01
4.605000000000000426e+01 -2.240790105555682532e-01
4.610000000000000142e+01 -2.314211168075906433e-01
4.615000000000000568e+01 -2.389721255007661860e-01
4.620000000000000284e+01 -2.467369099115580833e-01
4.625000000000000000e+01 -2.547204462460349594e-01
4.630000000000000426e+01 -2.629278143351041486e-01
4.635000000000000142e+01 -2.713642011248234009e-01
4.640000000000000568e+01 -2.800349034622402478e-01
4.645000000000000284e+01 -2.889453378212028523e-01
4.650000000000000000e+01 -2.981010412722509550e-01
4.655000000000000426e+01 -3.075076750044467011e-01
4.660000000000000142e+01 -3.171710260622849775e-01
4.665000000000000568e+01 -3.270970182999183296e-01
4.670000000000000284e+01 -3.372917172510040973e-01
4.675000000000000000e+01 -3.477613319387145019e-01
4.680000000000000426e+01 -3.585122191067548481e-01
4.685000000000000142e+01 -3.695508909333113379e-01
4.690000000000000568e+01 -3.808840260086308049e-01
4.695000000000000284e+01 -3.925184705583755207e-01
4.700000000000000000e+01 -4.044612440148079857e-01
4.705000000000000426e+01 -4.167195447354688498e-01
4.710000000000000142e+01 -4.293007658383983793e-01
4.715000000000000568e+01 -4.422124973452988828e-01
4.720000000000000284e+01 -4.554625324370516481e-01
4.725000000000000000e+01 -4.690588727329588759e-01
4.730000000000000426e+01 -4.830097477049686838e-01
4.735000000000000142e+01 -4.973236186340603271e-01
4.740000000000000568e+01 -5.120091854432460288e-01
4.745000000000000284e+01 -5.270753928732079263e-01
4.750000000000000000e+01 -5.425314530846734318e-01
4.755000000000000426e+01 -5.583868513170181513e-01
4.760000000000000142e+01 -5.746513537102309055e-01
4.765000000000000568e+01 -5.913350155693467558e-01
4.770000000000000284e+01 -6.084482075586281624e-01
4.775000000000000000e+01 -6.260016221196814667e-01
4.780000000000000426e+01 -6.440062828569224074e-01
4.785000000000000142e+01 -6.624735571090828445e-01
4.790000000000000568e+01 -6.814151852737427850e-01
4.795000000000000284e+01 -7.008432872288294924e-01
4.800000000000000000e+01 -7.207703737947683820e-01
4.805000000000000426e+01 -7.412093678506403993e-01
4.810000000000000142e+01 -7.621736332445083750e-01
4.815000000000000568e+01 -7.836769825487954755e-01
4.820000000000000284e+01 -8.057336912720070021e-01
4.825000000000000000e+01 -8.283585324571700603e-01
4.830000000000000426e+01 -8.515667986539571244e-01
4.835000000000000142e+01 -8.753743148428255738e-01
4.840000000000000568e+01 -8.997974598249277589e-01
4.845000000000000284e+01 -9.248532117526285790e-01
4.850000000000000000e+01 -9.505591614354090835e-01
4.855000000000000426e+01 -9.769335317508600625e-01
4.860000000000000142e+01 -1.003995221651411862e+00
4.865000000000000568e+01 -1.031763840106421526e+00
4.870000000000000284e+01 -1.060259723879393379e+00
4.875000000000000000e+01 -1.089503972095360984e+00
4.880000000000000426e+01 -1.119518503761647299e+00
4.885000000000000142e+01 -1.150326077647505052e+00
4.890000000000000568e+01 -1.181950322692631339e+00
4.895000000000000284e+01 -1.214415806983633050e+00
4.900000000000000000e+01 -1.247748069490299150e+00
4.905000000000000426e+01 -1.281973651216821830e+00
4.910000000000000142e+01 -1.317120166469622378e+00
4.915000000000000568e+01 -1.353216354028623281e+00
4.920000000000000284e+01 -1.390292109473493909e+00
4.925000000000000000e+01 -1.428378560219605298e+00
4.930000000000000426e+01 -1.467508135522594070e+00
4.935000000000000142e+01 -1.507714602864034914e+00
4.940000000000000568e+01 -1.549033150631981437e+00
4.945000000000000284e+01 -1.591500474595281878e+00
4.950000000000000000e+01 -1.635154821053548480e+00
4.955000000000000426e+01 -1.680036083526227575e+00
4.960000000000000142e+01 -1.726185902254596227e+00
4.965000000000000568e+01 -1.773647717006873403e+00
4.970000000000000284e+01 -1.822466886069396219e+00
4.975000000000000000e+01 -1.872690793732341152e+00
4.980000000000000426e+01 -1.924368918086360125e+00
4.985000000000000142e+01 -1.977552980426751761e+00
4.990000000000000568e+01 -2.032297054538333203e+00
4.995000000000000284e+01 -2.088657660050810883e+00
5.000000000000000000e+01 -2.146693945511734647e+00
5.005000000000000426e+01 -2.206467795226007667e+00
5.010000000000000142e+01 -2.268043967739016509e+00
5.015000000000000568e+01 -2.331490301820295041e+00
5.020000000000000284e+01 -2.396877825585996380e+00
5.025000000000000000e+01 -2.464280971142053911e+00
5.030000000000000426e+01 -2.533777766322099723e+00
5.035000000000000142e+01 -2.605449990454960840e+00
5.040000000000000568e+01 -2.679383454358391425e+00
5.045000000000000284e+01 -2.755668168207796143e+00
5.050000000000000000e+01 -2.834398606541346233e+00
5.055000000000000426e+01 -2.915673984219778525e+00
5.060000000000000142e+01 -2.999598471129057753e+00
5.065000000000000568e+01 -3.086281561082025782e+00
5.070000000000000284e+01 -3.175838306251801413e+00
5.075000000000000000e+01 -3.268389695951407159e+00
5.080000000000000426e+01 -3.364062998638567947e+00
5.085000000000000142e+01 -3.462992101495213859e+00
5.090000000000000568e+01 -3.565317980269375298e+00
5.095000000000000284e+01 -3.671189034819821728e+00
5.100000000000000000e+01 -3.780761641464972289e+00
5.105000000000000426e+01 -3.894200546547694319e+00
5.110000000000000142e+01 -4.011679460632903371e+00
5.115000000000000568e+01 -4.133381562171890344e+00
5.120000000000000284e+01 -4.259500109717917482e+00
5.125000000000000000e+01 -4.390239086005977676e+00
5.130000000000000426e+01 -4.525813833545613285e+00
5.135000000000000142e+01 -4.666451843870773608e+00
5.140000000000000568e+01 -4.812393445494479671e+00
5.145000000000000284e+01 -4.963892730696814581e+00
5.150000000000000000e+01 -5.121218331640379873e+00
5.155000000000000426e+01 -5.284654482342771686e+00
5.160000000000000142e+01 -5.454501911260843272e+00
5.165000000000000568e+01 -5.631079048168206924e+00
5.170000000000000284e+01 -5.814723056919098632e+00
5.175000000000000000e+01 -6.005791201631716980e+00
5.180000000000000426e+01 -6.204662044922215181e+00
5.185000000000000142e+01 -6.411736987696532886e+00
5.190000000000000568e+01 -6.627441664707822255e+00
5.195000000000000284e+01 -6.852227663170355143e+00
5.200000000000000000e+01 -7.086574164495252681e+00
5.205000000000000426e+01 -7.330989830828242404e+00
5.210000000000000142e+01 -7.586014751342133877e+00
5.215000000000000568e+01 -7.852222486329498707e+00
5.220000000000000284e+01 -8.130222357382240972e+00
5.225000000000000000e+01 -8.420661666141297630e+00
5.230000000000000426e+01 -8.724228317708467628e+00
5.235000000000000142e+01 -9.041653271648247170e+00
5.240000000000000568e+01 -9.373713428429963912e+00
5.245000000000000284e+01 -9.721234391423406507e+00
5.250000000000000000e+01 -1.008509349628929641e+01
5.255000000000000426e+01 -1.046622293917258162e+01
5.260000000000000142e+01 -1.086561284441463293e+01
5.265000000000000568e+01 -1.128431463881966579e+01
5.270000000000000284e+01 -1.172344413938107976e+01
5.275000000000000000e+01 -1.218418485844641985e+01
5.280000000000000426e+01 -1.266779103735674639e+01
5.285000000000000142e+01 -1.317559048428317325e+01
5.290000000000000568e+01 -1.370898717865277128e+01
5.295000000000000284e+01 -1.426946320633180676e+01
5.300000000000000000e+01 -1.485858016448041852e+01
5.305000000000000426e+01 -1.547797945662014207e+01
5.310000000000000142e+01 -1.612938138994513082e+01
5.315000000000000568e+01 -1.681458245974972954e+01
5.320000000000000284e+01 -1.753545039100399805e+01
5.325000000000000000e+01 -1.829391624836302199e+01
5.330000000000000426e+01 -1.909196266293970368e+01
5.335000000000000142e+01 -1.993160712753190467e+01
5.340000000000000568e+01 -2.081487899984933421e+01
5.345000000000000284e+01 -2.174378841831296327e+01
5.350000000000000000e+01 -2.272028490858354743e+01
5.355000000000000426e+01 -2.374620290197829675e+01
5.360000000000000142e+01 -2.482319063238597678e+01
5.365000000000000568e+01 -2.595261792147812230e+01
5.370000000000000284e+01 -2.713545726079254194e+01
5.375000000000000000e+01 -2.837213112909380897e+01
5.380000000000000426e+01 -2.966231648292286138e+01
5.385000000000000142e+01 -3.100469529093799892e+01
5.390000000000000568e+01 -3.239663687922334390e+01
5.395000000000000284e+01 -3.383379425626144155e+01
5.400000000000000000e+01 -3.530959236168315840e+01
5.405000000000000426e+01 -3.681458018831622780e+01
5.410000000000000142e+01 -3.833561247764681212e+01
5.415000000000000568e+01 -3.985481837823812157e+01
5.420000000000000284e+01 -4.134830507057527882e+01
5.425000000000000000e+01 -4.278453331307607499e+01
5.430000000000000426e+01 -4.412229028137625875e+01
5.435000000000000142e+01 -4.530817266787735065e+01
5.440000000000000568e+01 -4.627348262087365782e+01
5.445000000000000284e+01 -4.693043291643399328e+01
5.450000000000000000e+01 -4.716756144339888834e+01
5.455000000000000426e+01 -4.684427731838847109e+01
5.460000000000000142e+01 -4.578451508506007883e+01
5.465000000000000568e+01 -4.376958124370557357e+01
5.470000000000000284e+01 -4.053047039903301396e+01
5.475000000000000000e+01 -3.574024845825801577e+01
5.480000000000000426e+01 -2.900761653390353700e+01
5.485000000000000142e+01 -1.987354691285304042e+01
5.490000000000000568e+01 -7.814011062481602821e+00
5.495000000000000284e+01 7.746630637082642323e+00
5.500000000000000000e+01 2.740505307403990898e+01
5.505000000000000426e+01 5.172250067750900371e+01
5.510000000000000142e+01 8.113189056797114063e+01
5.515000000000000568e+01 1.157977076095332905e+02
5.520000000000000284e+01 1.554215900622395736e+02
5.525000000000000000e+01 1.989977891227086388e+02
5.530000000000000426e+01 2.445461634152959789e+02
5.535000000000000142e+01 2.888889982088265356e+02
5.540000000000000568e+01 3.275869688835351212e+02
5.545000000000000284e+01 3.551867187105403332e+02
5.550000000000000000e+01 3.659125390864993506e+02
5.555000000000000426e+01 3.548059138896498439e+02
5.560000000000000142e+01 3.190763126052820553e+02
5.565000000000000568e+01 2.591859888629342095e+02
5.570000000000000284e+01 1.791592686277104178e+02
5.575000000000000000e+01 8.592181328939011564e+01
5.580000000000000426e+01 -1.198483959389812981e+01
5.585000000000000142e+01 -1.055420222202600087e+02
5.590000000000000568e+01 -1.854066311432745522e+02
5.595000000000000284e+01 -2.404538170223542011e+02
5.600000000000000000e+01 -2.543433572343610649e+02
5.605000000000000426e+01 -2.000716070057414129e+02
5.610000000000000142e+01 -3.373386428180498342e+01
5.615000000000000568e+01 3.065727016879095572e+02
5.620000000000000284e+01 8.782351147332800565e+02
5.625000000000000000e+01 1.650560169985945322e+03
5.630000000000000426e+01 2.344072593268588207e+03
5.635000000000000142e+01 2.377149461861894451e+03
5.640000000000000568e+01 1.342044335233388665e+03
5.645000000000000284e+01 -3.322904018838708566e+02
5.650000000000000000e+01 -1.619479737043751811e+03
5.655000000000000426e+01 -7.788305518621452848e+02
5.660000000000000142e+01 6.932568832471727546e+03
5.665000000000000568e+01 1.654406346714755637e+04
5.670000000000000284e+01 -6.516789004543411465e+03
5.675000000000000000e+01 4.700461502379633748e+04
5.680000000000000426e+01 -4.039871322191169747e+04
