# time(fs)  |c_eb|^2/n0  n0=1e-4  Delta=0.0meV  nu=0.2eV
0.000000000000e+00 0.000000000000e+00
5.000000000000e-01 3.322197753895e-07
1.000000000000e+00 5.279218647210e-06
1.500000000000e+00 2.642229107845e-05
2.000000000000e+00 8.217997320833e-05
2.500000000000e+00 1.965358746170e-04
3.000000000000e+00 3.973611773580e-04
3.500000000000e+00 7.144285166503e-04
4.000000000000e+00 1.177232261249e-03
4.500000000000e+00 1.812742213528e-03
5.000000000000e+00 2.643222780341e-03
5.500000000000e+00 3.684247428063e-03
6.000000000000e+00 4.943028822840e-03
6.500000000000e+00 6.417168950256e-03
7.000000000000e+00 8.093911548640e-03
7.500000000000e+00 9.949952534902e-03
8.000000000000e+00 1.195183416390e-02
8.500000000000e+00 1.405691703372e-02
9.000000000000e+00 1.621489242450e-02
9.500000000000e+00 1.836976752551e-02
1.000000000000e+01 2.046222948531e-02
1.050000000000e+01 2.243227233442e-02
1.100000000000e+01 2.422195491295e-02
1.150000000000e+01 2.577814885803e-02
1.200000000000e+01 2.705513395173e-02
1.250000000000e+01 2.801690391786e-02
1.300000000000e+01 2.863905881108e-02
1.350000000000e+01 2.891017977204e-02
1.400000000000e+01 2.883260720997e-02
1.450000000000e+01 2.842257310958e-02
1.500000000000e+01 2.770967060609e-02
1.550000000000e+01 2.673567756773e-02
1.600000000000e+01 2.555278392453e-02
1.650000000000e+01 2.422130316409e-02
1.700000000000e+01 2.280697517423e-02
1.750000000000e+01 2.137798904315e-02
1.800000000000e+01 2.000186939651e-02
1.850000000000e+01 1.874237755903e-02
1.900000000000e+01 1.765657885218e-02
1.950000000000e+01 1.679221965569e-02
2.000000000000e+01 1.618554284608e-02
2.050000000000e+01 1.585964864238e-02
2.100000000000e+01 1.582348083768e-02
2.150000000000e+01 1.607148727386e-02
2.200000000000e+01 1.658396980176e-02
2.250000000000e+01 1.732810462225e-02
2.300000000000e+01 1.825958058415e-02
2.350000000000e+01 1.932477241562e-02
2.400000000000e+01 2.046333957717e-02
2.450000000000e+01 2.161112079502e-02
2.500000000000e+01 2.270318038764e-02
2.550000000000e+01 2.367685594491e-02
2.600000000000e+01 2.447465806424e-02
2.650000000000e+01 2.504688159820e-02
2.700000000000e+01 2.535380373425e-02
2.750000000000e+01 2.536736635111e-02
2.800000000000e+01 2.507226729935e-02
2.850000000000e+01 2.446641609478e-02
2.900000000000e+01 2.356074237001e-02
2.950000000000e+01 2.237837858369e-02
3.000000000000e+01 2.095327020682e-02
3.050000000000e+01 1.932829524926e-02
3.100000000000e+01 1.755299909422e-02
3.150000000000e+01 1.568106892279e-02
3.200000000000e+01 1.376768363013e-02
3.250000000000e+01 1.186687951773e-02
3.300000000000e+01 1.002906895707e-02
3.350000000000e+01 8.298838934512e-03
3.400000000000e+01 6.713139478575e-03
3.450000000000e+01 5.299949347891e-03
3.500000000000e+01 4.077479316431e-03
3.550000000000e+01 3.053943359256e-03
3.600000000000e+01 2.227896652929e-03
3.650000000000e+01 1.589108246845e-03
3.700000000000e+01 1.119907200293e-03
3.750000000000e+01 7.969154679046e-04
3.800000000000e+01 5.930602138201e-04
3.850000000000e+01 4.797436374292e-04
3.900000000000e+01 4.290405717577e-04
3.950000000000e+01 4.157934758424e-04
4.000000000000e+01 4.194810050240e-04
4.050000000000e+01 4.257497403621e-04
4.100000000000e+01 4.275181546640e-04
4.150000000000e+01 4.255864237793e-04
4.200000000000e+01 4.287139235437e-04
4.250000000000e+01 4.531566432076e-04
4.300000000000e+01 5.216876461554e-04
4.350000000000e+01 6.621534297961e-04
4.400000000000e+01 9.056459514776e-04
4.450000000000e+01 1.284392728903e-03
4.500000000000e+01 1.829484532005e-03
4.550000000000e+01 2.568570809679e-03
4.600000000000e+01 3.523656536194e-03
4.650000000000e+01 4.709130380754e-03
4.700000000000e+01 6.130143172098e-03
4.750000000000e+01 7.781438096006e-03
4.800000000000e+01 9.646710832367e-03
4.850000000000e+01 1.169855012518e-02
4.900000000000e+01 1.389897854265e-02
4.950000000000e+01 1.620058105234e-02
5.000000000000e+01 1.854817721570e-02
5.050000000000e+01 2.088096299541e-02
5.100000000000e+01 2.313502197582e-02
5.150000000000e+01 2.524608462383e-02
5.200000000000e+01 2.715239923135e-02
5.250000000000e+01 2.879757020156e-02
5.300000000000e+01 3.013321887756e-02
5.350000000000e+01 3.112132918964e-02
5.400000000000e+01 3.173615470624e-02
5.450000000000e+01 3.196558454543e-02
5.500000000000e+01 3.181189195866e-02
5.550000000000e+01 3.129181989256e-02
5.600000000000e+01 3.043599091389e-02
5.650000000000e+01 2.928766284532e-02
5.700000000000e+01 2.790088454155e-02
5.750000000000e+01 2.633813671831e-02
5.800000000000e+01 2.466756904707e-02
5.850000000000e+01 2.295996546991e-02
5.900000000000e+01 2.128558378536e-02
5.950000000000e+01 1.971102226212e-02
6.000000000000e+01 1.829626499407e-02
6.050000000000e+01 1.709204895883e-02
6.100000000000e+01 1.613767972768e-02
6.150000000000e+01 1.545940031960e-02
6.200000000000e+01 1.506938995449e-02
6.250000000000e+01 1.496543787143e-02
6.300000000000e+01 1.513130356802e-02
6.350000000000e+01 1.553774054689e-02
6.400000000000e+01 1.614412766906e-02
6.450000000000e+01 1.690062221755e-02
6.500000000000e+01 1.775072332824e-02
6.550000000000e+01 1.863411480962e-02
6.600000000000e+01 1.948964354751e-02
6.650000000000e+01 2.025828432464e-02
6.700000000000e+01 2.088594419147e-02
6.750000000000e+01 2.132596934883e-02
6.800000000000e+01 2.154123428999e-02
6.850000000000e+01 2.150571577924e-02
6.900000000000e+01 2.120548188835e-02
6.950000000000e+01 2.063905729569e-02
7.000000000000e+01 1.981715873476e-02
7.050000000000e+01 1.876182713771e-02
7.100000000000e+01 1.750501394534e-02
7.150000000000e+01 1.608670664066e-02
7.200000000000e+01 1.455270138034e-02
7.250000000000e+01 1.295214748761e-02
7.300000000000e+01 1.133499867536e-02
7.350000000000e+01 9.749508732140e-03
7.400000000000e+01 8.239904874500e-03
7.450000000000e+01 6.844360404619e-03
7.500000000000e+01 5.593370330862e-03
7.550000000000e+01 4.508610204535e-03
7.600000000000e+01 3.602330935743e-03
7.650000000000e+01 2.877312198198e-03
7.700000000000e+01 2.327365901999e-03
7.750000000000e+01 1.938350762181e-03
7.800000000000e+01 1.689630854405e-03
7.850000000000e+01 1.555886744724e-03
7.900000000000e+01 1.509168607414e-03
7.950000000000e+01 1.521067729806e-03
8.000000000000e+01 1.564876641230e-03
8.050000000000e+01 1.617609122154e-03
8.100000000000e+01 1.661759491417e-03
8.150000000000e+01 1.686695393124e-03
8.200000000000e+01 1.689599010119e-03
8.250000000000e+01 1.675897099068e-03
8.300000000000e+01 1.659149097534e-03
8.350000000000e+01 1.660393237695e-03
8.400000000000e+01 1.706981441630e-03
8.450000000000e+01 1.830963102595e-03
8.500000000000e+01 2.067104073619e-03
8.550000000000e+01 2.450648840031e-03
8.600000000000e+01 3.014949759295e-03
8.650000000000e+01 3.789096516617e-03
8.700000000000e+01 4.795681010752e-03
8.750000000000e+01 6.048827611574e-03
8.800000000000e+01 7.552606345069e-03
8.850000000000e+01 9.299927679549e-03
8.900000000000e+01 1.127199317577e-02
8.950000000000e+01 1.343834758913e-02
9.000000000000e+01 1.575754657259e-02
9.050000000000e+01 1.817842157922e-02
9.100000000000e+01 2.064189162228e-02
9.150000000000e+01 2.308324191649e-02
9.200000000000e+01 2.543476368017e-02
9.250000000000e+01 2.762862890556e-02
9.300000000000e+01 2.959985982566e-02
9.350000000000e+01 3.128924591189e-02
9.400000000000e+01 3.264606189834e-02
9.450000000000e+01 3.363044860067e-02
9.500000000000e+01 3.421533379602e-02
9.550000000000e+01 3.438779236336e-02
9.600000000000e+01 3.414977214218e-02
9.650000000000e+01 3.351814321026e-02
9.700000000000e+01 3.252406186805e-02
9.750000000000e+01 3.121167482561e-02
9.800000000000e+01 2.963622216055e-02
9.850000000000e+01 2.786162783745e-02
9.900000000000e+01 2.595769238059e-02
9.950000000000e+01 2.399702233290e-02
1.000000000000e+02 2.205184437094e-02
1.005000000000e+02 2.019085768791e-02
1.010000000000e+02 1.847627620258e-02
1.015000000000e+02 1.696120240756e-02
1.020000000000e+02 1.568745773969e-02
1.025000000000e+02 1.468397111865e-02
1.030000000000e+02 1.396579896796e-02
1.035000000000e+02 1.353381807466e-02
1.040000000000e+02 1.337509872040e-02
1.045000000000e+02 1.346393139401e-02
1.050000000000e+02 1.376344783272e-02
1.055000000000e+02 1.422774780471e-02
1.060000000000e+02 1.480441848334e-02
1.065000000000e+02 1.543731467283e-02
1.070000000000e+02 1.606945648591e-02
1.075000000000e+02 1.664589692331e-02
1.080000000000e+02 1.711641529415e-02
1.085000000000e+02 1.743790333605e-02
1.090000000000e+02 1.757632861909e-02
1.095000000000e+02 1.750818336027e-02
1.100000000000e+02 1.722135486165e-02
1.105000000000e+02 1.671538490567e-02
1.110000000000e+02 1.600111793189e-02
1.115000000000e+02 1.509976995959e-02
1.120000000000e+02 1.404148031490e-02
1.125000000000e+02 1.286343469557e-02
1.130000000000e+02 1.160766958742e-02
1.135000000000e+02 1.031868343527e-02
1.140000000000e+02 9.040988489101e-03
1.145000000000e+02 7.816738498980e-03
1.150000000000e+02 6.683561402506e-03
1.155000000000e+02 5.672713206573e-03
1.160000000000e+02 4.807650133817e-03
1.165000000000e+02 4.103091883421e-03
1.170000000000e+02 3.564620830231e-03
1.175000000000e+02 3.188831702785e-03
1.180000000000e+02 2.964015392400e-03
1.185000000000e+02 2.871330693284e-03
1.190000000000e+02 2.886390587286e-03
1.195000000000e+02 2.981166625983e-03
1.200000000000e+02 3.126097263932e-03
1.205000000000e+02 3.292274618622e-03
1.210000000000e+02 3.453579688048e-03
1.215000000000e+02 3.588638789843e-03
1.220000000000e+02 3.682483756035e-03
1.225000000000e+02 3.727814706818e-03
1.230000000000e+02 3.725786167490e-03
1.235000000000e+02 3.686263710713e-03
1.240000000000e+02 3.627527785369e-03
1.245000000000e+02 3.575432349141e-03
1.250000000000e+02 3.562056691046e-03
1.255000000000e+02 3.623917732095e-03
1.260000000000e+02 3.799835572123e-03
1.265000000000e+02 4.128565710656e-03
1.270000000000e+02 4.646326049690e-03
1.275000000000e+02 5.384354674175e-03
1.280000000000e+02 6.366635031882e-03
1.285000000000e+02 7.607918390696e-03
1.290000000000e+02 9.112159664284e-03
1.295000000000e+02 1.087146254039e-02
1.300000000000e+02 1.286560434145e-02
1.305000000000e+02 1.506218150880e-02
1.310000000000e+02 1.741738456203e-02
1.315000000000e+02 1.987737851790e-02
1.320000000000e+02 2.238023278390e-02
1.325000000000e+02 2.485831515840e-02
1.330000000000e+02 2.724103933238e-02
1.335000000000e+02 2.945783554644e-02
1.340000000000e+02 3.144120088606e-02
1.345000000000e+02 3.312967981978e-02
1.350000000000e+02 3.447062735178e-02
1.355000000000e+02 3.542261652071e-02
1.360000000000e+02 3.595736853218e-02
1.365000000000e+02 3.606110664903e-02
1.370000000000e+02 3.573526301490e-02
1.375000000000e+02 3.499649940859e-02
1.380000000000e+02 3.387603685879e-02
1.385000000000e+02 3.241832336265e-02
1.390000000000e+02 3.067910190562e-02
1.395000000000e+02 2.872297083866e-02
1.400000000000e+02 2.662055390195e-02
1.405000000000e+02 2.444541648781e-02
1.410000000000e+02 2.227087710725e-02
1.415000000000e+02 2.016686782667e-02
1.420000000000e+02 1.819699442859e-02
1.425000000000e+02 1.641593638500e-02
1.430000000000e+02 1.486730897743e-02
1.435000000000e+02 1.358208598347e-02
1.440000000000e+02 1.257765253053e-02
1.445000000000e+02 1.185752549966e-02
1.450000000000e+02 1.141174492978e-02
1.455000000000e+02 1.121790599247e-02
1.460000000000e+02 1.124276904388e-02
1.465000000000e+02 1.144435666594e-02
1.470000000000e+02 1.177442297257e-02
1.475000000000e+02 1.218116296266e-02
1.480000000000e+02 1.261201923005e-02
1.485000000000e+02 1.301644042005e-02
1.490000000000e+02 1.334845050761e-02
1.495000000000e+02 1.356889999069e-02
1.500000000000e+02 1.364728875438e-02
1.505000000000e+02 1.356307461410e-02
1.510000000000e+02 1.330641007109e-02
1.515000000000e+02 1.287828106514e-02
1.520000000000e+02 1.229005380231e-02
1.525000000000e+02 1.156246734649e-02
1.530000000000e+02 1.072413891142e-02
1.535000000000e+02 9.809674135286e-03
1.540000000000e+02 8.857494735431e-03
1.545000000000e+02 7.907509791635e-03
1.550000000000e+02 6.998763796134e-03
1.555000000000e+02 6.167194208400e-03
1.560000000000e+02 5.443623641549e-03
1.565000000000e+02 4.852097436768e-03
1.570000000000e+02 4.408657057707e-03
1.575000000000e+02 4.120614588333e-03
1.580000000000e+02 3.986365038282e-03
1.585000000000e+02 3.995742683592e-03
1.590000000000e+02 4.130896971436e-03
1.595000000000e+02 4.367634251750e-03
1.600000000000e+02 4.677145343633e-03
1.605000000000e+02 5.028017125307e-03
1.610000000000e+02 5.388410129289e-03
1.615000000000e+02 5.728274407146e-03
1.620000000000e+02 6.021473235378e-03
1.625000000000e+02 6.247688720559e-03
1.630000000000e+02 6.393994801090e-03
1.635000000000e+02 6.456000936143e-03
1.640000000000e+02 6.438492980044e-03
1.645000000000e+02 6.355525130910e-03
1.650000000000e+02 6.229946958867e-03
1.655000000000e+02 6.092380755852e-03
1.660000000000e+02 5.979695122822e-03
1.665000000000e+02 5.933049182537e-03
1.670000000000e+02 5.995606536967e-03
1.675000000000e+02 6.210037706213e-03
1.680000000000e+02 6.615943244243e-03
1.685000000000e+02 7.247336238466e-03
1.690000000000e+02 8.130322060610e-03
1.695000000000e+02 9.281105067469e-03
1.700000000000e+02 1.070443679982e-02
1.705000000000e+02 1.239259884481e-02
1.710000000000e+02 1.432498700935e-02
1.715000000000e+02 1.646833313889e-02
1.720000000000e+02 1.877756837504e-02
1.725000000000e+02 2.119729856497e-02
1.730000000000e+02 2.366383063962e-02
1.735000000000e+02 2.610765973788e-02
1.740000000000e+02 2.845630220120e-02
1.745000000000e+02 3.063734060615e-02
1.750000000000e+02 3.258153475958e-02
1.755000000000e+02 3.422584772585e-02
1.760000000000e+02 3.551623877660e-02
1.765000000000e+02 3.641008554607e-02
1.770000000000e+02 3.687811515184e-02
1.775000000000e+02 3.690574769664e-02
1.780000000000e+02 3.649378423830e-02
1.785000000000e+02 3.565840354730e-02
1.790000000000e+02 3.443046609898e-02
1.795000000000e+02 3.285415800542e-02
1.800000000000e+02 3.098504027078e-02
1.805000000000e+02 2.888759812994e-02
1.810000000000e+02 2.663240978977e-02
1.815000000000e+02 2.429307239441e-02
1.820000000000e+02 2.194303450688e-02
1.825000000000e+02 1.965248826322e-02
1.830000000000e+02 1.748547041766e-02
1.835000000000e+02 1.549730997693e-02
1.840000000000e+02 1.373254163090e-02
1.845000000000e+02 1.222337970298e-02
1.850000000000e+02 1.098881815664e-02
1.855000000000e+02 1.003438983959e-02
1.860000000000e+02 9.352584322751e-03
1.865000000000e+02 8.923890169667e-03
1.870000000000e+02 8.718396004355e-03
1.875000000000e+02 8.697856970300e-03
1.880000000000e+02 8.818110525510e-03
1.885000000000e+02 9.031709158382e-03
1.890000000000e+02 9.290628365619e-03
1.895000000000e+02 9.548906532326e-03
1.900000000000e+02 9.765079238332e-03
1.905000000000e+02 9.904283629360e-03
1.910000000000e+02 9.939928061719e-03
1.915000000000e+02 9.854847174094e-03
1.920000000000e+02 9.641891491218e-03
1.925000000000e+02 9.303932030702e-03
1.930000000000e+02 8.853292470375e-03
1.935000000000e+02 8.310652509790e-03
1.940000000000e+02 7.703494460765e-03
1.945000000000e+02 7.064189316754e-03
1.950000000000e+02 6.427837301453e-03
1.955000000000e+02 5.829990208120e-03
1.960000000000e+02 5.304388084157e-03
1.965000000000e+02 4.880840754198e-03
1.970000000000e+02 4.583375456032e-03
1.975000000000e+02 4.428756022289e-03
1.980000000000e+02 4.425457475992e-03
1.985000000000e+02 4.573153799042e-03
1.990000000000e+02 4.862747423447e-03
1.995000000000e+02 5.276938273548e-03
2.000000000000e+02 5.791299627610e-03
2.005000000000e+02 6.375799331334e-03
2.010000000000e+02 6.996679527286e-03
2.015000000000e+02 7.618587456946e-03
2.020000000000e+02 8.206835153997e-03
2.025000000000e+02 8.729657783254e-03
2.030000000000e+02 9.160339440061e-03
2.035000000000e+02 9.479081479499e-03
2.040000000000e+02 9.674501574004e-03
2.045000000000e+02 9.744671021372e-03
2.050000000000e+02 9.697622328252e-03
2.055000000000e+02 9.551287485182e-03
2.060000000000e+02 9.332858125981e-03
2.065000000000e+02 9.077590292883e-03
2.070000000000e+02 8.827107129882e-03
2.075000000000e+02 8.627280866322e-03
2.080000000000e+02 8.525799423159e-03
2.085000000000e+02 8.569541564377e-03
2.090000000000e+02 8.801896733648e-03
2.095000000000e+02 9.260170843516e-03
2.100000000000e+02 9.973217000706e-03
2.105000000000e+02 1.095942056771e-02
2.110000000000e+02 1.222515146031e-02
2.115000000000e+02 1.376377403228e-02
2.120000000000e+02 1.555527742714e-02
2.125000000000e+02 1.756655825842e-02
2.130000000000e+02 1.975235452707e-02
2.135000000000e+02 2.205679649039e-02
2.140000000000e+02 2.441550847369e-02
2.145000000000e+02 2.675816701766e-02
2.150000000000e+02 2.901139677383e-02
2.155000000000e+02 3.110186745897e-02
2.160000000000e+02 3.295944391695e-02
2.165000000000e+02 3.452023752536e-02
2.170000000000e+02 3.572941105101e-02
2.175000000000e+02 3.654360043535e-02
2.180000000000e+02 3.693283531903e-02
2.185000000000e+02 3.688186447558e-02
2.190000000000e+02 3.639082149286e-02
2.195000000000e+02 3.547519853049e-02
2.200000000000e+02 3.416513011310e-02
2.205000000000e+02 3.250402298042e-02
2.210000000000e+02 3.054660024749e-02
2.215000000000e+02 2.835645685569e-02
2.220000000000e+02 2.600324707029e-02
2.225000000000e+02 2.355964236958e-02
2.230000000000e+02 2.109820858180e-02
2.235000000000e+02 1.868835401991e-02
2.240000000000e+02 1.639349551032e-02
2.245000000000e+02 1.426857688030e-02
2.250000000000e+02 1.235805531756e-02
2.255000000000e+02 1.069444606241e-02
2.260000000000e+02 9.297486458920e-03
2.265000000000e+02 8.173948030110e-03
2.270000000000e+02 7.318091658355e-03
2.275000000000e+02 6.712727919024e-03
2.280000000000e+02 6.330813857696e-03
2.285000000000e+02 6.137490640534e-03
2.290000000000e+02 6.092444931294e-03
2.295000000000e+02 6.152461677779e-03
2.300000000000e+02 6.274027983446e-03
2.305000000000e+02 6.415847290187e-03
2.310000000000e+02 6.541130171139e-03
2.315000000000e+02 6.619542195357e-03
2.320000000000e+02 6.628709791337e-03
2.325000000000e+02 6.555210638519e-03
2.330000000000e+02 6.395004449451e-03
2.335000000000e+02 6.153291462368e-03
2.340000000000e+02 5.843817823616e-03
2.345000000000e+02 5.487677571058e-03
2.350000000000e+02 5.111688484155e-03
2.355000000000e+02 4.746442161390e-03
2.360000000000e+02 4.424146088031e-03
2.365000000000e+02 4.176386247675e-03
2.370000000000e+02 4.031942452761e-03
2.375000000000e+02 4.014784855100e-03
2.380000000000e+02 4.142369281019e-03
2.385000000000e+02 4.424331730044e-03
2.390000000000e+02 4.861659543769e-03
2.395000000000e+02 5.446389660001e-03
2.400000000000e+02 6.161854486768e-03
2.405000000000e+02 6.983464911898e-03
2.410000000000e+02 7.879989489801e-03
2.415000000000e+02 8.815260554237e-03
2.420000000000e+02 9.750213491623e-03
2.425000000000e+02 1.064514592678e-02
2.430000000000e+02 1.146207025314e-02
2.435000000000e+02 1.216702648788e-02
2.440000000000e+02 1.273222321058e-02
2.445000000000e+02 1.313788234238e-02
2.450000000000e+02 1.337367833643e-02
2.455000000000e+02 1.343968320716e-02
2.460000000000e+02 1.334675463794e-02
2.465000000000e+02 1.311633381828e-02
2.470000000000e+02 1.277965112304e-02
2.475000000000e+02 1.237636959596e-02
2.480000000000e+02 1.195272675043e-02
2.485000000000e+02 1.155926282780e-02
2.490000000000e+02 1.124824688279e-02
2.495000000000e+02 1.107092964802e-02
2.500000000000e+02 1.107476311113e-02
2.505000000000e+02 1.130073048592e-02
2.510000000000e+02 1.178092656304e-02
2.515000000000e+02 1.253651742010e-02
2.520000000000e+02 1.357619066248e-02
2.525000000000e+02 1.489518368216e-02
2.530000000000e+02 1.647494904244e-02
2.535000000000e+02 1.828348443008e-02
2.540000000000e+02 2.027632133076e-02
2.545000000000e+02 2.239813335411e-02
2.550000000000e+02 2.458489367558e-02
2.555000000000e+02 2.676648299849e-02
2.560000000000e+02 2.886962622094e-02
2.565000000000e+02 3.082101882700e-02
2.570000000000e+02 3.255049380556e-02
2.575000000000e+02 3.399407717729e-02
2.580000000000e+02 3.509678513797e-02
2.585000000000e+02 3.581502817210e-02
2.590000000000e+02 3.611850663754e-02
2.595000000000e+02 3.599150730403e-02
2.600000000000e+02 3.543353987495e-02
2.605000000000e+02 3.445928513080e-02
2.610000000000e+02 3.309786034979e-02
2.615000000000e+02 3.139144133024e-02
2.620000000000e+02 2.939331194572e-02
2.625000000000e+02 2.716544009665e-02
2.630000000000e+02 2.477570175800e-02
2.635000000000e+02 2.229489137402e-02
2.640000000000e+02 1.979366629505e-02
2.645000000000e+02 1.733957482285e-02
2.650000000000e+02 1.499431163421e-02
2.655000000000e+02 1.281133122449e-02
2.660000000000e+02 1.083393025355e-02
2.665000000000e+02 9.093884337974e-03
2.670000000000e+02 7.610695262424e-03
2.675000000000e+02 6.391472342860e-03
2.680000000000e+02 5.431438472468e-03
2.685000000000e+02 4.715018969696e-03
2.690000000000e+02 4.217441439085e-03
2.695000000000e+02 3.906749019115e-03
2.700000000000e+02 3.746108985135e-03
2.705000000000e+02 3.696284759531e-03
2.710000000000e+02 3.718132666037e-03
2.715000000000e+02 3.774985572173e-03
2.720000000000e+02 3.834793811923e-03
2.725000000000e+02 3.871908988582e-03
2.730000000000e+02 3.868417554878e-03
2.735000000000e+02 3.814957282325e-03
2.740000000000e+02 3.710979403072e-03
2.745000000000e+02 3.564450704055e-03
2.750000000000e+02 3.391021450409e-03
2.755000000000e+02 3.212714980762e-03
2.760000000000e+02 3.056221517414e-03
2.765000000000e+02 2.950900718701e-03
2.770000000000e+02 2.926613578237e-03
2.775000000000e+02 3.011513581467e-03
2.780000000000e+02 3.229929071030e-03
2.785000000000e+02 3.600463452877e-03
2.790000000000e+02 4.134427500921e-03
2.795000000000e+02 4.834699277833e-03
2.800000000000e+02 5.695083119602e-03
2.805000000000e+02 6.700211045640e-03
2.810000000000e+02 7.825999404523e-03
2.815000000000e+02 9.040642217268e-03
2.820000000000e+02 1.030609221089e-02
2.825000000000e+02 1.157995267682e-02
2.830000000000e+02 1.281767949583e-02
2.835000000000e+02 1.397497425216e-02
2.840000000000e+02 1.501023739520e-02
2.845000000000e+02 1.588694545575e-02
2.850000000000e+02 1.657581875937e-02
2.855000000000e+02 1.705665576953e-02
2.860000000000e+02 1.731972664035e-02
2.865000000000e+02 1.736664092027e-02
2.870000000000e+02 1.721063145773e-02
2.875000000000e+02 1.687622699474e-02
2.880000000000e+02 1.639831809627e-02
2.885000000000e+02 1.582065325982e-02
2.890000000000e+02 1.519383258176e-02
2.895000000000e+02 1.457289361087e-02
2.900000000000e+02 1.401460654799e-02
2.905000000000e+02 1.357461255250e-02
2.910000000000e+02 1.330454869611e-02
2.915000000000e+02 1.324930552584e-02
2.920000000000e+02 1.344455809038e-02
2.925000000000e+02 1.391469888692e-02
2.930000000000e+02 1.467128211745e-02
2.935000000000e+02 1.571206385146e-02
2.940000000000e+02 1.702069341489e-02
2.945000000000e+02 1.856707909242e-02
2.950000000000e+02 2.030841765422e-02
2.955000000000e+02 2.219084401685e-02
2.960000000000e+02 2.415162622521e-02
2.965000000000e+02 2.612180349488e-02
2.970000000000e+02 2.802914267837e-02
2.975000000000e+02 2.980127236724e-02
2.980000000000e+02 3.136884474279e-02
2.985000000000e+02 3.266857371008e-02
2.990000000000e+02 3.364600387692e-02
2.995000000000e+02 3.425787826624e-02
3.000000000000e+02 3.447399260026e-02
3.005000000000e+02 3.427844954677e-02
3.010000000000e+02 3.367025617295e-02
3.015000000000e+02 3.266324048953e-02
3.020000000000e+02 3.128529671113e-02
3.025000000000e+02 2.957700198412e-02
3.030000000000e+02 2.758967818590e-02
3.035000000000e+02 2.538299935296e-02
3.040000000000e+02 2.302226701590e-02
3.045000000000e+02 2.057549109756e-02
3.050000000000e+02 1.811042229870e-02
3.055000000000e+02 1.569168263073e-02
3.060000000000e+02 1.337813396480e-02
3.065000000000e+02 1.122061052533e-02
3.070000000000e+02 9.260120904221e-03
3.075000000000e+02 7.526599506114e-03
3.080000000000e+02 6.038257715351e-03
3.085000000000e+02 4.801553071977e-03
3.090000000000e+02 3.811762054944e-03
3.095000000000e+02 3.054110426060e-03
3.100000000000e+02 2.505386163484e-03
3.105000000000e+02 2.135935337857e-03
3.110000000000e+02 1.911922160081e-03
3.115000000000e+02 1.797721858887e-03
3.120000000000e+02 1.758309680093e-03
3.125000000000e+02 1.761511403192e-03
3.130000000000e+02 1.779990199672e-03
3.135000000000e+02 1.792860875646e-03
3.140000000000e+02 1.786844644392e-03
3.145000000000e+02 1.756904338283e-03
3.150000000000e+02 1.706329913121e-03
3.155000000000e+02 1.646275578065e-03
3.160000000000e+02 1.594781161308e-03
3.165000000000e+02 1.575339681125e-03
3.170000000000e+02 1.615098917123e-03
3.175000000000e+02 1.742805648310e-03
3.180000000000e+02 1.986615996719e-03
3.185000000000e+02 2.371903175193e-03
3.190000000000e+02 2.919194452665e-03
3.195000000000e+02 3.642362289211e-03
3.200000000000e+02 4.547180729749e-03
3.205000000000e+02 5.630338035911e-03
3.210000000000e+02 6.878971278379e-03
3.215000000000e+02 8.270759584687e-03
3.220000000000e+02 9.774581516695e-03
3.225000000000e+02 1.135171036960e-02
3.230000000000e+02 1.295749073279e-02
3.235000000000e+02 1.454341210376e-02
3.240000000000e+02 1.605947225293e-02
3.245000000000e+02 1.745670561176e-02
3.250000000000e+02 1.868974116664e-02
3.255000000000e+02 1.971925085001e-02
3.260000000000e+02 2.051415340077e-02
3.265000000000e+02 2.105344992236e-02
3.270000000000e+02 2.132758538009e-02
3.275000000000e+02 2.133925407827e-02
3.280000000000e+02 2.110359551553e-02
3.285000000000e+02 2.064775844863e-02
3.290000000000e+02 2.000984385279e-02
3.295000000000e+02 1.923727002413e-02
3.300000000000e+02 1.838463361426e-02
3.305000000000e+02 1.751116730950e-02
3.310000000000e+02 1.667791674595e-02
3.315000000000e+02 1.594477493213e-02
3.320000000000e+02 1.536752108861e-02
3.325000000000e+02 1.499501194689e-02
3.330000000000e+02 1.486666709476e-02
3.335000000000e+02 1.501037623337e-02
3.340000000000e+02 1.544093588906e-02
3.345000000000e+02 1.615909726225e-02
3.350000000000e+02 1.715127680977e-02
3.355000000000e+02 1.838994835091e-02
3.360000000000e+02 1.983470166728e-02
3.365000000000e+02 2.143391945493e-02
3.370000000000e+02 2.312699375455e-02
3.375000000000e+02 2.484697620579e-02
3.380000000000e+02 2.652353500445e-02
3.385000000000e+02 2.808607637059e-02
3.390000000000e+02 2.946688041733e-02
3.395000000000e+02 3.060410093516e-02
3.400000000000e+02 3.144448577833e-02
3.405000000000e+02 3.194568888006e-02
3.410000000000e+02 3.207806568371e-02
3.415000000000e+02 3.182586988784e-02
3.420000000000e+02 3.118779952254e-02
3.425000000000e+02 3.017687295927e-02
3.430000000000e+02 2.881964883409e-02
3.435000000000e+02 2.715483634145e-02
3.440000000000e+02 2.523137228159e-02
3.445000000000e+02 2.310606707607e-02
3.450000000000e+02 2.084094242226e-02
3.455000000000e+02 1.850039731499e-02
3.460000000000e+02 1.614834608444e-02
3.465000000000e+02 1.384547160726e-02
3.470000000000e+02 1.164672897570e-02
3.475000000000e+02 9.599220084037e-03
3.480000000000e+02 7.740538639720e-03
3.485000000000e+02 6.097659135423e-03
3.490000000000e+02 4.686413703753e-03
3.495000000000e+02 3.511569101062e-03
3.500000000000e+02 2.567484004911e-03
3.505000000000e+02 1.839296063654e-03
3.510000000000e+02 1.304560337224e-03
3.515000000000e+02 9.352373906329e-04
3.520000000000e+02 6.999115859470e-04
3.525000000000e+02 5.661090029862e-04
3.530000000000e+02 5.025804864086e-04
3.535000000000e+02 4.814187675458e-04
3.540000000000e+02 4.798892428459e-04
3.545000000000e+02 4.818712163896e-04
3.550000000000e+02 4.788292848981e-04
3.555000000000e+02 4.702618045100e-04
3.560000000000e+02 4.636035310343e-04
3.565000000000e+02 4.735909105786e-04
3.570000000000e+02 5.211293904913e-04
3.575000000000e+02 6.317308136457e-04
3.580000000000e+02 8.336138679211e-04
3.585000000000e+02 1.155580304705e-03
3.590000000000e+02 1.624793113226e-03
3.595000000000e+02 2.264589283057e-03
3.600000000000e+02 3.092458829799e-03
3.605000000000e+02 4.118313429183e-03
3.610000000000e+02 5.343152737364e-03
3.615000000000e+02 6.758215085309e-03
3.620000000000e+02 8.344672877691e-03
3.625000000000e+02 1.007390312772e-02
3.630000000000e+02 1.190833173824e-02
3.635000000000e+02 1.380281813563e-02
3.640000000000e+02 1.570651643224e-02
3.645000000000e+02 1.756512206216e-02
3.650000000000e+02 1.932339033004e-02
3.655000000000e+02 2.092779681158e-02
3.660000000000e+02 2.232919986684e-02
3.665000000000e+02 2.348536332024e-02
3.670000000000e+02 2.436320275999e-02
3.675000000000e+02 2.494063164319e-02
3.680000000000e+02 2.520790281274e-02
3.685000000000e+02 2.516836617078e-02
3.690000000000e+02 2.483859277233e-02
3.695000000000e+02 2.424784796832e-02
3.700000000000e+02 2.343692974360e-02
3.705000000000e+02 2.245642130475e-02
3.710000000000e+02 2.136443754457e-02
3.715000000000e+02 2.022397164005e-02
3.720000000000e+02 1.909996932738e-02
3.725000000000e+02 1.805627322017e-02
3.730000000000e+02 1.715258711449e-02
3.735000000000e+02 1.644161015116e-02
3.740000000000e+02 1.596648297798e-02
3.745000000000e+02 1.575867306468e-02
3.750000000000e+02 1.583640483149e-02
3.755000000000e+02 1.620371339042e-02
3.760000000000e+02 1.685016980909e-02
3.765000000000e+02 1.775129249172e-02
3.770000000000e+02 1.886962526823e-02
3.775000000000e+02 2.015642976338e-02
3.780000000000e+02 2.155390931422e-02
3.785000000000e+02 2.299785564325e-02
3.790000000000e+02 2.442058897328e-02
3.795000000000e+02 2.575404832381e-02
3.800000000000e+02 2.693288203989e-02
3.805000000000e+02 2.789738948119e-02
3.810000000000e+02 2.859617316181e-02
3.815000000000e+02 2.898837602074e-02
3.820000000000e+02 2.904540010037e-02
3.825000000000e+02 2.875202958738e-02
3.830000000000e+02 2.810691153958e-02
3.835000000000e+02 2.712238012043e-02
3.840000000000e+02 2.582364311790e-02
3.845000000000e+02 2.424738125929e-02
3.850000000000e+02 2.243983971990e-02
3.855000000000e+02 2.045451581279e-02
3.860000000000e+02 1.834956590851e-02
3.865000000000e+02 1.618506718606e-02
3.870000000000e+02 1.402027528522e-02
3.875000000000e+02 1.191101707415e-02
3.880000000000e+02 9.907348647963e-03
3.885000000000e+02 8.051592912510e-03
3.890000000000e+02 6.376849492849e-03
3.895000000000e+02 4.906043405069e-03
3.900000000000e+02 3.651549343913e-03
3.905000000000e+02 2.615397147871e-03
3.910000000000e+02 1.790032652363e-03
3.915000000000e+02 1.159578404608e-03
3.920000000000e+02 7.015121669415e-04
3.925000000000e+02 3.886591902625e-04
3.930000000000e+02 1.913780651555e-04
3.935000000000e+02 7.981041819247e-05
3.940000000000e+02 2.606232410156e-05
3.945000000000e+02 6.190179301729e-06
3.950000000000e+02 1.875665820171e-06
3.955000000000e+02 1.692682553356e-06
3.960000000000e+02 1.892745527726e-06
3.965000000000e+02 6.663076302124e-06
3.970000000000e+02 2.784189530870e-05
3.975000000000e+02 8.410665749096e-05
3.980000000000e+02 1.996813961864e-04
3.985000000000e+02 4.026372975576e-04
3.990000000000e+02 7.228845621062e-04
3.995000000000e+02 1.189972183214e-03
4.000000000000e+02 1.830824434402e-03
4.005000000000e+02 2.667547903928e-03
4.010000000000e+02 3.715440529922e-03
4.015000000000e+02 4.981324359937e-03
4.020000000000e+02 6.462307176647e-03
4.025000000000e+02 8.145055564775e-03
4.030000000000e+02 1.000563464380e-02
4.035000000000e+02 1.200993902218e-02
4.040000000000e+02 1.411470719725e-02
4.045000000000e+02 1.626907938311e-02
4.050000000000e+02 1.841662833809e-02
4.055000000000e+02 2.049776588497e-02
4.060000000000e+02 2.245240590686e-02
4.065000000000e+02 2.422274886407e-02
4.070000000000e+02 2.575604429060e-02
4.075000000000e+02 2.700718668081e-02
4.080000000000e+02 2.794100681807e-02
4.085000000000e+02 2.853413465437e-02
4.090000000000e+02 2.877633055903e-02
4.095000000000e+02 2.867120805506e-02
4.100000000000e+02 2.823630172137e-02
4.105000000000e+02 2.750246713411e-02
4.110000000000e+02 2.651263381858e-02
4.115000000000e+02 2.531996539991e-02
4.120000000000e+02 2.398551172994e-02
4.125000000000e+02 2.257546412589e-02
4.130000000000e+02 2.115814559897e-02
4.135000000000e+02 1.980088199104e-02
4.140000000000e+02 1.856690654037e-02
4.145000000000e+02 1.751244921747e-02
4.150000000000e+02 1.668415327215e-02
4.155000000000e+02 1.611694527861e-02
4.160000000000e+02 1.583246239853e-02
4.165000000000e+02 1.583811278162e-02
4.170000000000e+02 1.612681341631e-02
4.175000000000e+02 1.667741597781e-02
4.180000000000e+02 1.745579704674e-02
4.185000000000e+02 1.841655619806e-02
4.190000000000e+02 1.950523560727e-02
4.195000000000e+02 2.066094950048e-02
4.200000000000e+02 2.181929220741e-02
4.205000000000e+02 2.291538078525e-02
4.210000000000e+02 2.388688274872e-02
4.215000000000e+02 2.467688159591e-02
4.220000000000e+02 2.523644240571e-02
4.225000000000e+02 2.552675625340e-02
4.230000000000e+02 2.552076465572e-02
4.235000000000e+02 2.520419251935e-02
4.240000000000e+02 2.457594869825e-02
4.245000000000e+02 2.364788566981e-02
4.250000000000e+02 2.244394234495e-02
4.255000000000e+02 2.099872496369e-02
4.260000000000e+02 1.935560882498e-02
4.265000000000e+02 1.756446683912e-02
4.270000000000e+02 1.567914842735e-02
4.275000000000e+02 1.375484326223e-02
4.280000000000e+02 1.184546819627e-02
4.285000000000e+02 1.000121235269e-02
4.290000000000e+02 8.266364962831e-03
4.295000000000e+02 6.677533682854e-03
4.300000000000e+02 5.262338769540e-03
4.305000000000e+02 4.038641819091e-03
4.310000000000e+02 3.014338194593e-03
4.315000000000e+02 2.187711364477e-03
4.320000000000e+02 1.548316786965e-03
4.325000000000e+02 1.078334324091e-03
4.330000000000e+02 7.543029756290e-04
4.335000000000e+02 5.491313278047e-04
4.340000000000e+02 4.342626051341e-04
4.345000000000e+02 3.818653731302e-04
4.350000000000e+02 3.669201917517e-04
4.355000000000e+02 3.690789129157e-04
4.360000000000e+02 3.741865182976e-04
4.365000000000e+02 3.753747044921e-04
4.370000000000e+02 3.736608101539e-04
4.375000000000e+02 3.780138353679e-04
4.380000000000e+02 4.048797001007e-04
4.385000000000e+02 4.771888810133e-04
4.390000000000e+02 6.228994552548e-04
4.395000000000e+02 8.731557200754e-04
4.400000000000e+02 1.260165447504e-03
4.405000000000e+02 1.814916182184e-03
4.410000000000e+02 2.564861807600e-03
4.415000000000e+02 3.531714249617e-03
4.420000000000e+02 4.729471398095e-03
4.425000000000e+02 6.162801253690e-03
4.430000000000e+02 7.825884492807e-03
4.435000000000e+02 9.701794004443e-03
4.440000000000e+02 1.176246172698e-02
4.445000000000e+02 1.396925179787e-02
4.450000000000e+02 1.627412629877e-02
4.455000000000e+02 1.862135749503e-02
4.460000000000e+02 2.094971018846e-02
4.465000000000e+02 2.319499127521e-02
4.470000000000e+02 2.529284227441e-02
4.475000000000e+02 2.718163568356e-02
4.480000000000e+02 2.880532835187e-02
4.485000000000e+02 3.011612506140e-02
4.490000000000e+02 3.107681331755e-02
4.495000000000e+02 3.166264554153e-02
4.500000000000e+02 3.186266663201e-02
4.505000000000e+02 3.168041221079e-02
4.510000000000e+02 3.113393428320e-02
4.515000000000e+02 3.025514491239e-02
4.520000000000e+02 2.908850307262e-02
4.525000000000e+02 2.768910328736e-02
4.530000000000e+02 2.612025521562e-02
4.535000000000e+02 2.445066942758e-02
4.540000000000e+02 2.275138483745e-02
4.545000000000e+02 2.109258658102e-02
4.550000000000e+02 1.954046884263e-02
4.555000000000e+02 1.815429495833e-02
4.560000000000e+02 1.698379717227e-02
4.565000000000e+02 1.606704122984e-02
4.570000000000e+02 1.542885746322e-02
4.575000000000e+02 1.507991139965e-02
4.580000000000e+02 1.501645469522e-02
4.585000000000e+02 1.522076305757e-02
4.590000000000e+02 1.566223351511e-02
4.595000000000e+02 1.629908071955e-02
4.600000000000e+02 1.708054259700e-02
4.605000000000e+02 1.794948105277e-02
4.610000000000e+02 1.884524486007e-02
4.615000000000e+02 1.970665021742e-02
4.620000000000e+02 2.047493027565e-02
4.625000000000e+02 2.109650837365e-02
4.630000000000e+02 2.152546054283e-02
4.635000000000e+02 2.172555040920e-02
4.640000000000e+02 2.167174297207e-02
4.645000000000e+02 2.135113161209e-02
4.650000000000e+02 2.076324359390e-02
4.655000000000e+02 1.991972165588e-02
4.660000000000e+02 1.884341133626e-02
4.665000000000e+02 1.756691381725e-02
4.670000000000e+02 1.613069073306e-02
4.675000000000e+02 1.458082924031e-02
4.680000000000e+02 1.296659158670e-02
4.685000000000e+02 1.133788268969e-02
4.690000000000e+02 9.742771389110e-03
4.695000000000e+02 8.225196033183e-03
4.700000000000e+02 6.822973224101e-03
4.705000000000e+02 5.566210527883e-03
4.710000000000e+02 4.476200739216e-03
4.715000000000e+02 3.564848160737e-03
4.720000000000e+02 2.834647723317e-03
4.725000000000e+02 2.279207234007e-03
4.730000000000e+02 1.884273214933e-03
4.735000000000e+02 1.629193266565e-03
4.740000000000e+02 1.488724110803e-03
4.745000000000e+02 1.435075713619e-03
4.750000000000e+02 1.440069152107e-03
4.755000000000e+02 1.477279863740e-03
4.760000000000e+02 1.524038930036e-03
4.765000000000e+02 1.563173064062e-03
4.770000000000e+02 1.584378580165e-03
4.775000000000e+02 1.585145063398e-03
4.780000000000e+02 1.571169644019e-03
4.785000000000e+02 1.556231379354e-03
4.790000000000e+02 1.561525728110e-03
4.795000000000e+02 1.614489815497e-03
4.800000000000e+02 1.747178476207e-03
4.805000000000e+02 1.994277318984e-03
4.810000000000e+02 2.390860818976e-03
4.815000000000e+02 2.970019510716e-03
4.820000000000e+02 3.760489773435e-03
4.825000000000e+02 4.784421913992e-03
4.830000000000e+02 6.055417065731e-03
4.835000000000e+02 7.576951038494e-03
4.840000000000e+02 9.341284272314e-03
4.845000000000e+02 1.132893242956e-02
4.850000000000e+02 1.350874317483e-02
4.855000000000e+02 1.583859285876e-02
4.860000000000e+02 1.826668382557e-02
4.865000000000e+02 2.073339066688e-02
4.870000000000e+02 2.317357368858e-02
4.875000000000e+02 2.551925177554e-02
4.880000000000e+02 2.770250616032e-02
4.885000000000e+02 2.965847247347e-02
4.890000000000e+02 3.132827168134e-02
4.895000000000e+02 3.266173154914e-02
4.900000000000e+02 3.361975904092e-02
4.905000000000e+02 3.417624023585e-02
4.910000000000e+02 3.431936707658e-02
4.915000000000e+02 3.405231841410e-02
4.920000000000e+02 3.339325488036e-02
4.925000000000e+02 3.237462150728e-02
4.930000000000e+02 3.104178687945e-02
4.935000000000e+02 2.945108113466e-02
4.940000000000e+02 2.766732556521e-02
4.945000000000e+02 2.576097232162e-02
4.950000000000e+02 2.380499242918e-02
4.955000000000e+02 2.187166296364e-02
4.960000000000e+02 2.002940914122e-02
4.965000000000e+02 1.833985400949e-02
4.970000000000e+02 1.685521755426e-02
4.975000000000e+02 1.561618894797e-02
4.980000000000e+02 1.465037132046e-02
4.985000000000e+02 1.397136912390e-02
4.990000000000e+02 1.357855543865e-02
4.995000000000e+02 1.345752214053e-02
5.000000000000e+02 1.358118153350e-02
5.005000000000e+02 1.391145560540e-02
5.010000000000e+02 1.440146019025e-02
5.015000000000e+02 1.499806748128e-02
5.020000000000e+02 1.564471271382e-02
5.025000000000e+02 1.628430031510e-02
5.030000000000e+02 1.686206187361e-02
5.035000000000e+02 1.732822298069e-02
5.040000000000e+02 1.764034802769e-02
5.045000000000e+02 1.776525070139e-02
5.050000000000e+02 1.768038215984e-02
5.055000000000e+02 1.737463736513e-02
5.060000000000e+02 1.684855126347e-02
5.065000000000e+02 1.611388877602e-02
5.070000000000e+02 1.519266419624e-02
5.075000000000e+02 1.411565493257e-02
5.080000000000e+02 1.292050007767e-02
5.085000000000e+02 1.164949473180e-02
5.090000000000e+02 1.034720533395e-02
5.095000000000e+02 9.058038769496e-03
5.100000000000e+02 7.823898411897e-03
5.105000000000e+02 6.682053540219e-03
5.110000000000e+02 5.663335179906e-03
5.115000000000e+02 4.790752123298e-03
5.120000000000e+02 4.078596702489e-03
5.125000000000e+02 3.532082190905e-03
5.130000000000e+02 3.147523939074e-03
5.135000000000e+02 2.913046102728e-03
5.140000000000e+02 2.809766725763e-03
5.145000000000e+02 2.813387514488e-03
5.150000000000e+02 2.896092299895e-03
5.155000000000e+02 3.028641113540e-03
5.160000000000e+02 3.182535911300e-03
5.165000000000e+02 3.332129855371e-03
5.170000000000e+02 3.456554941776e-03
5.175000000000e+02 3.541352503891e-03
5.180000000000e+02 3.579707235110e-03
5.185000000000e+02 3.573207021330e-03
5.190000000000e+02 3.532076923764e-03
5.195000000000e+02 3.474864732525e-03
5.200000000000e+02 3.427586078792e-03
5.205000000000e+02 3.422367523349e-03
5.210000000000e+02 3.495654683138e-03
5.215000000000e+02 3.686077764070e-03
5.220000000000e+02 4.032087459398e-03
5.225000000000e+02 4.569488865499e-03
5.230000000000e+02 5.329009039612e-03
5.235000000000e+02 6.334034571432e-03
5.240000000000e+02 7.598648922660e-03
5.245000000000e+02 9.126085609904e-03
5.250000000000e+02 1.090769320231e-02
5.255000000000e+02 1.292248257604e-02
5.260000000000e+02 1.513729722321e-02
5.265000000000e+02 1.750761518481e-02
5.270000000000e+02 1.997895804946e-02
5.275000000000e+02 2.248885018611e-02
5.280000000000e+02 2.496924167849e-02
5.285000000000e+02 2.734928290283e-02
5.290000000000e+02 2.955831872890e-02
5.295000000000e+02 3.152895703418e-02
5.300000000000e+02 3.320006035958e-02
5.305000000000e+02 3.451951147995e-02
5.310000000000e+02 3.544661338160e-02
5.315000000000e+02 3.595400113904e-02
5.320000000000e+02 3.602896667178e-02
5.325000000000e+02 3.567412612199e-02
5.330000000000e+02 3.490739215366e-02
5.335000000000e+02 3.376124813196e-02
5.340000000000e+02 3.228135611372e-02
5.345000000000e+02 3.052456404153e-02
5.350000000000e+02 2.855640771165e-02
5.355000000000e+02 2.644822841287e-02
5.360000000000e+02 2.427404627684e-02
5.365000000000e+02 2.210734133797e-02
5.370000000000e+02 2.001789844987e-02
5.375000000000e+02 1.806886833752e-02
5.380000000000e+02 1.631418539603e-02
5.385000000000e+02 1.479646400863e-02
5.390000000000e+02 1.354547015660e-02
5.395000000000e+02 1.257723526442e-02
5.400000000000e+02 1.189384615261e-02
5.405000000000e+02 1.148391040107e-02
5.410000000000e+02 1.132366218963e-02
5.415000000000e+02 1.137864156581e-02
5.420000000000e+02 1.160585176015e-02
5.425000000000e+02 1.195627609510e-02
5.430000000000e+02 1.237761938411e-02
5.435000000000e+02 1.281712928367e-02
5.440000000000e+02 1.322435130723e-02
5.445000000000e+02 1.355367713172e-02
5.450000000000e+02 1.376655902440e-02
5.455000000000e+02 1.383328292658e-02
5.460000000000e+02 1.373421783514e-02
5.465000000000e+02 1.346048822673e-02
5.470000000000e+02 1.301404778985e-02
5.475000000000e+02 1.240716496799e-02
5.480000000000e+02 1.166136205387e-02
5.485000000000e+02 1.080587816480e-02
5.490000000000e+02 9.875750883921e-03
5.495000000000e+02 8.909630418160e-03
5.500000000000e+02 7.947452848089e-03
5.505000000000e+02 7.028104812818e-03
5.510000000000e+02 6.187210550671e-03
5.515000000000e+02 5.455163747334e-03
5.520000000000e+02 4.855511644856e-03
5.525000000000e+02 4.403778168877e-03
5.530000000000e+02 4.106787624166e-03
5.535000000000e+02 3.962522114252e-03
5.540000000000e+02 3.960515830470e-03
5.545000000000e+02 4.082759316313e-03
5.550000000000e+02 4.305058351304e-03
5.555000000000e+02 4.598766728715e-03
5.560000000000e+02 4.932791265794e-03
5.565000000000e+02 5.275751998344e-03
5.570000000000e+02 5.598171490354e-03
5.575000000000e+02 5.874565020648e-03
5.580000000000e+02 6.085308220445e-03
5.585000000000e+02 6.218170291385e-03
5.590000000000e+02 6.269418641456e-03
5.595000000000e+02 6.244423721972e-03
5.600000000000e+02 6.157719838966e-03
5.605000000000e+02 6.032507335582e-03
5.610000000000e+02 5.899612240365e-03
5.615000000000e+02 5.795949629510e-03
5.620000000000e+02 5.762564948015e-03
5.625000000000e+02 5.842351864845e-03
5.630000000000e+02 6.077564592337e-03
5.635000000000e+02 6.507255889510e-03
5.640000000000e+02 7.164778418674e-03
5.645000000000e+02 8.075486349295e-03
5.650000000000e+02 9.254766044956e-03
5.655000000000e+02 1.070650966320e-02
5.660000000000e+02 1.242212428827e-02
5.665000000000e+02 1.438014282916e-02
5.670000000000e+02 1.654647268662e-02
5.675000000000e+02 1.887528567052e-02
5.680000000000e+02 2.131051951498e-02
5.685000000000e+02 2.378792932506e-02
5.690000000000e+02 2.623759808270e-02
5.695000000000e+02 2.858679049886e-02
5.700000000000e+02 3.076301536361e-02
5.705000000000e+02 3.269714917036e-02
5.710000000000e+02 3.432646887878e-02
5.715000000000e+02 3.559744454941e-02
5.720000000000e+02 3.646815315056e-02
5.725000000000e+02 3.691019261578e-02
5.730000000000e+02 3.690999930179e-02
5.735000000000e+02 3.646950120263e-02
5.740000000000e+02 3.560607209503e-02
5.745000000000e+02 3.435178653046e-02
5.750000000000e+02 3.275201044345e-02
5.755000000000e+02 3.086339532445e-02
5.760000000000e+02 2.875137365829e-02
5.765000000000e+02 2.648727809254e-02
5.770000000000e+02 2.414522528754e-02
5.775000000000e+02 2.179891663666e-02
5.780000000000e+02 1.951851144652e-02
5.785000000000e+02 1.736772356021e-02
5.790000000000e+02 1.540128004700e-02
5.795000000000e+02 1.366286113506e-02
5.800000000000e+02 1.218361507332e-02
5.805000000000e+02 1.098131143679e-02
5.810000000000e+02 1.006016314822e-02
5.815000000000e+02 9.411312943564e-03
5.820000000000e+02 9.013945999626e-03
5.825000000000e+02 8.836958754360e-03
5.830000000000e+02 8.841086260599e-03
5.835000000000e+02 8.981368153166e-03
5.840000000000e+02 9.209817611364e-03
5.845000000000e+02 9.478149366535e-03
5.850000000000e+02 9.740422184523e-03
5.855000000000e+02 9.955458320870e-03
5.860000000000e+02 1.008891675970e-02
5.865000000000e+02 1.011491773212e-02
5.870000000000e+02 1.001714192151e-02
5.875000000000e+02 9.789357439860e-03
5.880000000000e+02 9.435359465409e-03
5.885000000000e+02 8.968339636092e-03
5.890000000000e+02 8.409733157770e-03
5.895000000000e+02 7.787619461348e-03
5.900000000000e+02 7.134775659758e-03
5.905000000000e+02 6.486499798316e-03
5.910000000000e+02 5.878332061180e-03
5.915000000000e+02 5.343806156777e-03
5.920000000000e+02 4.912359900381e-03
5.925000000000e+02 4.607523785230e-03
5.930000000000e+02 4.445489691960e-03
5.935000000000e+02 4.434139769013e-03
5.940000000000e+02 4.572589168551e-03
5.945000000000e+02 4.851267167425e-03
5.950000000000e+02 5.252530838912e-03
5.955000000000e+02 5.751775490978e-03
5.960000000000e+02 6.318978159096e-03
5.965000000000e+02 6.920586034578e-03
5.970000000000e+02 7.521642095591e-03
5.975000000000e+02 8.088026455455e-03
5.980000000000e+02 8.588684768200e-03
5.985000000000e+02 8.997714822442e-03
5.990000000000e+02 9.296189232339e-03
5.995000000000e+02 9.473605557781e-03
6.000000000000e+02 9.528874561448e-03
6.005000000000e+02 9.470781636809e-03
6.010000000000e+02 9.317884456252e-03
6.015000000000e+02 9.097840133687e-03
6.020000000000e+02 8.846186090773e-03
6.025000000000e+02 8.604628741288e-03
6.030000000000e+02 8.418921481520e-03
6.035000000000e+02 8.336436835291e-03
6.040000000000e+02 8.403555705844e-03
6.045000000000e+02 8.663008531620e-03
6.050000000000e+02 9.151308037085e-03
6.055000000000e+02 9.896410922074e-03
6.060000000000e+02 1.091573628524e-02
6.065000000000e+02 1.221465222745e-02
6.070000000000e+02 1.378551975421e-02
6.075000000000e+02 1.560735586739e-02
6.080000000000e+02 1.764614697145e-02
6.085000000000e+02 1.985581097922e-02
6.090000000000e+02 2.217977346343e-02
6.095000000000e+02 2.455309156811e-02
6.100000000000e+02 2.690503081577e-02
6.105000000000e+02 2.916197592546e-02
6.110000000000e+02 3.125053857531e-02
6.115000000000e+02 3.310071368584e-02
6.120000000000e+02 3.464893191052e-02
6.125000000000e+02 3.584085985409e-02
6.130000000000e+02 3.663381095411e-02
6.135000000000e+02 3.699864841352e-02
6.140000000000e+02 3.692108616561e-02
6.145000000000e+02 3.640232335498e-02
6.150000000000e+02 3.545898067883e-02
6.155000000000e+02 3.412234155311e-02
6.160000000000e+02 3.243693560198e-02
6.165000000000e+02 3.045853462947e-02
6.170000000000e+02 2.825166034309e-02
6.175000000000e+02 2.588672713792e-02
6.180000000000e+02 2.343696093621e-02
6.185000000000e+02 2.097524550523e-02
6.190000000000e+02 1.857105029473e-02
6.195000000000e+02 1.628758850949e-02
6.200000000000e+02 1.417934115247e-02
6.205000000000e+02 1.229006283687e-02
6.210000000000e+02 1.065135933688e-02
6.215000000000e+02 9.281896511034e-03
6.220000000000e+02 8.187267009935e-03
6.225000000000e+02 7.360506845922e-03
6.230000000000e+02 6.783220291212e-03
6.235000000000e+02 6.427240466818e-03
6.240000000000e+02 6.256726036866e-03
6.245000000000e+02 6.230573050636e-03
6.250000000000e+02 6.305006283368e-03
6.255000000000e+02 6.436207157631e-03
6.260000000000e+02 6.582835819108e-03
6.265000000000e+02 6.708313104937e-03
6.270000000000e+02 6.782743455618e-03
6.275000000000e+02 6.784381421191e-03
6.280000000000e+02 6.700571039505e-03
6.285000000000e+02 6.528117537206e-03
6.290000000000e+02 6.273082850952e-03
6.295000000000e+02 5.950028610664e-03
6.300000000000e+02 5.580760719410e-03
6.305000000000e+02 5.192656854951e-03
6.310000000000e+02 4.816680647422e-03
6.315000000000e+02 4.485202773859e-03
6.320000000000e+02 4.229758902354e-03
6.325000000000e+02 4.078876842957e-03
6.330000000000e+02 4.056100344069e-03
6.335000000000e+02 4.178325034194e-03
6.340000000000e+02 4.454543748464e-03
6.345000000000e+02 4.885074936326e-03
6.350000000000e+02 5.461320321848e-03
6.355000000000e+02 6.166068007061e-03
6.360000000000e+02 6.974326406079e-03
6.365000000000e+02 7.854644419329e-03
6.370000000000e+02 8.770845757585e-03
6.375000000000e+02 9.684081747629e-03
6.380000000000e+02 1.055508854875e-02
6.385000000000e+02 1.134652249397e-02
6.390000000000e+02 1.202524186473e-02
6.395000000000e+02 1.256440510697e-02
6.400000000000e+02 1.294526422303e-02
6.405000000000e+02 1.315854737620e-02
6.410000000000e+02 1.320534582495e-02
6.415000000000e+02 1.309744607106e-02
6.420000000000e+02 1.285707722138e-02
6.425000000000e+02 1.251607451268e-02
6.430000000000e+02 1.211449112229e-02
6.435000000000e+02 1.169872015720e-02
6.440000000000e+02 1.131921552504e-02
6.445000000000e+02 1.102792282565e-02
6.450000000000e+02 1.087554826675e-02
6.455000000000e+02 1.090880400893e-02
6.460000000000e+02 1.116777167620e-02
6.465000000000e+02 1.168352180731e-02
6.470000000000e+02 1.247611595289e-02
6.475000000000e+02 1.355310040772e-02
6.480000000000e+02 1.490857709011e-02
6.485000000000e+02 1.652290901301e-02
6.490000000000e+02 1.836308650910e-02
6.495000000000e+02 2.038374745277e-02
6.500000000000e+02 2.252881185448e-02
6.505000000000e+02 2.473366004568e-02
6.510000000000e+02 2.692775583624e-02
6.515000000000e+02 2.903759295270e-02
6.520000000000e+02 3.098982596444e-02
6.525000000000e+02 3.271443668726e-02
6.530000000000e+02 3.414778428464e-02
6.535000000000e+02 3.523539215137e-02
6.540000000000e+02 3.593433695863e-02
6.545000000000e+02 3.621512437400e-02
6.550000000000e+02 3.606296099885e-02
6.555000000000e+02 3.547836173247e-02
6.560000000000e+02 3.447706458705e-02
6.565000000000e+02 3.308925925880e-02
6.570000000000e+02 3.135816972762e-02
6.575000000000e+02 2.933806311834e-02
6.580000000000e+02 2.709178530521e-02
6.585000000000e+02 2.468794681938e-02
6.590000000000e+02 2.219789934642e-02
6.595000000000e+02 1.969265258913e-02
6.600000000000e+02 1.723988301384e-02
6.605000000000e+02 1.490117992600e-02
6.610000000000e+02 1.272966074993e-02
6.615000000000e+02 1.076806703743e-02
6.620000000000e+02 9.047426691691e-03
6.625000000000e+02 7.586337555259e-03
6.630000000000e+02 6.390894495383e-03
6.635000000000e+02 5.455248194872e-03
6.640000000000e+02 4.762750837070e-03
6.645000000000e+02 4.287613526481e-03
6.650000000000e+02 3.996974233460e-03
6.655000000000e+02 3.853254674524e-03
6.660000000000e+02 3.816670915910e-03
6.665000000000e+02 3.847756317629e-03
6.670000000000e+02 3.909757013120e-03
6.675000000000e+02 3.970769313936e-03
6.680000000000e+02 4.005504683386e-03
6.685000000000e+02 3.996590313275e-03
6.690000000000e+02 3.935340585374e-03
6.695000000000e+02 3.821965270992e-03
6.700000000000e+02 3.665212521193e-03
6.705000000000e+02 3.481476729333e-03
6.710000000000e+02 3.293431441809e-03
6.715000000000e+02 3.128274003637e-03
6.720000000000e+02 3.015690106097e-03
6.725000000000e+02 2.985661699420e-03
6.730000000000e+02 3.066250034882e-03
6.735000000000e+02 3.281486488932e-03
6.740000000000e+02 3.649497287987e-03
6.745000000000e+02 4.180974693364e-03
6.750000000000e+02 4.878087403264e-03
6.755000000000e+02 5.733897996709e-03
6.760000000000e+02 6.732326560679e-03
6.765000000000e+02 7.848668817478e-03
6.770000000000e+02 9.050645755361e-03
6.775000000000e+02 1.029993168170e-02
6.780000000000e+02 1.155408043648e-02
6.785000000000e+02 1.276874660134e-02
6.790000000000e+02 1.390008122675e-02
6.795000000000e+02 1.490717079122e-02
6.800000000000e+02 1.575438432582e-02
6.805000000000e+02 1.641349715604e-02
6.810000000000e+02 1.686547031428e-02
6.815000000000e+02 1.710178181141e-02
6.820000000000e+02 1.712522873267e-02
6.825000000000e+02 1.695014635427e-02
6.830000000000e+02 1.660202074209e-02
6.835000000000e+02 1.611650301918e-02
6.840000000000e+02 1.553786502435e-02
6.845000000000e+02 1.491696579016e-02
6.850000000000e+02 1.430882459882e-02
6.855000000000e+02 1.376991795459e-02
6.860000000000e+02 1.335533351355e-02
6.865000000000e+02 1.311592299197e-02
6.870000000000e+02 1.309559785515e-02
6.875000000000e+02 1.332890604907e-02
6.880000000000e+02 1.383901539318e-02
6.885000000000e+02 1.463621015521e-02
6.890000000000e+02 1.571698270920e-02
6.895000000000e+02 1.706377321070e-02
6.900000000000e+02 1.864537843717e-02
6.905000000000e+02 2.041801787096e-02
6.910000000000e+02 2.232701242207e-02
6.915000000000e+02 2.430900057778e-02
6.920000000000e+02 2.629458975526e-02
6.925000000000e+02 2.821131860926e-02
6.930000000000e+02 2.998679014150e-02
6.935000000000e+02 3.155182649769e-02
6.940000000000e+02 3.284349480099e-02
6.945000000000e+02 3.380785935941e-02
6.950000000000e+02 3.440232882301e-02
6.955000000000e+02 3.459748670600e-02
6.960000000000e+02 3.437831914199e-02
6.965000000000e+02 3.374478353100e-02
6.970000000000e+02 3.271169436063e-02
6.975000000000e+02 3.130793628862e-02
6.980000000000e+02 2.957504782928e-02
6.985000000000e+02 2.756524998517e-02
6.990000000000e+02 2.533902134732e-02
6.995000000000e+02 2.296234310745e-02
7.000000000000e+02 2.050375297395e-02
7.005000000000e+02 1.803135535121e-02
7.010000000000e+02 1.560993589973e-02
7.015000000000e+02 1.329832168643e-02
7.020000000000e+02 1.114711394449e-02
7.025000000000e+02 9.196899735894e-03
7.030000000000e+02 7.477022648007e-03
7.035000000000e+02 6.004962445730e-03
7.040000000000e+02 4.786340962720e-03
7.045000000000e+02 3.815538189017e-03
7.050000000000e+02 3.076870286793e-03
7.055000000000e+02 2.546251870873e-03
7.060000000000e+02 2.193239905912e-03
7.065000000000e+02 1.983337335878e-03
7.070000000000e+02 1.880422110023e-03
7.075000000000e+02 1.849162254409e-03
7.080000000000e+02 1.857280313077e-03
7.085000000000e+02 1.877540675998e-03
7.090000000000e+02 1.889350434411e-03
7.095000000000e+02 1.879887490351e-03
7.100000000000e+02 1.844697393488e-03
7.105000000000e+02 1.787731235390e-03
7.110000000000e+02 1.720829170113e-03
7.115000000000e+02 1.662685952302e-03
7.120000000000e+02 1.637364520610e-03
7.125000000000e+02 1.672449458484e-03
7.130000000000e+02 1.796952708997e-03
7.135000000000e+02 2.039098075174e-03
7.140000000000e+02 2.424118030040e-03
7.145000000000e+02 2.972195819359e-03
7.150000000000e+02 3.696677811566e-03
7.155000000000e+02 4.602665995445e-03
7.160000000000e+02 5.686079292939e-03
7.165000000000e+02 6.933246129608e-03
7.170000000000e+02 8.321060936872e-03
7.175000000000e+02 9.817705592794e-03
7.180000000000e+02 1.138390500772e-02
7.185000000000e+02 1.297465579583e-02
7.190000000000e+02 1.454134000114e-02
7.195000000000e+02 1.603411354266e-02
7.200000000000e+02 1.740444263104e-02
7.205000000000e+02 1.860765186287e-02
7.210000000000e+02 1.960534538702e-02
7.215000000000e+02 2.036756772116e-02
7.220000000000e+02 2.087458314690e-02
7.225000000000e+02 2.111817147908e-02
7.230000000000e+02 2.110236241399e-02
7.235000000000e+02 2.084355932871e-02
7.240000000000e+02 2.037003482906e-02
7.245000000000e+02 1.972081288608e-02
7.250000000000e+02 1.894398436917e-02
7.255000000000e+02 1.809453251418e-02
7.260000000000e+02 1.723177081618e-02
7.265000000000e+02 1.641651666289e-02
7.270000000000e+02 1.570813864678e-02
7.275000000000e+02 1.516162314957e-02
7.280000000000e+02 1.482480608043e-02
7.285000000000e+02 1.473590854002e-02
7.290000000000e+02 1.492150103405e-02
7.295000000000e+02 1.539500035349e-02
7.300000000000e+02 1.615577743217e-02
7.305000000000e+02 1.718892468176e-02
7.310000000000e+02 1.846569894193e-02
7.315000000000e+02 1.994462295050e-02
7.320000000000e+02 2.157319578866e-02
7.325000000000e+02 2.329013269456e-02
7.330000000000e+02 2.502802850271e-02
7.335000000000e+02 2.671631806702e-02
7.340000000000e+02 2.828439240309e-02
7.345000000000e+02 2.966472168221e-02
7.350000000000e+02 3.079583601040e-02
7.355000000000e+02 3.162502214051e-02
7.360000000000e+02 3.211060853412e-02
7.365000000000e+02 3.222373179541e-02
7.370000000000e+02 3.194950340480e-02
7.375000000000e+02 3.128752557885e-02
7.380000000000e+02 3.025173746464e-02
7.385000000000e+02 2.886960610801e-02
7.390000000000e+02 2.718070901145e-02
7.395000000000e+02 2.523478499625e-02
7.400000000000e+02 2.308935597842e-02
7.405000000000e+02 2.080704280931e-02
7.410000000000e+02 1.845271250141e-02
7.415000000000e+02 1.609060121853e-02
7.420000000000e+02 1.378155700220e-02
7.425000000000e+02 1.158053833690e-02
7.430000000000e+02 9.534489783315e-03
7.435000000000e+02 7.680694777919e-03
7.440000000000e+02 6.045679444427e-03
7.445000000000e+02 4.644711273873e-03
7.450000000000e+02 3.481904399674e-03
7.455000000000e+02 2.550910637384e-03
7.460000000000e+02 1.836144218711e-03
7.465000000000e+02 1.314459905410e-03
7.470000000000e+02 9.571804448166e-04
7.475000000000e+02 7.323514066302e-04
7.480000000000e+02 6.070902970897e-04
7.485000000000e+02 5.498930841035e-04
7.490000000000e+02 5.327650887235e-04
7.495000000000e+02 5.330543915829e-04
7.500000000000e+02 5.348838492096e-04
7.505000000000e+02 5.301015138022e-04
7.510000000000e+02 5.186973889154e-04
7.515000000000e+02 5.086654640091e-04
7.520000000000e+02 5.153221223258e-04
7.525000000000e+02 5.601235164628e-04
7.530000000000e+02 6.690535885369e-04
7.535000000000e+02 8.706794495595e-04
7.540000000000e+02 1.193990420492e-03
7.545000000000e+02 1.666150072470e-03
7.550000000000e+02 2.310296350363e-03
7.555000000000e+02 3.143522991702e-03
7.560000000000e+02 4.175166056628e-03
7.565000000000e+02 5.405502977042e-03
7.570000000000e+02 6.824949017323e-03
7.575000000000e+02 8.413808655090e-03
7.580000000000e+02 1.014260864528e-02
7.585000000000e+02 1.197300712612e-02
7.590000000000e+02 1.385924083290e-02
7.595000000000e+02 1.575004207736e-02
7.600000000000e+02 1.759093029925e-02
7.605000000000e+02 1.932676120961e-02
7.610000000000e+02 2.090440090987e-02
7.615000000000e+02 2.227538386894e-02
7.620000000000e+02 2.339841269737e-02
7.625000000000e+02 2.424156426176e-02
7.630000000000e+02 2.478408062301e-02
7.635000000000e+02 2.501764374031e-02
7.640000000000e+02 2.494705878950e-02
7.645000000000e+02 2.459030096687e-02
7.650000000000e+02 2.397791319230e-02
7.655000000000e+02 2.315177548543e-02
7.660000000000e+02 2.216329922714e-02
7.665000000000e+02 2.107112934601e-02
7.670000000000e+02 1.993846313938e-02
7.675000000000e+02 1.883011462359e-02
7.680000000000e+02 1.780946697058e-02
7.685000000000e+02 1.693546202983e-02
7.690000000000e+02 1.625977483141e-02
7.695000000000e+02 1.582431237913e-02
7.700000000000e+02 1.565916042705e-02
7.705000000000e+02 1.578108006948e-02
7.710000000000e+02 1.619262900941e-02
7.715000000000e+02 1.688195166430e-02
7.720000000000e+02 1.782324936075e-02
7.725000000000e+02 1.897790844264e-02
7.730000000000e+02 2.029623186147e-02
7.735000000000e+02 2.171969032140e-02
7.740000000000e+02 2.318358379430e-02
7.745000000000e+02 2.461998447449e-02
7.750000000000e+02 2.596081895702e-02
7.755000000000e+02 2.714094124950e-02
7.760000000000e+02 2.810104945183e-02
7.765000000000e+02 2.879030747192e-02
7.770000000000e+02 2.916854853707e-02
7.775000000000e+02 2.920795871367e-02
7.780000000000e+02 2.889416506558e-02
7.785000000000e+02 2.822668311924e-02
7.790000000000e+02 2.721871043741e-02
7.795000000000e+02 2.589628571030e-02
7.800000000000e+02 2.429686419055e-02
7.805000000000e+02 2.246738895661e-02
7.810000000000e+02 2.046196193587e-02
7.815000000000e+02 1.833923760006e-02
7.820000000000e+02 1.615967482652e-02
7.825000000000e+02 1.398278798024e-02
7.830000000000e+02 1.186453648503e-02
7.835000000000e+02 9.854983193445e-03
7.840000000000e+02 7.996336164970e-03
7.845000000000e+02 6.321466860121e-03
7.850000000000e+02 4.852971392011e-03
7.855000000000e+02 3.602811741789e-03
7.860000000000e+02 2.572542308973e-03
7.865000000000e+02 1.754095510048e-03
7.870000000000e+02 1.131070048786e-03
7.875000000000e+02 6.804385763125e-04
7.880000000000e+02 3.745691897706e-04
7.885000000000e+02 1.834387974631e-04
7.890000000000e+02 7.690670765087e-05
7.895000000000e+02 2.691441872131e-05
7.900000000000e+02 9.482645531210e-06
7.905000000000e+02 6.388852081175e-06
7.910000000000e+02 6.427318978933e-06
7.915000000000e+02 6.178034982445e-06
7.920000000000e+02 1.023913940159e-05
7.925000000000e+02 3.090868759380e-05
7.930000000000e+02 8.733344458558e-05
7.935000000000e+02 2.041734530308e-04
7.940000000000e+02 4.098595314000e-04
7.945000000000e+02 7.345450365942e-04
7.950000000000e+02 1.207871797233e-03
7.955000000000e+02 1.856682025391e-03
7.960000000000e+02 2.702812547657e-03
7.965000000000e+02 3.761104568332e-03
7.970000000000e+02 5.037751528093e-03
7.975000000000e+02 6.529090004603e-03
7.980000000000e+02 8.220914963406e-03
7.985000000000e+02 1.008837229095e-02
7.990000000000e+02 1.209644997574e-02
7.995000000000e+02 1.420105627788e-02
8.000000000000e+02 1.635064054931e-02
8.005000000000e+02 1.848828184392e-02
8.010000000000e+02 2.055414376773e-02
8.015000000000e+02 2.248817261645e-02
8.020000000000e+02 2.423290092752e-02
8.025000000000e+02 2.573621100699e-02
8.030000000000e+02 2.695391313641e-02
8.035000000000e+02 2.785200106976e-02
8.040000000000e+02 2.840846272593e-02
8.045000000000e+02 2.861454582724e-02
8.050000000000e+02 2.847540547167e-02
8.055000000000e+02 2.801009185724e-02
8.060000000000e+02 2.725086993604e-02
8.065000000000e+02 2.624189689764e-02
8.070000000000e+02 2.503731628381e-02
8.075000000000e+02 2.369885749978e-02
8.080000000000e+02 2.229305495343e-02
8.085000000000e+02 2.088822070681e-02
8.090000000000e+02 1.955131735727e-02
8.095000000000e+02 1.834488323176e-02
8.100000000000e+02 1.732415961818e-02
8.105000000000e+02 1.653455982199e-02
8.110000000000e+02 1.600960285193e-02
8.115000000000e+02 1.576941140314e-02
8.120000000000e+02 1.581984572820e-02
8.125000000000e+02 1.615231341612e-02
8.130000000000e+02 1.674426163354e-02
8.135000000000e+02 1.756032476085e-02
8.140000000000e+02 1.855406826757e-02
8.145000000000e+02 1.967024069320e-02
8.150000000000e+02 2.084742122076e-02
8.155000000000e+02 2.202093172485e-02
8.160000000000e+02 2.312587023595e-02
8.165000000000e+02 2.410011805088e-02
8.170000000000e+02 2.488717541996e-02
8.175000000000e+02 2.543869066431e-02
8.180000000000e+02 2.571656417163e-02
8.185000000000e+02 2.569453110370e-02
8.190000000000e+02 2.535915365664e-02
8.195000000000e+02 2.471018395339e-02
8.200000000000e+02 2.376029057051e-02
8.205000000000e+02 2.253417368719e-02
8.210000000000e+02 2.106712427354e-02
8.215000000000e+02 1.940311007100e-02
8.220000000000e+02 1.759249400805e-02
8.225000000000e+02 1.568950797095e-02
8.230000000000e+02 1.374961566739e-02
8.235000000000e+02 1.182690218452e-02
8.240000000000e+02 9.971624512948e-03
8.245000000000e+02 8.228047055793e-03
8.250000000000e+02 6.632669477690e-03
8.255000000000e+02 5.212932036993e-03
8.260000000000e+02 3.986457009527e-03
8.265000000000e+02 2.960855297503e-03
8.270000000000e+02 2.134096404337e-03
8.275000000000e+02 1.495409276567e-03
8.280000000000e+02 1.026652698020e-03
8.285000000000e+02 7.040685099975e-04
8.290000000000e+02 5.003102952238e-04
8.295000000000e+02 3.866254275602e-04
8.300000000000e+02 3.350603704422e-04
8.305000000000e+02 3.205582666305e-04
8.310000000000e+02 3.228242781719e-04
8.315000000000e+02 3.278474930784e-04
8.320000000000e+02 3.289878194060e-04
8.325000000000e+02 3.275610971101e-04
8.330000000000e+02 3.328843337170e-04
8.335000000000e+02 3.617739552173e-04
8.340000000000e+02 4.375215552492e-04
8.345000000000e+02 5.884020713024e-04
8.350000000000e+02 8.457969214024e-04
8.355000000000e+02 1.242037833288e-03
8.360000000000e+02 1.808094563688e-03
8.365000000000e+02 2.571240424701e-03
8.370000000000e+02 3.552832844629e-03
8.375000000000e+02 4.766341850534e-03
8.380000000000e+02 6.215747545177e-03
8.385000000000e+02 7.894408953970e-03
8.390000000000e+02 9.784482016373e-03
8.395000000000e+02 1.185693530337e-02
8.400000000000e+02 1.407217983344e-02
8.405000000000e+02 1.638129588149e-02
8.410000000000e+02 1.872780675913e-02
8.415000000000e+02 2.104991899825e-02
8.420000000000e+02 2.328312187049e-02
8.425000000000e+02 2.536301818894e-02
8.430000000000e+02 2.722824407585e-02
8.435000000000e+02 2.882332857498e-02
8.440000000000e+02 3.010134509886e-02
8.445000000000e+02 3.102621570588e-02
8.450000000000e+02 3.157454563543e-02
8.455000000000e+02 3.173688850000e-02
8.460000000000e+02 3.151837090828e-02
8.465000000000e+02 3.093863753395e-02
8.470000000000e+02 3.003111205222e-02
8.475000000000e+02 2.884160413723e-02
8.480000000000e+02 2.742632601748e-02
8.485000000000e+02 2.584941217551e-02
8.490000000000e+02 2.418006108193e-02
8.495000000000e+02 2.248943706181e-02
8.500000000000e+02 2.084748251747e-02
8.505000000000e+02 1.931979516858e-02
8.510000000000e+02 1.796472151754e-02
8.515000000000e+02 1.683080661405e-02
8.520000000000e+02 1.595472199841e-02
8.525000000000e+02 1.535976941007e-02
8.530000000000e+02 1.505502875509e-02
8.535000000000e+02 1.503518645380e-02
8.540000000000e+02 1.528104631134e-02
8.545000000000e+02 1.576069121980e-02
8.550000000000e+02 1.643123206433e-02
8.555000000000e+02 1.724105172347e-02
8.560000000000e+02 1.813242849311e-02
8.565000000000e+02 1.904440576990e-02
8.570000000000e+02 1.991576420147e-02
8.575000000000e+02 2.068794925050e-02
8.580000000000e+02 2.130781131102e-02
8.585000000000e+02 2.173002685826e-02
8.590000000000e+02 2.191908696630e-02
8.595000000000e+02 2.185076291442e-02
8.600000000000e+02 2.151298627937e-02
8.605000000000e+02 2.090611142746e-02
8.610000000000e+02 2.004256009931e-02
8.615000000000e+02 1.894587919277e-02
8.620000000000e+02 1.764927230168e-02
8.625000000000e+02 1.619369157746e-02
8.630000000000e+02 1.462559774955e-02
8.635000000000e+02 1.299451161991e-02
8.640000000000e+02 1.135048928095e-02
8.645000000000e+02 9.741655311411e-03
8.650000000000e+02 8.211923163553e-03
8.655000000000e+02 6.799020223712e-03
8.660000000000e+02 5.532917229139e-03
8.665000000000e+02 4.434738760605e-03
8.670000000000e+02 3.516204692613e-03
8.675000000000e+02 2.779623118540e-03
8.680000000000e+02 2.218424939412e-03
8.685000000000e+02 1.818200629322e-03
8.690000000000e+02 1.558172210019e-03
8.695000000000e+02 1.413009660542e-03
8.700000000000e+02 1.354882128590e-03
8.705000000000e+02 1.355621425030e-03
8.710000000000e+02 1.388869089108e-03
8.715000000000e+02 1.432079178335e-03
8.720000000000e+02 1.468256859265e-03
8.725000000000e+02 1.487327471641e-03
8.730000000000e+02 1.487051264675e-03
8.735000000000e+02 1.473424388781e-03
8.740000000000e+02 1.460535628518e-03
8.745000000000e+02 1.469879223711e-03
8.750000000000e+02 1.529155277860e-03
8.755000000000e+02 1.670618990186e-03
8.760000000000e+02 1.929066605920e-03
8.765000000000e+02 2.339568068298e-03
8.770000000000e+02 2.935072610048e-03
8.775000000000e+02 3.744022964042e-03
8.780000000000e+02 4.788115921334e-03
8.785000000000e+02 6.080341415761e-03
8.790000000000e+02 7.623419386682e-03
8.795000000000e+02 9.408733992420e-03
8.800000000000e+02 1.141583932276e-02
8.805000000000e+02 1.361258092214e-02
8.810000000000e+02 1.595584476901e-02
8.815000000000e+02 1.839291161846e-02
8.820000000000e+02 2.086336163291e-02
8.825000000000e+02 2.330144380020e-02
8.830000000000e+02 2.563879844013e-02
8.835000000000e+02 2.780740059039e-02
8.840000000000e+02 2.974257840136e-02
8.845000000000e+02 3.138595460335e-02
8.850000000000e+02 3.268816105243e-02
8.855000000000e+02 3.361118628630e-02
8.860000000000e+02 3.413023333814e-02
8.865000000000e+02 3.423498896805e-02
8.870000000000e+02 3.393023471517e-02
8.875000000000e+02 3.323576318027e-02
8.880000000000e+02 3.218559799183e-02
8.885000000000e+02 3.082655116033e-02
8.890000000000e+02 2.921618510608e-02
8.895000000000e+02 2.742027679108e-02
8.900000000000e+02 2.550990651828e-02
8.905000000000e+02 2.355831277168e-02
8.910000000000e+02 2.163766598759e-02
8.915000000000e+02 1.981591779368e-02
8.920000000000e+02 1.815387786907e-02
8.925000000000e+02 1.670265843314e-02
8.930000000000e+02 1.550160713690e-02
8.935000000000e+02 1.457682385404e-02
8.940000000000e+02 1.394032690321e-02
8.945000000000e+02 1.358990116769e-02
8.950000000000e+02 1.350962615596e-02
8.955000000000e+02 1.367104804999e-02
8.960000000000e+02 1.403492798158e-02
8.965000000000e+02 1.455347078851e-02
8.970000000000e+02 1.517291569586e-02
8.975000000000e+02 1.583635391648e-02
8.980000000000e+02 1.648662881149e-02
8.985000000000e+02 1.706917237430e-02
8.990000000000e+02 1.753463745467e-02
8.995000000000e+02 1.784119789421e-02
9.000000000000e+02 1.795640786839e-02
9.005000000000e+02 1.785853615978e-02
9.010000000000e+02 1.753731949348e-02
9.015000000000e+02 1.699410993576e-02
9.020000000000e+02 1.624142307263e-02
9.025000000000e+02 1.530192460152e-02
9.030000000000e+02 1.420692150610e-02
9.035000000000e+02 1.299444869779e-02
9.040000000000e+02 1.170706166573e-02
9.045000000000e+02 1.038945932478e-02
9.050000000000e+02 9.086068236216e-03
9.055000000000e+02 7.838719399342e-03
9.060000000000e+02 6.684541939161e-03
9.065000000000e+02 5.654184656962e-03
9.070000000000e+02 4.770457269038e-03
9.075000000000e+02 4.047459323004e-03
9.080000000000e+02 3.490237466687e-03
9.085000000000e+02 3.094982397351e-03
9.090000000000e+02 2.849747013752e-03
9.095000000000e+02 2.735638556471e-03
9.100000000000e+02 2.728411388906e-03
9.105000000000e+02 2.800364919907e-03
9.110000000000e+02 2.922434179627e-03
9.115000000000e+02 3.066349651772e-03
9.120000000000e+02 3.206738747161e-03
9.125000000000e+02 3.323044036735e-03
9.130000000000e+02 3.401142946538e-03
9.135000000000e+02 3.434569590260e-03
9.140000000000e+02 3.425260973826e-03
9.145000000000e+02 3.383775841762e-03
9.150000000000e+02 3.328963584367e-03
9.155000000000e+02 3.287091352190e-03
9.160000000000e+02 3.290468186517e-03
9.165000000000e+02 3.375633893402e-03
9.170000000000e+02 3.581206001863e-03
9.175000000000e+02 3.945499000564e-03
9.180000000000e+02 4.504044946495e-03
9.185000000000e+02 5.287152619267e-03
9.190000000000e+02 6.317643098462e-03
9.195000000000e+02 7.608892842144e-03
9.200000000000e+02 9.163301317873e-03
9.205000000000e+02 1.097127963760e-02
9.210000000000e+02 1.301083050856e-02
9.215000000000e+02 1.524775947726e-02
9.220000000000e+02 1.763652450056e-02
9.225000000000e+02 2.012169707282e-02
9.230000000000e+02 2.263997528426e-02
9.235000000000e+02 2.512265906154e-02
9.240000000000e+02 2.749847209691e-02
9.245000000000e+02 2.969659503127e-02
9.250000000000e+02 3.164976144479e-02
9.255000000000e+02 3.329726288160e-02
9.260000000000e+02 3.458771182891e-02
9.265000000000e+02 3.548142222941e-02
9.270000000000e+02 3.595228519990e-02
9.275000000000e+02 3.598904219260e-02
9.280000000000e+02 3.559588769580e-02
9.285000000000e+02 3.479236710136e-02
9.290000000000e+02 3.361257077954e-02
9.295000000000e+02 3.210366091492e-02
9.300000000000e+02 3.032380132880e-02
9.305000000000e+02 2.833959058398e-02
9.310000000000e+02 2.622312356208e-02
9.315000000000e+02 2.404882511025e-02
9.320000000000e+02 2.189021031679e-02
9.325000000000e+02 1.981672894039e-02
9.330000000000e+02 1.789084635853e-02
9.335000000000e+02 1.616550042463e-02
9.340000000000e+02 1.468205355451e-02
9.345000000000e+02 1.346883329657e-02
9.350000000000e+02 1.254032398758e-02
9.355000000000e+02 1.189703850117e-02
9.360000000000e+02 1.152606433968e-02
9.365000000000e+02 1.140224424428e-02
9.370000000000e+02 1.148991987420e-02
9.375000000000e+02 1.174513957238e-02
9.380000000000e+02 1.211820916994e-02
9.385000000000e+02 1.255644930772e-02
9.390000000000e+02 1.300701457691e-02
9.395000000000e+02 1.341962922299e-02
9.400000000000e+02 1.374910118974e-02
9.405000000000e+02 1.395749039216e-02
9.410000000000e+02 1.401582747185e-02
9.415000000000e+02 1.390530475979e-02
9.420000000000e+02 1.361789033707e-02
9.425000000000e+02 1.315634736258e-02
9.430000000000e+02 1.253367256486e-02
9.435000000000e+02 1.177199830320e-02
9.440000000000e+02 1.090103031254e-02
9.445000000000e+02 9.956116742495e-03
9.450000000000e+02 8.976062210125e-03
9.455000000000e+02 8.000812424161e-03
9.460000000000e+02 7.069139960329e-03
9.465000000000e+02 6.216459793082e-03
9.470000000000e+02 5.472894368761e-03
9.475000000000e+02 4.861692894403e-03
9.480000000000e+02 4.398088944799e-03
9.485000000000e+02 4.088655555561e-03
9.490000000000e+02 3.931189047526e-03
9.495000000000e+02 3.915123359514e-03
9.500000000000e+02 4.022447218431e-03
9.505000000000e+02 4.229068601588e-03
9.510000000000e+02 4.506546094563e-03
9.515000000000e+02 4.824086236971e-03
9.520000000000e+02 5.150690859814e-03
9.525000000000e+02 5.457329560530e-03
9.530000000000e+02 5.719010326878e-03
9.535000000000e+02 5.916626053951e-03
9.540000000000e+02 6.038466091124e-03
9.545000000000e+02 6.081299452016e-03
9.550000000000e+02 6.050959042763e-03
9.555000000000e+02 5.962383053870e-03
9.560000000000e+02 5.839099135196e-03
9.565000000000e+02 5.712167597648e-03
9.570000000000e+02 5.618630039518e-03
9.575000000000e+02 5.599537860124e-03
9.580000000000e+02 5.697659602741e-03
9.585000000000e+02 5.954985571701e-03
9.590000000000e+02 6.410161618213e-03
9.595000000000e+02 7.095990580361e-03
9.600000000000e+02 8.037139115133e-03
9.605000000000e+02 9.248179564015e-03
9.610000000000e+02 1.073208132898e-02
9.615000000000e+02 1.247924472748e-02
9.620000000000e+02 1.446714351082e-02
9.625000000000e+02 1.666061150882e-02
9.630000000000e+02 1.901277579429e-02
9.635000000000e+02 2.146660506969e-02
9.640000000000e+02 2.395700944996e-02
9.645000000000e+02 2.641339818988e-02
9.650000000000e+02 2.876257678888e-02
9.655000000000e+02 3.093184568196e-02
9.660000000000e+02 3.285215047359e-02
9.665000000000e+02 3.446112910608e-02
9.670000000000e+02 3.570590479134e-02
9.675000000000e+02 3.654548486289e-02
9.680000000000e+02 3.695264436810e-02
9.685000000000e+02 3.691519829692e-02
9.690000000000e+02 3.643659655815e-02
9.695000000000e+02 3.553580958432e-02
9.700000000000e+02 3.424650798887e-02
9.705000000000e+02 3.261557518432e-02
9.710000000000e+02 3.070102541551e-02
9.715000000000e+02 2.856942946525e-02
9.720000000000e+02 2.629297481553e-02
9.725000000000e+02 2.394630498126e-02
9.730000000000e+02 2.160329314385e-02
9.735000000000e+02 1.933390755988e-02
9.740000000000e+02 1.720132040671e-02
9.745000000000e+02 1.525939808968e-02
9.750000000000e+02 1.355069033042e-02
9.755000000000e+02 1.210500871793e-02
9.760000000000e+02 1.093865427941e-02
9.765000000000e+02 1.005431969986e-02
9.770000000000e+02 9.441656904778e-03
9.775000000000e+02 9.078466687338e-03
9.780000000000e+02 8.932435700397e-03
9.785000000000e+02 8.963319091776e-03
9.790000000000e+02 9.125445728917e-03
9.795000000000e+02 9.370408402785e-03
9.800000000000e+02 9.649794312323e-03
9.805000000000e+02 9.917811814864e-03
9.810000000000e+02 1.013367772048e-02
9.815000000000e+02 1.026364477681e-02
9.820000000000e+02 1.028257053422e-02
9.825000000000e+02 1.017495524035e-02
9.830000000000e+02 9.935406321185e-03
9.835000000000e+02 9.568518715826e-03
9.840000000000e+02 9.088192125262e-03
9.845000000000e+02 8.516436415349e-03
9.850000000000e+02 7.881743392778e-03
9.855000000000e+02 7.217125556184e-03
9.860000000000e+02 6.557939080039e-03
9.865000000000e+02 5.939618403502e-03
9.870000000000e+02 5.395452911814e-03
9.875000000000e+02 4.954532224581e-03
9.880000000000e+02 4.639975838961e-03
9.885000000000e+02 4.467545951405e-03
9.890000000000e+02 4.444720143273e-03
9.895000000000e+02 4.570274497463e-03
9.900000000000e+02 4.834399002724e-03
9.905000000000e+02 5.219337349228e-03
9.910000000000e+02 5.700513980763e-03
9.915000000000e+02 6.248084108326e-03
9.920000000000e+02 6.828818704505e-03
9.925000000000e+02 7.408217548450e-03
9.930000000000e+02 7.952730168490e-03
9.935000000000e+02 8.431957730543e-03
9.940000000000e+02 8.820708919429e-03
9.945000000000e+02 9.100789681358e-03
9.950000000000e+02 9.262420012479e-03
9.955000000000e+02 9.305190129558e-03
9.960000000000e+02 9.238492380843e-03
9.965000000000e+02 9.081392927691e-03
9.970000000000e+02 8.861937133217e-03
9.975000000000e+02 8.615913188113e-03
9.980000000000e+02 8.385128190661e-03
9.985000000000e+02 8.215278115620e-03
9.990000000000e+02 8.153516404345e-03
9.995000000000e+02 8.245844000409e-03
1.000000000000e+03 8.534455559583e-03
