# time(fs)  P_B1_plus_P_C1  N=1e7  Delta=0.0meV  nu=0.2eV
0.000000000000e+00 2.066002266324e-33
5.000000000000e-01 3.322198375564e-07
1.000000000000e+00 5.279222655858e-06
1.500000000000e+00 2.642233566554e-05
2.000000000000e+00 8.218021510539e-05
2.500000000000e+00 1.965367561875e-04
3.000000000000e+00 3.973636655271e-04
3.500000000000e+00 7.144343839180e-04
4.000000000000e+00 1.177244353388e-03
4.500000000000e+00 1.812764633899e-03
5.000000000000e+00 2.643260918857e-03
5.500000000000e+00 3.684307775701e-03
6.000000000000e+00 4.943118539622e-03
6.500000000000e+00 6.417295192582e-03
7.000000000000e+00 8.094080605200e-03
7.500000000000e+00 9.950168862115e-03
8.000000000000e+00 1.195209944471e-02
8.500000000000e+00 1.405722940278e-02
9.000000000000e+00 1.621524599980e-02
9.500000000000e+00 1.837015236395e-02
1.000000000000e+01 2.046263203321e-02
1.050000000000e+01 2.243267639473e-02
1.100000000000e+01 2.422234308560e-02
1.150000000000e+01 2.577850433203e-02
1.200000000000e+01 2.705544248801e-02
1.250000000000e+01 2.801715583303e-02
1.300000000000e+01 2.863925074789e-02
1.350000000000e+01 2.891031606739e-02
1.400000000000e+01 2.883270071919e-02
1.450000000000e+01 2.842264540657e-02
1.500000000000e+01 2.770975155528e-02
1.550000000000e+01 2.673580434228e-02
1.600000000000e+01 2.555299961308e-02
1.650000000000e+01 2.422165515521e-02
1.700000000000e+01 2.280751352683e-02
1.750000000000e+01 2.137876503722e-02
1.800000000000e+01 2.000293441390e-02
1.850000000000e+01 1.874378237247e-02
1.900000000000e+01 1.765837331293e-02
1.950000000000e+01 1.679445267842e-02
2.000000000000e+01 1.618826250925e-02
2.050000000000e+01 1.586290216538e-02
2.100000000000e+01 1.582731417563e-02
2.150000000000e+01 1.607594408604e-02
2.200000000000e+01 1.658908961855e-02
2.250000000000e+01 1.733392013963e-02
2.300000000000e+01 1.826611413866e-02
2.350000000000e+01 1.933203183725e-02
2.400000000000e+01 2.047131375951e-02
2.450000000000e+01 2.161977543114e-02
2.500000000000e+01 2.271245439058e-02
2.550000000000e+01 2.368665908607e-02
2.600000000000e+01 2.448487031480e-02
2.650000000000e+01 2.505735454635e-02
2.700000000000e+01 2.536436428338e-02
2.750000000000e+01 2.537782269581e-02
2.800000000000e+01 2.508241694788e-02
2.850000000000e+01 2.447605548297e-02
2.900000000000e+01 2.356967741813e-02
2.950000000000e+01 2.238643540578e-02
3.000000000000e+01 2.096030511248e-02
3.050000000000e+01 1.933420319339e-02
3.100000000000e+01 1.755771982251e-02
3.150000000000e+01 1.568459023746e-02
3.200000000000e+01 1.377004144336e-02
3.250000000000e+01 1.186815462665e-02
3.300000000000e+01 1.002938077135e-02
3.350000000000e+01 8.298336661643e-03
3.400000000000e+01 6.711991490562e-03
3.450000000000e+01 5.298331621989e-03
3.500000000000e+01 4.075563916105e-03
3.550000000000e+01 3.051887906006e-03
3.600000000000e+01 2.225835635177e-03
3.650000000000e+01 1.587146829520e-03
3.700000000000e+01 1.118117956334e-03
3.750000000000e+01 7.953381755266e-04
3.800000000000e+01 5.917045786919e-04
3.850000000000e+01 4.785945343879e-04
3.900000000000e+01 4.280651810495e-04
3.950000000000e+01 4.149495337929e-04
4.000000000000e+01 4.187253108223e-04
4.050000000000e+01 4.250460639908e-04
4.100000000000e+01 4.268437728930e-04
4.150000000000e+01 4.249366613138e-04
4.200000000000e+01 4.281042769179e-04
4.250000000000e+01 4.526222989952e-04
4.300000000000e+01 5.212804478600e-04
4.350000000000e+01 6.619365784628e-04
4.400000000000e+01 9.056869277991e-04
4.450000000000e+01 1.284755078143e-03
4.500000000000e+01 1.830219251696e-03
4.550000000000e+01 2.569708118002e-03
4.600000000000e+01 3.525198771034e-03
4.650000000000e+01 4.711046695010e-03
4.700000000000e+01 6.132366555878e-03
4.750000000000e+01 7.783865081554e-03
4.800000000000e+01 9.649204036731e-03
4.850000000000e+01 1.170094357289e-02
4.900000000000e+01 1.390108550091e-02
4.950000000000e+01 1.620220391846e-02
5.000000000000e+01 1.854911883443e-02
5.050000000000e+01 2.088103866560e-02
5.100000000000e+01 2.313407133401e-02
5.150000000000e+01 2.524398257999e-02
5.200000000000e+01 2.714906517925e-02
5.250000000000e+01 2.879297484190e-02
5.300000000000e+01 3.012738814338e-02
5.350000000000e+01 3.111434496170e-02
5.400000000000e+01 3.172815224804e-02
5.450000000000e+01 3.195674683175e-02
5.500000000000e+01 3.180244130413e-02
5.550000000000e+01 3.128200749653e-02
5.600000000000e+01 3.042608510306e-02
5.650000000000e+01 2.927793689549e-02
5.700000000000e+01 2.789160498398e-02
5.750000000000e+01 2.632955298121e-02
5.800000000000e+01 2.465990514923e-02
5.850000000000e+01 2.295341428169e-02
5.900000000000e+01 2.128030411849e-02
5.950000000000e+01 1.970713876829e-02
6.000000000000e+01 1.829387056942e-02
6.050000000000e+01 1.709120909705e-02
6.100000000000e+01 1.613843806530e-02
6.150000000000e+01 1.546178449665e-02
6.200000000000e+01 1.507341688653e-02
6.250000000000e+01 1.497111760367e-02
6.300000000000e+01 1.513864105692e-02
6.350000000000e+01 1.554673496299e-02
6.400000000000e+01 1.615476912481e-02
6.450000000000e+01 1.691288616736e-02
6.500000000000e+01 1.776456320784e-02
6.550000000000e+01 1.864945375807e-02
6.600000000000e+01 1.950636625840e-02
6.650000000000e+01 2.027623016248e-02
6.700000000000e+01 2.090490267848e-02
6.750000000000e+01 2.134567897286e-02
6.800000000000e+01 2.156138531544e-02
6.850000000000e+01 2.152595738331e-02
6.900000000000e+01 2.122543352842e-02
6.950000000000e+01 2.065832378187e-02
7.000000000000e+01 1.983534807865e-02
7.050000000000e+01 1.877856991748e-02
7.100000000000e+01 1.751998270546e-02
7.150000000000e+01 1.609963375639e-02
7.200000000000e+01 1.456339387874e-02
7.250000000000e+01 1.296049752333e-02
7.300000000000e+01 1.134098870139e-02
7.350000000000e+01 9.753210832446e-03
7.400000000000e+01 8.241474230812e-03
7.450000000000e+01 6.844023372240e-03
7.500000000000e+01 5.591408062379e-03
7.550000000000e+01 4.505339157502e-03
7.600000000000e+01 3.598081856801e-03
7.650000000000e+01 2.872409301432e-03
7.700000000000e+01 2.322107923549e-03
7.750000000000e+01 1.932995382173e-03
7.800000000000e+01 1.684383654290e-03
7.850000000000e+01 1.550895441684e-03
7.900000000000e+01 1.504522818688e-03
7.950000000000e+01 1.516804014761e-03
8.000000000000e+01 1.560988094640e-03
8.050000000000e+01 1.614058391555e-03
8.100000000000e+01 1.658493799848e-03
8.150000000000e+01 1.683661990763e-03
8.200000000000e+01 1.686759466014e-03
8.250000000000e+01 1.673238976594e-03
8.300000000000e+01 1.656693820165e-03
8.350000000000e+01 1.658199316657e-03
8.400000000000e+01 1.705142676302e-03
8.450000000000e+01 1.829601835138e-03
8.500000000000e+01 2.066360037441e-03
8.550000000000e+01 2.450664556151e-03
8.600000000000e+01 3.015853766988e-03
8.650000000000e+01 3.790985942714e-03
8.700000000000e+01 4.798605079071e-03
8.750000000000e+01 6.052773655425e-03
8.800000000000e+01 7.557489716608e-03
8.850000000000e+01 9.305586664005e-03
8.900000000000e+01 1.127818963879e-02
8.950000000000e+01 1.344477364101e-02
9.000000000000e+01 1.576383705886e-02
9.050000000000e+01 1.818417173895e-02
9.100000000000e+01 2.064667883084e-02
9.150000000000e+01 2.308665008137e-02
9.200000000000e+01 2.543640861532e-02
9.250000000000e+01 2.762818289541e-02
9.300000000000e+01 2.959707361315e-02
9.350000000000e+01 3.128396649423e-02
9.400000000000e+01 3.263824480747e-02
9.450000000000e+01 3.362016374830e-02
9.500000000000e+01 3.420276443092e-02
9.550000000000e+01 3.437322719809e-02
9.600000000000e+01 3.413359123333e-02
9.650000000000e+01 3.350079864845e-02
9.700000000000e+01 3.250605472200e-02
9.750000000000e+01 3.119353005899e-02
9.800000000000e+01 2.961846337253e-02
9.850000000000e+01 2.784475365241e-02
9.900000000000e+01 2.594215613136e-02
9.950000000000e+01 2.398321635857e-02
1.000000000000e+02 2.204008981265e-02
1.005000000000e+02 2.018140015264e-02
1.010000000000e+02 1.846928712326e-02
1.015000000000e+02 1.695678540777e-02
1.020000000000e+02 1.568565886308e-02
1.025000000000e+02 1.468479145175e-02
1.030000000000e+02 1.396920800199e-02
1.035000000000e+02 1.353976613851e-02
1.040000000000e+02 1.338352697818e-02
1.045000000000e+02 1.347477821677e-02
1.050000000000e+02 1.377665079645e-02
1.055000000000e+02 1.424324110425e-02
1.060000000000e+02 1.482212610343e-02
1.065000000000e+02 1.545714019048e-02
1.070000000000e+02 1.609127083154e-02
1.075000000000e+02 1.666952573577e-02
1.080000000000e+02 1.714162765041e-02
1.085000000000e+02 1.746440359422e-02
1.090000000000e+02 1.760375287805e-02
1.095000000000e+02 1.753610163539e-02
1.100000000000e+02 1.724927953963e-02
1.105000000000e+02 1.674278542415e-02
1.110000000000e+02 1.602744099274e-02
1.115000000000e+02 1.512446399256e-02
1.120000000000e+02 1.406402242240e-02
1.125000000000e+02 1.288335798094e-02
1.130000000000e+02 1.162458863422e-02
1.135000000000e+02 1.033231577946e-02
1.140000000000e+02 9.051170210318e-03
1.145000000000e+02 7.823432524109e-03
1.150000000000e+02 6.686857719741e-03
1.155000000000e+02 5.672820874353e-03
1.160000000000e+02 4.804881684330e-03
1.165000000000e+02 4.097841372858e-03
1.170000000000e+02 3.557337334972e-03
1.175000000000e+02 3.179990448825e-03
1.180000000000e+02 2.954088885328e-03
1.185000000000e+02 2.860762185801e-03
1.190000000000e+02 2.875571978461e-03
1.195000000000e+02 2.970422453424e-03
1.200000000000e+02 3.115675871486e-03
1.205000000000e+02 3.282346910944e-03
1.210000000000e+02 3.444245182186e-03
1.215000000000e+02 3.579938007396e-03
1.220000000000e+02 3.674415427998e-03
1.225000000000e+02 3.720355837919e-03
1.230000000000e+02 3.718912764308e-03
1.235000000000e+02 3.679969938843e-03
1.240000000000e+02 3.621841487732e-03
1.245000000000e+02 3.570425214070e-03
1.250000000000e+02 3.557847867264e-03
1.255000000000e+02 3.620670312376e-03
1.260000000000e+02 3.797746046649e-03
1.265000000000e+02 4.127847161435e-03
1.270000000000e+02 4.647186472363e-03
1.275000000000e+02 5.386972314337e-03
1.280000000000e+02 6.371132958920e-03
1.285000000000e+02 7.614340686899e-03
1.290000000000e+02 9.120451558423e-03
1.295000000000e+02 1.088145656508e-02
1.300000000000e+02 1.287701416220e-02
1.305000000000e+02 1.507460449251e-02
1.310000000000e+02 1.743031346936e-02
1.315000000000e+02 1.989022197126e-02
1.320000000000e+02 2.239234343981e-02
1.325000000000e+02 2.486902385894e-02
1.330000000000e+02 2.724969297922e-02
1.335000000000e+02 2.946383608037e-02
1.340000000000e+02 3.144404259220e-02
1.345000000000e+02 3.312898223481e-02
1.350000000000e+02 3.446616132608e-02
1.355000000000e+02 3.541432147404e-02
1.360000000000e+02 3.594535956293e-02
1.365000000000e+02 3.604567092104e-02
1.370000000000e+02 3.571684566167e-02
1.375000000000e+02 3.497567998446e-02
1.380000000000e+02 3.385349808243e-02
1.385000000000e+02 3.239481448519e-02
1.390000000000e+02 3.065539942083e-02
1.395000000000e+02 2.869983941437e-02
1.400000000000e+02 2.659871033419e-02
1.405000000000e+02 2.442549916422e-02
1.410000000000e+02 2.225342294216e-02
1.415000000000e+02 2.015229794158e-02
1.420000000000e+02 1.818560906107e-02
1.425000000000e+02 1.640791868735e-02
1.430000000000e+02 1.486273658889e-02
1.435000000000e+02 1.358094859941e-02
1.440000000000e+02 1.257987320991e-02
1.445000000000e+02 1.186298319436e-02
1.450000000000e+02 1.142029571034e-02
1.455000000000e+02 1.122940068558e-02
1.460000000000e+02 1.125706546290e-02
1.465000000000e+02 1.146132526597e-02
1.470000000000e+02 1.179394552141e-02
1.475000000000e+02 1.220312462087e-02
1.480000000000e+02 1.263629520256e-02
1.485000000000e+02 1.304287897796e-02
1.490000000000e+02 1.337685463891e-02
1.495000000000e+02 1.359901016698e-02
1.500000000000e+02 1.367876926420e-02
1.505000000000e+02 1.359550562136e-02
1.510000000000e+02 1.333928703392e-02
1.515000000000e+02 1.291102244468e-02
1.520000000000e+02 1.232201717292e-02
1.525000000000e+02 1.159297316830e-02
1.530000000000e+02 1.075250042927e-02
1.535000000000e+02 9.835231203016e-03
1.540000000000e+02 8.879648900746e-03
1.545000000000e+02 7.925757760652e-03
1.550000000000e+02 7.012726450053e-03
1.555000000000e+02 6.176638670266e-03
1.560000000000e+02 5.448476454751e-03
1.565000000000e+02 4.852447663998e-03
1.570000000000e+02 4.404748973861e-03
1.575000000000e+02 4.112830543390e-03
1.580000000000e+02 3.975199910303e-03
1.585000000000e+02 3.981772060994e-03
1.590000000000e+02 4.114741724527e-03
1.595000000000e+02 4.349924427703e-03
1.600000000000e+02 4.658486326356e-03
1.605000000000e+02 5.008960740194e-03
1.610000000000e+02 5.369432869330e-03
1.615000000000e+02 5.709764261150e-03
1.620000000000e+02 6.003725775599e-03
1.625000000000e+02 6.230912232871e-03
1.630000000000e+02 6.378323396867e-03
1.635000000000e+02 6.441513848008e-03
1.640000000000e+02 6.425237680335e-03
1.645000000000e+02 6.343541572837e-03
1.650000000000e+02 6.219290155431e-03
1.655000000000e+02 6.083139085025e-03
1.660000000000e+02 5.972002169861e-03
1.665000000000e+02 5.927087558880e-03
1.670000000000e+02 5.991602888643e-03
1.675000000000e+02 6.208248992323e-03
1.680000000000e+02 6.616635232271e-03
1.685000000000e+02 7.250755957286e-03
1.690000000000e+02 8.136666616216e-03
1.695000000000e+02 9.290489680951e-03
1.700000000000e+02 1.071686513788e-02
1.705000000000e+02 1.240793866465e-02
1.710000000000e+02 1.434295382015e-02
1.715000000000e+02 1.648848401790e-02
1.720000000000e+02 1.879930731043e-02
1.725000000000e+02 2.121989378942e-02
1.730000000000e+02 2.368644344109e-02
1.735000000000e+02 2.612938326841e-02
1.740000000000e+02 2.847620793026e-02
1.745000000000e+02 3.065452935902e-02
1.750000000000e+02 3.259518880458e-02
1.755000000000e+02 3.423528017262e-02
1.760000000000e+02 3.552093664555e-02
1.765000000000e+02 3.640974326601e-02
1.770000000000e+02 3.687265589861e-02
1.775000000000e+02 3.689533087328e-02
1.780000000000e+02 3.647879843864e-02
1.785000000000e+02 3.563944544297e-02
1.790000000000e+02 3.440830676026e-02
1.795000000000e+02 3.282969913920e-02
1.800000000000e+02 3.095926362084e-02
1.805000000000e+02 2.886151177915e-02
1.810000000000e+02 2.660699529724e-02
1.815000000000e+02 2.426923655983e-02
1.820000000000e+02 2.192156909784e-02
1.825000000000e+02 1.963404030482e-02
1.830000000000e+02 1.747052469332e-02
1.835000000000e+02 1.548618430863e-02
1.840000000000e+02 1.372539439324e-02
1.845000000000e+02 1.222022797935e-02
1.850000000000e+02 1.098956406278e-02
1.855000000000e+02 1.003885190064e-02
1.860000000000e+02 9.360530452718e-03
1.865000000000e+02 8.935068797498e-03
1.870000000000e+02 8.732562216852e-03
1.875000000000e+02 8.714791166091e-03
1.880000000000e+02 8.837627935630e-03
1.885000000000e+02 9.053659604215e-03
1.890000000000e+02 9.314886687967e-03
1.895000000000e+02 9.575355139293e-03
1.900000000000e+02 9.793585086001e-03
1.905000000000e+02 9.934672570541e-03
1.910000000000e+02 9.971959823574e-03
1.915000000000e+02 9.888194222092e-03
1.920000000000e+02 9.676124698059e-03
1.925000000000e+02 9.338515431909e-03
1.930000000000e+02 8.887588514407e-03
1.935000000000e+02 8.343938185076e-03
1.940000000000e+02 7.734987604963e-03
1.945000000000e+02 7.093083390555e-03
1.950000000000e+02 6.453342040114e-03
1.955000000000e+02 5.851374932790e-03
1.960000000000e+02 5.321024125086e-03
1.965000000000e+02 4.892239438160e-03
1.970000000000e+02 4.589218442391e-03
1.975000000000e+02 4.428915407076e-03
1.980000000000e+02 4.420003953346e-03
1.985000000000e+02 4.562352198822e-03
1.990000000000e+02 4.847040031205e-03
1.995000000000e+02 5.256917385024e-03
2.000000000000e+02 5.767671696870e-03
2.005000000000e+02 6.349343752378e-03
2.010000000000e+02 6.968205492200e-03
2.015000000000e+02 7.588892416398e-03
2.020000000000e+02 8.176668165766e-03
2.025000000000e+02 8.699690499480e-03
2.030000000000e+02 9.131146706034e-03
2.035000000000e+02 9.451132568543e-03
2.040000000000e+02 9.648162054864e-03
2.045000000000e+02 9.720214241871e-03
2.050000000000e+02 9.675248594579e-03
2.055000000000e+02 9.531148302960e-03
2.060000000000e+02 9.315082411675e-03
2.065000000000e+02 9.062309303760e-03
2.070000000000e+02 8.814475012820e-03
2.075000000000e+02 8.617488175093e-03
2.080000000000e+02 8.519077658699e-03
2.085000000000e+02 8.566157701516e-03
2.090000000000e+02 8.802137711661e-03
2.095000000000e+02 9.264319036605e-03
2.100000000000e+02 9.981518665057e-03
2.105000000000e+02 1.097205006261e-02
2.110000000000e+02 1.224217462248e-02
2.115000000000e+02 1.378511437063e-02
2.120000000000e+02 1.558068876048e-02
2.125000000000e+02 1.759560705212e-02
2.130000000000e+02 1.978441451274e-02
2.135000000000e+02 2.209105722337e-02
2.140000000000e+02 2.445099837303e-02
2.145000000000e+02 2.679379023215e-02
2.150000000000e+02 2.904598202634e-02
2.155000000000e+02 3.113422594158e-02
2.160000000000e+02 3.298843243710e-02
2.165000000000e+02 3.454482251830e-02
2.170000000000e+02 3.574872883347e-02
2.175000000000e+02 3.655700920882e-02
2.180000000000e+02 3.693995493747e-02
2.185000000000e+02 3.688260083976e-02
2.190000000000e+02 3.638537355254e-02
2.195000000000e+02 3.546404717480e-02
2.200000000000e+02 3.414900962045e-02
2.205000000000e+02 3.248387704952e-02
2.210000000000e+02 3.052352582028e-02
2.215000000000e+02 2.833163988551e-02
2.220000000000e+02 2.597789498984e-02
2.225000000000e+02 2.353491822201e-02
2.230000000000e+02 2.107517156967e-02
2.235000000000e+02 1.866791062092e-02
2.240000000000e+02 1.637636435592e-02
2.245000000000e+02 1.425526937571e-02
2.250000000000e+02 1.234887260755e-02
2.255000000000e+02 1.068949153935e-02
2.260000000000e+02 9.296691693872e-03
2.265000000000e+02 8.177108902796e-03
2.270000000000e+02 7.324910669519e-03
2.275000000000e+02 6.722858255217e-03
2.280000000000e+02 6.343900786268e-03
2.285000000000e+02 6.153206231832e-03
2.290000000000e+02 6.110512898322e-03
2.295000000000e+02 6.172670209746e-03
2.300000000000e+02 6.296229728909e-03
2.305000000000e+02 6.439946987476e-03
2.310000000000e+02 6.567061702330e-03
2.315000000000e+02 6.647237939198e-03
2.320000000000e+02 6.658065952609e-03
2.325000000000e+02 6.586052668845e-03
2.330000000000e+02 6.427056706070e-03
2.335000000000e+02 6.186154872522e-03
2.340000000000e+02 5.876958571901e-03
2.345000000000e+02 5.520428779581e-03
2.350000000000e+02 5.143265611604e-03
2.355000000000e+02 4.775971526990e-03
2.360000000000e+02 4.450704656282e-03
2.365000000000e+02 4.199049710307e-03
2.370000000000e+02 4.049837818745e-03
2.375000000000e+02 4.027143285328e-03
2.380000000000e+02 4.148574822368e-03
2.385000000000e+02 4.423961920095e-03
2.390000000000e+02 4.854514541657e-03
2.395000000000e+02 5.432507538489e-03
2.400000000000e+02 6.141511511722e-03
2.405000000000e+02 6.957160917651e-03
2.410000000000e+02 7.848419712287e-03
2.415000000000e+02 8.779276413718e-03
2.420000000000e+02 9.710775683657e-03
2.425000000000e+02 1.060327374971e-02
2.430000000000e+02 1.141879130059e-02
2.435000000000e+02 1.212333065494e-02
2.440000000000e+02 1.268902443218e-02
2.445000000000e+02 1.309599065236e-02
2.450000000000e+02 1.333378378497e-02
2.455000000000e+02 1.340235200333e-02
2.460000000000e+02 1.331243670321e-02
2.465000000000e+02 1.308537985418e-02
2.470000000000e+02 1.275233641215e-02
2.475000000000e+02 1.235292114989e-02
2.480000000000e+02 1.193335014707e-02
2.485000000000e+02 1.154416516804e-02
2.490000000000e+02 1.123765273605e-02
2.495000000000e+02 1.106508760674e-02
2.500000000000e+02 1.107394156475e-02
2.505000000000e+02 1.130520237890e-02
2.510000000000e+02 1.179094409835e-02
2.515000000000e+02 1.255227879780e-02
2.520000000000e+02 1.359780191832e-02
2.525000000000e+02 1.492261940030e-02
2.530000000000e+02 1.650801608113e-02
2.535000000000e+02 1.832179280463e-02
2.540000000000e+02 2.031926600925e-02
2.545000000000e+02 2.244488996842e-02
2.550000000000e+02 2.463443009084e-02
2.555000000000e+02 2.681758740110e-02
2.560000000000e+02 2.892095098616e-02
2.565000000000e+02 3.087113803016e-02
2.570000000000e+02 3.259797096988e-02
2.575000000000e+02 3.403753882091e-02
2.580000000000e+02 3.513499499066e-02
2.585000000000e+02 3.584695664837e-02
2.590000000000e+02 3.614339031372e-02
2.595000000000e+02 3.600889375082e-02
2.600000000000e+02 3.544331420682e-02
2.605000000000e+02 3.446167597229e-02
2.610000000000e+02 3.309342447128e-02
2.615000000000e+02 3.138102785156e-02
2.620000000000e+02 2.937800860826e-02
2.625000000000e+02 2.714650552093e-02
2.630000000000e+02 2.475448870065e-02
2.635000000000e+02 2.227276669157e-02
2.640000000000e+02 1.977193354361e-02
2.645000000000e+02 1.731940514113e-02
2.650000000000e+02 1.497668780295e-02
2.655000000000e+02 1.279700862715e-02
2.660000000000e+02 1.082341698359e-02
2.665000000000e+02 9.087441038027e-03
2.670000000000e+02 7.608353587320e-03
2.675000000000e+02 6.393069363936e-03
2.680000000000e+02 5.436663025780e-03
2.685000000000e+02 4.723465014650e-03
2.690000000000e+02 4.228663018143e-03
2.695000000000e+02 3.920311437531e-03
2.700000000000e+02 3.761631354679e-03
2.705000000000e+02 3.713470019794e-03
2.710000000000e+02 3.736782518047e-03
2.715000000000e+02 3.794999307067e-03
2.720000000000e+02 3.856151645004e-03
2.725000000000e+02 3.894642058988e-03
2.730000000000e+02 3.892568085192e-03
2.735000000000e+02 3.840533378568e-03
2.740000000000e+02 3.737909526203e-03
2.745000000000e+02 3.592542911014e-03
2.750000000000e+02 3.419932079840e-03
2.755000000000e+02 3.241930589818e-03
2.760000000000e+02 3.085056646083e-03
2.765000000000e+02 2.978512583897e-03
2.770000000000e+02 2.952033220994e-03
2.775000000000e+02 3.033691454552e-03
2.780000000000e+02 3.247791703369e-03
2.785000000000e+02 3.612976784815e-03
2.790000000000e+02 4.140661843516e-03
2.795000000000e+02 4.833890665209e-03
2.800000000000e+02 5.686686106103e-03
2.805000000000e+02 6.683938724000e-03
2.810000000000e+02 7.801847510294e-03
2.815000000000e+02 9.008895528887e-03
2.820000000000e+02 1.026731295772e-02
2.825000000000e+02 1.153495215128e-02
2.830000000000e+02 1.276747542145e-02
2.835000000000e+02 1.392073758382e-02
2.840000000000e+02 1.495323297344e-02
2.845000000000e+02 1.582847129721e-02
2.850000000000e+02 1.651714868854e-02
2.855000000000e+02 1.699898959774e-02
2.860000000000e+02 1.726415123725e-02
2.865000000000e+02 1.731410438373e-02
2.870000000000e+02 1.716193127688e-02
2.875000000000e+02 1.683201174283e-02
2.880000000000e+02 1.635910090963e-02
2.885000000000e+02 1.578683427537e-02
2.890000000000e+02 1.516572671620e-02
2.895000000000e+02 1.455075964178e-02
2.900000000000e+02 1.399867343885e-02
2.905000000000e+02 1.356509935096e-02
2.910000000000e+02 1.330167509228e-02
2.915000000000e+02 1.325329121058e-02
2.920000000000e+02 1.345561031186e-02
2.925000000000e+02 1.393298894981e-02
2.930000000000e+02 1.469691286751e-02
2.935000000000e+02 1.574503131677e-02
2.940000000000e+02 1.706084663984e-02
2.945000000000e+02 1.861408269083e-02
2.950000000000e+02 2.036172167425e-02
2.955000000000e+02 2.224966533904e-02
2.960000000000e+02 2.421494492385e-02
2.965000000000e+02 2.618837643713e-02
2.970000000000e+02 2.809753521135e-02
2.975000000000e+02 2.986990737153e-02
2.980000000000e+02 3.143606674788e-02
2.985000000000e+02 3.273272431537e-02
2.990000000000e+02 3.370550353618e-02
2.995000000000e+02 3.431130868877e-02
3.000000000000e+02 3.452017368093e-02
3.005000000000e+02 3.431650490825e-02
3.010000000000e+02 3.369966208475e-02
3.015000000000e+02 3.268385407121e-02
3.020000000000e+02 3.129736085003e-02
3.025000000000e+02 2.958112618498e-02
3.030000000000e+02 2.758679644569e-02
3.035000000000e+02 2.537430798372e-02
3.040000000000e+02 2.300914695181e-02
3.045000000000e+02 2.055942047490e-02
3.050000000000e+02 1.809288586803e-02
3.055000000000e+02 1.567408478963e-02
3.060000000000e+02 1.336172185342e-02
3.065000000000e+02 1.120641272771e-02
3.070000000000e+02 9.248905928811e-03
3.075000000000e+02 7.518856494102e-03
3.080000000000e+02 6.034199897926e-03
3.085000000000e+02 4.801142539668e-03
3.090000000000e+02 3.814752588983e-03
3.095000000000e+02 3.060103636244e-03
3.100000000000e+02 2.513895114967e-03
3.105000000000e+02 2.146449325877e-03
3.110000000000e+02 1.923966351479e-03
3.115000000000e+02 1.810906155319e-03
3.120000000000e+02 1.772362309143e-03
3.125000000000e+02 1.776294299015e-03
3.130000000000e+02 1.795495049909e-03
3.135000000000e+02 1.809186616567e-03
3.140000000000e+02 1.804159003717e-03
3.145000000000e+02 1.775393585693e-03
3.150000000000e+02 1.726142141457e-03
3.155000000000e+02 1.667463494312e-03
3.160000000000e+02 1.617250461292e-03
3.165000000000e+02 1.598808607770e-03
3.170000000000e+02 1.639073606818e-03
3.175000000000e+02 1.766574448746e-03
3.180000000000e+02 2.009264225040e-03
3.185000000000e+02 2.392347936205e-03
3.190000000000e+02 2.936237322326e-03
3.195000000000e+02 3.654756052713e-03
3.200000000000e+02 4.553705090263e-03
3.205000000000e+02 5.629878390235e-03
3.210000000000e+02 6.870594357309e-03
3.215000000000e+02 8.253779999244e-03
3.220000000000e+02 9.748614016052e-03
3.225000000000e+02 1.131670380780e-02
3.230000000000e+02 1.291374126520e-02
3.235000000000e+02 1.449155486103e-02
3.240000000000e+02 1.600045248107e-02
3.245000000000e+02 1.739173188914e-02
3.250000000000e+02 1.862022469154e-02
3.255000000000e+02 1.964673578335e-02
3.260000000000e+02 2.044024377838e-02
3.265000000000e+02 2.097973870553e-02
3.270000000000e+02 2.125559077030e-02
3.275000000000e+02 2.127036734410e-02
3.280000000000e+02 2.103904335259e-02
3.285000000000e+02 2.058858143537e-02
3.290000000000e+02 1.995689101215e-02
3.295000000000e+02 1.919120799661e-02
3.300000000000e+02 1.834596763002e-02
3.305000000000e+02 1.748027013453e-02
3.310000000000e+02 1.665506116256e-02
3.315000000000e+02 1.593016514667e-02
3.320000000000e+02 1.536131875844e-02
3.325000000000e+02 1.499735325052e-02
3.330000000000e+02 1.487766836508e-02
3.335000000000e+02 1.503012702281e-02
3.340000000000e+02 1.546947982622e-02
3.345000000000e+02 1.619640253670e-02
3.350000000000e+02 1.719719943405e-02
3.355000000000e+02 1.844419238684e-02
3.360000000000e+02 1.989678125129e-02
3.365000000000e+02 2.150312763404e-02
3.370000000000e+02 2.320238282915e-02
3.375000000000e+02 2.492735348202e-02
3.380000000000e+02 2.660747664500e-02
3.385000000000e+02 2.817196049809e-02
3.390000000000e+02 2.955293890266e-02
3.395000000000e+02 3.068848754733e-02
3.400000000000e+02 3.152535674492e-02
3.405000000000e+02 3.202129056112e-02
3.410000000000e+02 3.214682313059e-02
3.415000000000e+02 3.188646964129e-02
3.420000000000e+02 3.123926015466e-02
3.425000000000e+02 3.021859758584e-02
3.430000000000e+02 2.885145507466e-02
3.435000000000e+02 2.717696088382e-02
3.440000000000e+02 2.524444916954e-02
3.445000000000e+02 2.311108093388e-02
3.450000000000e+02 2.083915986548e-02
3.455000000000e+02 1.849328157918e-02
3.460000000000e+02 1.613746129864e-02
3.465000000000e+02 1.383238399460e-02
3.470000000000e+02 1.163291249738e-02
3.475000000000e+02 9.585973642118e-03
3.480000000000e+02 7.728920935025e-03
3.485000000000e+02 6.088445726006e-03
3.490000000000e+02 4.680078867989e-03
3.495000000000e+02 3.508292944501e-03
3.500000000000e+02 2.567183057208e-03
3.505000000000e+02 1.841673588023e-03
3.510000000000e+02 1.309170903307e-03
3.515000000000e+02 9.415590934853e-04
3.520000000000e+02 7.074187348379e-04
3.525000000000e+02 5.743382030327e-04
3.530000000000e+02 5.111837840786e-04
3.535000000000e+02 4.901988565113e-04
3.540000000000e+02 4.888135054427e-04
3.545000000000e+02 4.910634440118e-04
3.550000000000e+02 4.885400867867e-04
3.555000000000e+02 4.808207784455e-04
3.560000000000e+02 4.753580422217e-04
3.565000000000e+02 4.868376462319e-04
3.570000000000e+02 5.360456061046e-04
3.575000000000e+02 6.483122983001e-04
3.580000000000e+02 8.516261219556e-04
3.585000000000e+02 1.174528294721e-03
3.590000000000e+02 1.643913351956e-03
3.595000000000e+02 2.282866022877e-03
3.600000000000e+02 3.108664035942e-03
3.605000000000e+02 4.131068102134e-03
3.610000000000e+02 5.351005269374e-03
3.615000000000e+02 6.759730828724e-03
3.620000000000e+02 8.338528101021e-03
3.625000000000e+02 1.005897612165e-02
3.630000000000e+02 1.188378404238e-02
3.635000000000e+02 1.376815965945e-02
3.640000000000e+02 1.566164955137e-02
3.645000000000e+02 1.751036148907e-02
3.650000000000e+02 1.925945752721e-02
3.655000000000e+02 2.085578972192e-02
3.660000000000e+02 2.225054066709e-02
3.665000000000e+02 2.340172856528e-02
3.670000000000e+02 2.427644153151e-02
3.675000000000e+02 2.485267805631e-02
3.680000000000e+02 2.512068942853e-02
3.685000000000e+02 2.508374448612e-02
3.690000000000e+02 2.475826606536e-02
3.695000000000e+02 2.417332045769e-02
3.700000000000e+02 2.336947439874e-02
3.705000000000e+02 2.239706687250e-02
3.710000000000e+02 2.131397359854e-02
3.715000000000e+02 2.018296887103e-02
3.720000000000e+02 1.906881101899e-02
3.725000000000e+02 1.803519300709e-02
3.730000000000e+02 1.714170777237e-02
3.735000000000e+02 1.644097834669e-02
3.740000000000e+02 1.597609559088e-02
3.745000000000e+02 1.577849181310e-02
3.750000000000e+02 1.586635738702e-02
3.755000000000e+02 1.624368080005e-02
3.760000000000e+02 1.689996170862e-02
3.765000000000e+02 1.781061313838e-02
3.770000000000e+02 1.893803465767e-02
3.775000000000e+02 2.023330493544e-02
3.780000000000e+02 2.163841128806e-02
3.785000000000e+02 2.308890720331e-02
3.790000000000e+02 2.451686777009e-02
3.795000000000e+02 2.585399851308e-02
3.800000000000e+02 2.703474606342e-02
3.805000000000e+02 2.799925973707e-02
3.810000000000e+02 2.869606138958e-02
3.815000000000e+02 2.908429641885e-02
3.820000000000e+02 2.913546067311e-02
3.825000000000e+02 2.883452513803e-02
3.830000000000e+02 2.818041120173e-02
3.835000000000e+02 2.718580241524e-02
3.840000000000e+02 2.587631225431e-02
3.845000000000e+02 2.428905970306e-02
3.850000000000e+02 2.247073385236e-02
3.855000000000e+02 2.047525362541e-02
3.860000000000e+02 1.836114794026e-02
3.865000000000e+02 1.618879412905e-02
3.870000000000e+02 1.401765764576e-02
3.875000000000e+02 1.190367378533e-02
3.880000000000e+02 9.896902479596e-03
3.885000000000e+02 8.039570788464e-03
3.890000000000e+02 6.364595385016e-03
3.895000000000e+02 4.894650360124e-03
3.900000000000e+02 3.641815510355e-03
3.905000000000e+02 2.607808546199e-03
3.910000000000e+02 1.784773068246e-03
3.915000000000e+02 1.156564393526e-03
3.920000000000e+02 7.004489562815e-04
3.925000000000e+02 3.891114521711e-04
3.930000000000e+02 1.928482762943e-04
3.935000000000e+02 8.181693580162e-05
3.940000000000e+02 2.820944562395e-05
3.945000000000e+02 8.223302109834e-06
3.950000000000e+02 3.716145243960e-06
3.955000000000e+02 3.448965087535e-06
3.960000000000e+02 3.846647586038e-06
3.965000000000e+02 9.232476260077e-06
3.970000000000e+02 3.152338900033e-05
3.975000000000e+02 8.940368639919e-05
3.980000000000e+02 2.070248148145e-04
3.985000000000e+02 4.123061707853e-04
3.990000000000e+02 7.349351001504e-04
3.995000000000e+02 1.204182121417e-03
4.000000000000e+02 1.846658902707e-03
4.005000000000e+02 2.684151019892e-03
4.010000000000e+02 3.731654751334e-03
4.015000000000e+02 4.995737243493e-03
4.020000000000e+02 6.473322818149e-03
4.025000000000e+02 8.150985851298e-03
4.030000000000e+02 1.000480371386e-02
4.035000000000e+02 1.200079315432e-02
4.040000000000e+02 1.409592182732e-02
4.045000000000e+02 1.623965512430e-02
4.050000000000e+02 1.837596873711e-02
4.055000000000e+02 2.044573108692e-02
4.060000000000e+02 2.238933830829e-02
4.065000000000e+02 2.414946906773e-02
4.070000000000e+02 2.567381797984e-02
4.075000000000e+02 2.691766526193e-02
4.080000000000e+02 2.784614664962e-02
4.085000000000e+02 2.843610119697e-02
4.090000000000e+02 2.867739473555e-02
4.095000000000e+02 2.857364245223e-02
4.100000000000e+02 2.814228395270e-02
4.105000000000e+02 2.741399676782e-02
4.110000000000e+02 2.643146784679e-02
4.115000000000e+02 2.524757541940e-02
4.120000000000e+02 2.392306398790e-02
4.125000000000e+02 2.252382153851e-02
4.130000000000e+02 2.111788895943e-02
4.135000000000e+02 1.977234601511e-02
4.140000000000e+02 1.855022528766e-02
4.145000000000e+02 1.750760487023e-02
4.150000000000e+02 1.669102229395e-02
4.155000000000e+02 1.613533660178e-02
4.160000000000e+02 1.586214343588e-02
4.165000000000e+02 1.587882060755e-02
4.170000000000e+02 1.617825027258e-02
4.175000000000e+02 1.673923015005e-02
4.180000000000e+02 1.752755193001e-02
4.185000000000e+02 1.849769187567e-02
4.190000000000e+02 1.959502834073e-02
4.195000000000e+02 2.075847504238e-02
4.200000000000e+02 2.192339877626e-02
4.205000000000e+02 2.302467685342e-02
4.210000000000e+02 2.399974354941e-02
4.215000000000e+02 2.479147656612e-02
4.220000000000e+02 2.535078379861e-02
4.225000000000e+02 2.563876706209e-02
4.230000000000e+02 2.562836198762e-02
4.235000000000e+02 2.530538084417e-02
4.240000000000e+02 2.466891613268e-02
4.245000000000e+02 2.373109579357e-02
4.250000000000e+02 2.251621404429e-02
4.255000000000e+02 2.105929349029e-02
4.260000000000e+02 1.940416258930e-02
4.265000000000e+02 1.760115632945e-02
4.270000000000e+02 1.570456589142e-02
4.275000000000e+02 1.376997420141e-02
4.280000000000e+02 1.185161810688e-02
4.285000000000e+02 9.999914267646e-03
4.290000000000e+02 8.259274995639e-03
4.295000000000e+02 6.666322821040e-03
4.300000000000e+02 5.248589483641e-03
4.305000000000e+02 4.023757611167e-03
4.310000000000e+02 2.999473044431e-03
4.315000000000e+02 2.173724241900e-03
4.320000000000e+02 1.535754141906e-03
4.325000000000e+02 1.067440947146e-03
4.330000000000e+02 7.450590699324e-04
4.335000000000e+02 5.413112834618e-04
4.340000000000e+02 4.275090350262e-04
4.345000000000e+02 3.757706330798e-04
4.350000000000e+02 3.611069926241e-04
4.355000000000e+02 3.632717955710e-04
4.360000000000e+02 3.682668896666e-04
4.365000000000e+02 3.694137410080e-04
4.370000000000e+02 3.679266768085e-04
4.375000000000e+02 3.729521469180e-04
4.380000000000e+02 4.010687422547e-04
4.385000000000e+02 4.752735738354e-04
4.390000000000e+02 6.235101546305e-04
4.395000000000e+02 8.768195251901e-04
4.400000000000e+02 1.267218565317e-03
4.405000000000e+02 1.825426015059e-03
4.410000000000e+02 2.578566765346e-03
4.415000000000e+02 3.547987898108e-03
4.420000000000e+02 4.747315564890e-03
4.425000000000e+02 6.180870290991e-03
4.430000000000e+02 7.842540260578e-03
4.435000000000e+02 9.715188510544e-03
4.440000000000e+02 1.177064197363e-02
4.445000000000e+02 1.397027943985e-02
4.450000000000e+02 1.626620338375e-02
4.455000000000e+02 1.860294894336e-02
4.460000000000e+02 2.091965382590e-02
4.465000000000e+02 2.315258714130e-02
4.470000000000e+02 2.523791452178e-02
4.475000000000e+02 2.711456250263e-02
4.480000000000e+02 2.872703781932e-02
4.485000000000e+02 3.002805745252e-02
4.490000000000e+02 3.098085296613e-02
4.495000000000e+02 3.156102757706e-02
4.500000000000e+02 3.175786573492e-02
4.505000000000e+02 3.157502169805e-02
4.510000000000e+02 3.103054430701e-02
4.515000000000e+02 3.015622830244e-02
4.520000000000e+02 2.899631640039e-02
4.525000000000e+02 2.760560917413e-02
4.530000000000e+02 2.604706989294e-02
4.535000000000e+02 2.438903727006e-02
4.540000000000e+02 2.270217922910e-02
4.545000000000e+02 2.105633425562e-02
4.550000000000e+02 1.951739295092e-02
4.555000000000e+02 1.814437072335e-02
4.560000000000e+02 1.698681321551e-02
4.565000000000e+02 1.608265954698e-02
4.570000000000e+02 1.545666559869e-02
4.575000000000e+02 1.511946155037e-02
4.580000000000e+02 1.506728615046e-02
4.585000000000e+02 1.528240638044e-02
4.590000000000e+02 1.573419701510e-02
4.595000000000e+02 1.638082183155e-02
4.600000000000e+02 1.717142856342e-02
4.605000000000e+02 1.804874464933e-02
4.610000000000e+02 1.895194165982e-02
4.615000000000e+02 1.981962396948e-02
4.620000000000e+02 2.059279237791e-02
4.625000000000e+02 2.121763619033e-02
4.630000000000e+02 2.164801756333e-02
4.635000000000e+02 2.184752912937e-02
4.640000000000e+02 2.179102910383e-02
4.645000000000e+02 2.146558600943e-02
4.650000000000e+02 2.087079634071e-02
4.655000000000e+02 2.001847128724e-02
4.660000000000e+02 1.893172131347e-02
4.665000000000e+02 1.764349824213e-02
4.670000000000e+02 1.619468190046e-02
4.675000000000e+02 1.463182094250e-02
4.680000000000e+02 1.300465400078e-02
4.685000000000e+02 1.136354701191e-02
4.690000000000e+02 9.756984934970e-03
4.695000000000e+02 8.229251061924e-03
4.700000000000e+02 6.818415019741e-03
4.705000000000e+02 5.554732075515e-03
4.710000000000e+02 4.459532505690e-03
4.715000000000e+02 3.544651888943e-03
4.720000000000e+02 2.812422750478e-03
4.725000000000e+02 2.256216675536e-03
4.730000000000e+02 1.861495515460e-03
4.735000000000e+02 1.607302275938e-03
4.740000000000e+02 1.468098213294e-03
4.745000000000e+02 1.415833863464e-03
4.750000000000e+02 1.422129196644e-03
4.755000000000e+02 1.460432497036e-03
4.760000000000e+02 1.508029205396e-03
4.765000000000e+02 1.547780736387e-03
4.770000000000e+02 1.569488712335e-03
4.775000000000e+02 1.570801300779e-03
4.780000000000e+02 1.557604251319e-03
4.785000000000e+02 1.543868392644e-03
4.790000000000e+02 1.550956189799e-03
4.795000000000e+02 1.606420799381e-03
4.800000000000e+02 1.742360217883e-03
4.805000000000e+02 1.993415003664e-03
4.810000000000e+02 2.394519246248e-03
4.815000000000e+02 2.978529786060e-03
4.820000000000e+02 3.773867292899e-03
4.825000000000e+02 4.802304189769e-03
4.830000000000e+02 6.077028443176e-03
4.835000000000e+02 7.601099207344e-03
4.840000000000e+02 9.366390862655e-03
4.845000000000e+02 1.135309712778e-02
4.850000000000e+02 1.352983794364e-02
4.855000000000e+02 1.585438024307e-02
4.860000000000e+02 1.827495119656e-02
4.865000000000e+02 2.073209078210e-02
4.870000000000e+02 2.316096125342e-02
4.875000000000e+02 2.549400583995e-02
4.880000000000e+02 2.766382916192e-02
4.885000000000e+02 2.960615846568e-02
4.890000000000e+02 3.126273862123e-02
4.895000000000e+02 3.258401524360e-02
4.900000000000e+02 3.353146927475e-02
4.905000000000e+02 3.407948246608e-02
4.910000000000e+02 3.421663563543e-02
4.915000000000e+02 3.394636920279e-02
4.920000000000e+02 3.328696692695e-02
4.925000000000e+02 3.227085736123e-02
4.930000000000e+02 3.094326159324e-02
4.935000000000e+02 2.936024857382e-02
4.940000000000e+02 2.758628908567e-02
4.945000000000e+02 2.569142461114e-02
4.950000000000e+02 2.374818672879e-02
4.955000000000e+02 2.182841519461e-02
4.960000000000e+02 2.000012789677e-02
4.965000000000e+02 1.832459315316e-02
4.970000000000e+02 1.685374448722e-02
4.975000000000e+02 1.562806060755e-02
4.980000000000e+02 1.467500973102e-02
4.985000000000e+02 1.400812884964e-02
4.990000000000e+02 1.362677652482e-02
4.995000000000e+02 1.351656395354e-02
5.000000000000e+02 1.365043513609e-02
5.005000000000e+02 1.399033472946e-02
5.010000000000e+02 1.448937325142e-02
5.015000000000e+02 1.509437518342e-02
5.020000000000e+02 1.574867743131e-02
5.025000000000e+02 1.639503444542e-02
5.030000000000e+02 1.697848261792e-02
5.035000000000e+02 1.744902051423e-02
5.040000000000e+02 1.776397280698e-02
5.045000000000e+02 1.788992383064e-02
5.050000000000e+02 1.780413047870e-02
5.055000000000e+02 1.749535243917e-02
5.060000000000e+02 1.696406899792e-02
5.065000000000e+02 1.622208417213e-02
5.070000000000e+02 1.529155404441e-02
5.075000000000e+02 1.420350016400e-02
5.080000000000e+02 1.299589918831e-02
5.085000000000e+02 1.171146018911e-02
5.090000000000e+02 1.039521614493e-02
5.095000000000e+02 9.092064320543e-03
5.100000000000e+02 7.844391101663e-03
5.105000000000e+02 6.689910405818e-03
5.110000000000e+02 5.659831415508e-03
5.115000000000e+02 4.777451833233e-03
5.120000000000e+02 4.057248223338e-03
5.125000000000e+02 3.504506635011e-03
5.130000000000e+02 3.115506143123e-03
5.135000000000e+02 2.878236861604e-03
5.140000000000e+02 2.773604064228e-03
5.145000000000e+02 2.777042911814e-03
5.150000000000e+02 2.860445401556e-03
5.155000000000e+02 2.994283762337e-03
5.160000000000e+02 3.149803560852e-03
5.165000000000e+02 3.301155851787e-03
5.170000000000e+02 3.427341016863e-03
5.175000000000e+02 3.513847317653e-03
5.180000000000e+02 3.553884079571e-03
5.185000000000e+02 3.549131921541e-03
5.190000000000e+02 3.509959337013e-03
5.195000000000e+02 3.455084766379e-03
5.200000000000e+02 3.410694467377e-03
5.205000000000e+02 3.409057301376e-03
5.210000000000e+02 3.486706335973e-03
5.215000000000e+02 3.682282349396e-03
5.220000000000e+02 4.034154528314e-03
5.225000000000e+02 4.577947757759e-03
5.230000000000e+02 5.344113113509e-03
5.235000000000e+02 6.355678051033e-03
5.240000000000e+02 7.626305299121e-03
5.245000000000e+02 9.158774961332e-03
5.250000000000e+02 1.094398352994e-02
5.255000000000e+02 1.296052748930e-02
5.260000000000e+02 1.517490927499e-02
5.265000000000e+02 1.754237111898e-02
5.270000000000e+02 2.000832943961e-02
5.275000000000e+02 2.251035065596e-02
5.280000000000e+02 2.498058030079e-02
5.285000000000e+02 2.734851261443e-02
5.290000000000e+02 2.954396874527e-02
5.295000000000e+02 3.150013929034e-02
5.300000000000e+02 3.315654186707e-02
5.305000000000e+02 3.446174701740e-02
5.310000000000e+02 3.537573591024e-02
5.315000000000e+02 3.587177053767e-02
5.320000000000e+02 3.593768053185e-02
5.325000000000e+02 3.557649917653e-02
5.330000000000e+02 3.480641319813e-02
5.335000000000e+02 3.366002485797e-02
5.340000000000e+02 3.218295898526e-02
5.345000000000e+02 3.043188013715e-02
5.350000000000e+02 2.847201437102e-02
5.355000000000e+02 2.637429465835e-02
5.360000000000e+02 2.421226749618e-02
5.365000000000e+02 2.205890983105e-02
5.370000000000e+02 1.998350941344e-02
5.375000000000e+02 1.804875794872e-02
5.380000000000e+02 1.630819511159e-02
5.385000000000e+02 1.480412323841e-02
5.390000000000e+02 1.356608826285e-02
5.395000000000e+02 1.260999347981e-02
5.400000000000e+02 1.193788051858e-02
5.405000000000e+02 1.153837814996e-02
5.410000000000e+02 1.138778599219e-02
5.415000000000e+02 1.145172854873e-02
5.420000000000e+02 1.168728693403e-02
5.425000000000e+02 1.204549255631e-02
5.430000000000e+02 1.247405009947e-02
5.435000000000e+02 1.292014722219e-02
5.440000000000e+02 1.333320594524e-02
5.445000000000e+02 1.366743580831e-02
5.450000000000e+02 1.388406122708e-02
5.455000000000e+02 1.395311437683e-02
5.460000000000e+02 1.385470933127e-02
5.465000000000e+02 1.357974177345e-02
5.470000000000e+02 1.312998983294e-02
5.475000000000e+02 1.251762381798e-02
5.480000000000e+02 1.176416409013e-02
5.485000000000e+02 1.089895540259e-02
5.490000000000e+02 9.957251159748e-03
5.495000000000e+02 8.978020935353e-03
5.500000000000e+02 8.001608178994e-03
5.505000000000e+02 7.067371651170e-03
5.510000000000e+02 6.211443437898e-03
5.515000000000e+02 5.464728480438e-03
5.520000000000e+02 4.851255874170e-03
5.525000000000e+02 4.386971563763e-03
5.530000000000e+02 4.079036628734e-03
5.535000000000e+02 3.925666507620e-03
5.540000000000e+02 3.916515825374e-03
5.545000000000e+02 4.033582638728e-03
5.550000000000e+02 4.252576576159e-03
5.555000000000e+02 4.544669118718e-03
5.560000000000e+02 4.878522572409e-03
5.565000000000e+02 5.222478305242e-03
5.570000000000e+02 5.546775437363e-03
5.575000000000e+02 5.825668901095e-03
5.580000000000e+02 6.039320766695e-03
5.585000000000e+02 6.175350705822e-03
5.590000000000e+02 6.229949807492e-03
5.595000000000e+02 6.208485696109e-03
5.600000000000e+02 6.125554760544e-03
5.605000000000e+02 6.004467794431e-03
5.610000000000e+02 5.876186833105e-03
5.615000000000e+02 5.777761753491e-03
5.620000000000e+02 5.750343615209e-03
5.625000000000e+02 5.836876218698e-03
5.630000000000e+02 6.079586597293e-03
5.635000000000e+02 6.517408078562e-03
5.640000000000e+02 7.183475411805e-03
5.645000000000e+02 8.102829901755e-03
5.650000000000e+02 9.290463544867e-03
5.655000000000e+02 1.074981525833e-02
5.660000000000e+02 1.247181021713e-02
5.665000000000e+02 1.443450619735e-02
5.670000000000e+02 1.660338005988e-02
5.675000000000e+02 1.893225469411e-02
5.680000000000e+02 2.136483358562e-02
5.685000000000e+02 2.383677841100e-02
5.690000000000e+02 2.627823636663e-02
5.695000000000e+02 2.861669982052e-02
5.700000000000e+02 3.078006262005e-02
5.705000000000e+02 3.269972597067e-02
5.710000000000e+02 3.431360284813e-02
5.715000000000e+02 3.556887365587e-02
5.720000000000e+02 3.642435712701e-02
5.725000000000e+02 3.685237874095e-02
5.730000000000e+02 3.684004325644e-02
5.735000000000e+02 3.638984711990e-02
5.740000000000e+02 3.551959899897e-02
5.745000000000e+02 3.426165085249e-02
5.750000000000e+02 3.266147602596e-02
5.755000000000e+02 3.077566310764e-02
5.760000000000e+02 2.866942303835e-02
5.765000000000e+02 2.641373076535e-02
5.770000000000e+02 2.408224035038e-02
5.775000000000e+02 2.174812299009e-02
5.780000000000e+02 1.948098035503e-02
5.785000000000e+02 1.734398087087e-02
5.790000000000e+02 1.539135431923e-02
5.795000000000e+02 1.366636108279e-02
5.800000000000e+02 1.219982750723e-02
5.805000000000e+02 1.100930950660e-02
5.810000000000e+02 1.009891423665e-02
5.815000000000e+02 9.459776085371e-03
5.820000000000e+02 9.071150129299e-03
5.825000000000e+02 8.902055290003e-03
5.830000000000e+02 8.913372293445e-03
5.835000000000e+02 9.060279572737e-03
5.840000000000e+02 9.294894576603e-03
5.845000000000e+02 9.568979328537e-03
5.850000000000e+02 9.836567930493e-03
5.855000000000e+02 1.005638002903e-02
5.860000000000e+02 1.019389767652e-02
5.865000000000e+02 1.022300277038e-02
5.870000000000e+02 1.012709724907e-02
5.875000000000e+02 9.899657106501e-03
5.880000000000e+02 9.544202494285e-03
5.885000000000e+02 9.073698036742e-03
5.890000000000e+02 8.509428282479e-03
5.895000000000e+02 7.879421315701e-03
5.900000000000e+02 7.216517459658e-03
5.905000000000e+02 6.556198459886e-03
5.910000000000e+02 5.934304570818e-03
5.915000000000e+02 5.384771964745e-03
5.920000000000e+02 4.937520596437e-03
5.925000000000e+02 4.616613240736e-03
5.930000000000e+02 4.438790406244e-03
5.935000000000e+02 4.412464103436e-03
5.940000000000e+02 4.537227202042e-03
5.945000000000e+02 4.803905785117e-03
5.950000000000e+02 5.195151095200e-03
5.955000000000e+02 5.686537049842e-03
5.960000000000e+02 6.248100547962e-03
5.965000000000e+02 6.846236462867e-03
5.970000000000e+02 7.445838706891e-03
5.975000000000e+02 8.012564182870e-03
5.980000000000e+02 8.515088616431e-03
5.985000000000e+02 8.927222636368e-03
5.990000000000e+02 9.229763096954e-03
5.995000000000e+02 9.411968185363e-03
6.000000000000e+02 9.472564624820e-03
6.005000000000e+02 9.420220230074e-03
6.010000000000e+02 9.273443873944e-03
6.015000000000e+02 9.059906049547e-03
6.020000000000e+02 8.815204999057e-03
6.025000000000e+02 8.581134121217e-03
6.030000000000e+02 8.403534410122e-03
6.035000000000e+02 8.329839498052e-03
6.040000000000e+02 8.406439173709e-03
6.045000000000e+02 8.675999011326e-03
6.050000000000e+02 9.174878305008e-03
6.055000000000e+02 9.930785564088e-03
6.060000000000e+02 1.096080049386e-02
6.065000000000e+02 1.226987415617e-02
6.070000000000e+02 1.384989573788e-02
6.075000000000e+02 1.567938623523e-02
6.080000000000e+02 1.772384783236e-02
6.085000000000e+02 1.993676444133e-02
6.090000000000e+02 2.226121550761e-02
6.095000000000e+02 2.463203350713e-02
6.100000000000e+02 2.697840722446e-02
6.105000000000e+02 2.922680939274e-02
6.110000000000e+02 3.130410983557e-02
6.115000000000e+02 3.314072480344e-02
6.120000000000e+02 3.467365030973e-02
6.125000000000e+02 3.584923211454e-02
6.130000000000e+02 3.662553735092e-02
6.135000000000e+02 3.697421201834e-02
6.140000000000e+02 3.688173370509e-02
6.145000000000e+02 3.634999866121e-02
6.150000000000e+02 3.539621520021e-02
6.155000000000e+02 3.405210967743e-02
6.160000000000e+02 3.236248521435e-02
6.165000000000e+02 3.038320517310e-02
6.170000000000e+02 2.817870150231e-02
6.175000000000e+02 2.581913103831e-02
6.180000000000e+02 2.337731948812e-02
6.185000000000e+02 2.092564230543e-02
6.190000000000e+02 1.853299353378e-02
6.195000000000e+02 1.626198786697e-02
6.200000000000e+02 1.416652799568e-02
6.205000000000e+02 1.228984948841e-02
6.210000000000e+02 1.066313004962e-02
6.215000000000e+02 9.304720354517e-03
6.220000000000e+02 8.220021338859e-03
6.225000000000e+02 7.401999518919e-03
6.230000000000e+02 6.832299369584e-03
6.235000000000e+02 6.482881691679e-03
6.240000000000e+02 6.318090808183e-03
6.245000000000e+02 6.297032683559e-03
6.250000000000e+02 6.376131713419e-03
6.255000000000e+02 6.511726693199e-03
6.260000000000e+02 6.662566678069e-03
6.265000000000e+02 6.792075028851e-03
6.270000000000e+02 6.870264448766e-03
6.275000000000e+02 6.875206435207e-03
6.280000000000e+02 6.793984162327e-03
6.285000000000e+02 6.623086974781e-03
6.290000000000e+02 6.368235829836e-03
6.295000000000e+02 6.043660490208e-03
6.300000000000e+02 5.670879351567e-03
6.305000000000e+02 5.277059872982e-03
6.310000000000e+02 4.893060218172e-03
6.315000000000e+02 4.551269705113e-03
6.320000000000e+02 4.283376102049e-03
6.325000000000e+02 4.118191154243e-03
6.330000000000e+02 4.079661814860e-03
6.335000000000e+02 4.185183713214e-03
6.340000000000e+02 4.444316030018e-03
6.345000000000e+02 4.857974113999e-03
6.350000000000e+02 5.418149112970e-03
6.355000000000e+02 6.108174078938e-03
6.360000000000e+02 6.903525063342e-03
6.365000000000e+02 7.773115329600e-03
6.370000000000e+02 8.681012631815e-03
6.375000000000e+02 9.588485080433e-03
6.380000000000e+02 1.045626177774e-02
6.385000000000e+02 1.124688122713e-02
6.390000000000e+02 1.192699424014e-02
6.395000000000e+02 1.246948905559e-02
6.400000000000e+02 1.285531462634e-02
6.405000000000e+02 1.307489311548e-02
6.410000000000e+02 1.312903379648e-02
6.415000000000e+02 1.302928666993e-02
6.420000000000e+02 1.279770381698e-02
6.425000000000e+02 1.246600823654e-02
6.430000000000e+02 1.207420197428e-02
6.435000000000e+02 1.166867603493e-02
6.440000000000e+02 1.129991223200e-02
6.445000000000e+02 1.101989027714e-02
6.450000000000e+02 1.087933078794e-02
6.455000000000e+02 1.092491553631e-02
6.460000000000e+02 1.119662956486e-02
6.465000000000e+02 1.172536554044e-02
6.470000000000e+02 1.253091906891e-02
6.475000000000e+02 1.362048522625e-02
6.480000000000e+02 1.498774219437e-02
6.485000000000e+02 1.661257886279e-02
6.490000000000e+02 1.846149105737e-02
6.495000000000e+02 2.048863734359e-02
6.500000000000e+02 2.263751186537e-02
6.505000000000e+02 2.484316016103e-02
6.510000000000e+02 2.703483598146e-02
6.515000000000e+02 2.913897427994e-02
6.520000000000e+02 3.108233894204e-02
6.525000000000e+02 3.279519435182e-02
6.530000000000e+02 3.421434804966e-02
6.535000000000e+02 3.528591763626e-02
6.540000000000e+02 3.596768842394e-02
6.545000000000e+02 3.623094844911e-02
6.550000000000e+02 3.606171331011e-02
6.555000000000e+02 3.546128355218e-02
6.560000000000e+02 3.444611043185e-02
6.565000000000e+02 3.304698015318e-02
6.570000000000e+02 3.130756031663e-02
6.575000000000e+02 2.928238363339e-02
6.580000000000e+02 2.703437132927e-02
6.585000000000e+02 2.463202069978e-02
6.590000000000e+02 2.214639686691e-02
6.595000000000e+02 1.964807715145e-02
6.600000000000e+02 1.720419721482e-02
6.605000000000e+02 1.487574123985e-02
6.610000000000e+02 1.271520430862e-02
6.615000000000e+02 1.076473456775e-02
6.620000000000e+02 9.054836855405e-03
6.625000000000e+02 7.603689579814e-03
6.630000000000e+02 6.417094370012e-03
6.635000000000e+02 5.489045067625e-03
6.640000000000e+02 4.802870722839e-03
6.645000000000e+02 4.332878065902e-03
6.650000000000e+02 4.046393964306e-03
6.655000000000e+02 3.906088930739e-03
6.660000000000e+02 3.872449808922e-03
6.665000000000e+02 3.906263972669e-03
6.670000000000e+02 3.970978988377e-03
6.675000000000e+02 4.034810576663e-03
6.680000000000e+02 4.072487344914e-03
6.685000000000e+02 4.066542270539e-03
6.690000000000e+02 4.008087106638e-03
6.695000000000e+02 3.897035325167e-03
6.700000000000e+02 3.741770303843e-03
6.705000000000e+02 3.558286517218e-03
6.710000000000e+02 3.368860831103e-03
6.715000000000e+02 3.200337039930e-03
6.720000000000e+02 3.082128127638e-03
6.725000000000e+02 3.044056228493e-03
6.730000000000e+02 3.114159084390e-03
6.735000000000e+02 3.316593470799e-03
6.740000000000e+02 3.669760510535e-03
6.745000000000e+02 4.184765318043e-03
6.750000000000e+02 4.864304696098e-03
6.755000000000e+02 5.702052656941e-03
6.760000000000e+02 6.682585658964e-03
6.765000000000e+02 7.781859149853e-03
6.770000000000e+02 8.968215930795e-03
6.775000000000e+02 1.020387669307e-02
6.780000000000e+02 1.144683547034e-02
6.785000000000e+02 1.265305920682e-02
6.790000000000e+02 1.377887245774e-02
6.795000000000e+02 1.478339642503e-02
6.800000000000e+02 1.563090675979e-02
6.805000000000e+02 1.629297713036e-02
6.810000000000e+02 1.675028536725e-02
6.815000000000e+02 1.699397556737e-02
6.820000000000e+02 1.702649202867e-02
6.825000000000e+02 1.686182812221e-02
6.830000000000e+02 1.652516377262e-02
6.835000000000e+02 1.605189750097e-02
6.840000000000e+02 1.548611128217e-02
6.845000000000e+02 1.487853706825e-02
6.850000000000e+02 1.428412109868e-02
6.855000000000e+02 1.375930459579e-02
6.860000000000e+02 1.335915591194e-02
6.865000000000e+02 1.313449875110e-02
6.870000000000e+02 1.312918318566e-02
6.875000000000e+02 1.337764067536e-02
6.880000000000e+02 1.390285141292e-02
6.885000000000e+02 1.471483270168e-02
6.890000000000e+02 1.580973169984e-02
6.895000000000e+02 1.716957603416e-02
6.900000000000e+02 1.876270301928e-02
6.905000000000e+02 2.054485420237e-02
6.910000000000e+02 2.246088843906e-02
6.915000000000e+02 2.444703542833e-02
6.920000000000e+02 2.643358420845e-02
6.925000000000e+02 2.834787896613e-02
6.930000000000e+02 3.011747878433e-02
6.935000000000e+02 3.167332946886e-02
6.940000000000e+02 3.295279479160e-02
6.945000000000e+02 3.390240141280e-02
6.950000000000e+02 3.448016603942e-02
6.955000000000e+02 3.465739430254e-02
6.960000000000e+02 3.441986731285e-02
6.965000000000e+02 3.376836250935e-02
6.970000000000e+02 3.271848867121e-02
6.975000000000e+02 3.129984909857e-02
6.980000000000e+02 2.955458022876e-02
6.985000000000e+02 2.753534363010e-02
6.990000000000e+02 2.530287583732e-02
6.995000000000e+02 2.292322151062e-02
7.000000000000e+02 2.046478985588e-02
7.005000000000e+02 1.799538142359e-02
7.010000000000e+02 1.557933197596e-02
7.015000000000e+02 1.327491214375e-02
7.020000000000e+02 1.113210654580e-02
7.025000000000e+02 9.190874745530e-03
7.030000000000e+02 7.479970022091e-03
7.035000000000e+02 6.016361855883e-03
7.040000000000e+02 4.805275870760e-03
7.045000000000e+02 3.840832444364e-03
7.050000000000e+02 3.107234009948e-03
7.055000000000e+02 2.580422866094e-03
7.060000000000e+02 2.230107558030e-03
7.065000000000e+02 2.022037826673e-03
7.070000000000e+02 1.920396661785e-03
7.075000000000e+02 1.890173713331e-03
7.080000000000e+02 1.899387393395e-03
7.085000000000e+02 1.921033231475e-03
7.090000000000e+02 1.934652838593e-03
7.095000000000e+02 1.927440251812e-03
7.100000000000e+02 1.894829233507e-03
7.105000000000e+02 1.840534821713e-03
7.110000000000e+02 1.776053447665e-03
7.115000000000e+02 1.719656567896e-03
7.120000000000e+02 1.694941338583e-03
7.125000000000e+02 1.729026839776e-03
7.130000000000e+02 1.850504383232e-03
7.135000000000e+02 2.087264424514e-03
7.140000000000e+02 2.464329788421e-03
7.145000000000e+02 3.001824913814e-03
7.150000000000e+02 3.713203624870e-03
7.155000000000e+02 4.603843923165e-03
7.160000000000e+02 5.670098219928e-03
7.165000000000e+02 6.898862368524e-03
7.170000000000e+02 8.267698162688e-03
7.175000000000e+02 9.745513183851e-03
7.180000000000e+02 1.129377067415e-02
7.185000000000e+02 1.286817217168e-02
7.190000000000e+02 1.442072859872e-02
7.195000000000e+02 1.590211281973e-02
7.200000000000e+02 1.726416963247e-02
7.205000000000e+02 1.846244867496e-02
7.210000000000e+02 1.945862242614e-02
7.215000000000e+02 2.022265557444e-02
7.220000000000e+02 2.073460335305e-02
7.225000000000e+02 2.098593443858e-02
7.230000000000e+02 2.098029776644e-02
7.235000000000e+02 2.073368090828e-02
7.240000000000e+02 2.027393901264e-02
7.245000000000e+02 1.963970609368e-02
7.250000000000e+02 1.887873293933e-02
7.255000000000e+02 1.804572638824e-02
7.260000000000e+02 1.719979157903e-02
7.265000000000e+02 1.640160057279e-02
7.270000000000e+02 1.571042632132e-02
7.275000000000e+02 1.518118944817e-02
7.280000000000e+02 1.486166624709e-02
7.285000000000e+02 1.478999959421e-02
7.290000000000e+02 1.499264042858e-02
7.295000000000e+02 1.548282677615e-02
7.300000000000e+02 1.625968101803e-02
7.305000000000e+02 1.730797557390e-02
7.310000000000e+02 1.859858394771e-02
7.315000000000e+02 2.008959987057e-02
7.320000000000e+02 2.172807383698e-02
7.325000000000e+02 2.345228538463e-02
7.330000000000e+02 2.519444261297e-02
7.335000000000e+02 2.688367905239e-02
7.340000000000e+02 2.844920318655e-02
7.345000000000e+02 2.982344845405e-02
7.350000000000e+02 3.094507179126e-02
7.355000000000e+02 3.176165670626e-02
7.360000000000e+02 3.223199207332e-02
7.365000000000e+02 3.232781951378e-02
7.370000000000e+02 3.203496925112e-02
7.375000000000e+02 3.135383528967e-02
7.380000000000e+02 3.029917406097e-02
7.385000000000e+02 2.889924458447e-02
7.390000000000e+02 2.719434094912e-02
7.395000000000e+02 2.523479785285e-02
7.400000000000e+02 2.307857550530e-02
7.405000000000e+02 2.078855010347e-02
7.410000000000e+02 1.842964933188e-02
7.415000000000e+02 1.606597826886e-02
7.420000000000e+02 1.375807943699e-02
7.425000000000e+02 1.156046165315e-02
7.430000000000e+02 9.519516336810e-03
7.435000000000e+02 7.671917911048e-03
7.440000000000e+02 6.043578076071e-03
7.445000000000e+02 4.649193500762e-03
7.450000000000e+02 3.492394481325e-03
7.455000000000e+02 2.566470064604e-03
7.460000000000e+02 1.855614728052e-03
7.465000000000e+02 1.336614554153e-03
7.470000000000e+02 9.808683617975e-04
7.475000000000e+02 7.566226320035e-04
7.480000000000e+02 6.312891458890e-04
7.485000000000e+02 5.737115333532e-04
7.490000000000e+02 5.562515192704e-04
7.495000000000e+02 5.565772662539e-04
7.500000000000e+02 5.590541903383e-04
7.505000000000e+02 5.556619693190e-04
7.510000000000e+02 5.463888881926e-04
7.515000000000e+02 5.390846712392e-04
7.520000000000e+02 5.487838977344e-04
7.525000000000e+02 5.965423023800e-04
7.530000000000e+02 7.078560775440e-04
7.535000000000e+02 9.107582078200e-04
7.540000000000e+02 1.233704574070e-03
7.545000000000e+02 1.703375040677e-03
7.550000000000e+02 2.342520297967e-03
7.555000000000e+02 3.167983556130e-03
7.560000000000e+02 4.189017351290e-03
7.565000000000e+02 5.406000188449e-03
7.570000000000e+02 6.809636331702e-03
7.575000000000e+02 8.380695899284e-03
7.580000000000e+02 1.009032292772e-02
7.585000000000e+02 1.190090781734e-02
7.590000000000e+02 1.376748924186e-02
7.595000000000e+02 1.563962088879e-02
7.600000000000e+02 1.746361190652e-02
7.605000000000e+02 1.918502811257e-02
7.610000000000e+02 2.075132506735e-02
7.615000000000e+02 2.211447493153e-02
7.620000000000e+02 2.323344713978e-02
7.625000000000e+02 2.407640848926e-02
7.630000000000e+02 2.462252101371e-02
7.635000000000e+02 2.486323536460e-02
7.640000000000e+02 2.480300237100e-02
7.645000000000e+02 2.445935471964e-02
7.650000000000e+02 2.386234277181e-02
7.655000000000e+02 2.305334174804e-02
7.660000000000e+02 2.208328012785e-02
7.665000000000e+02 2.101036942097e-02
7.670000000000e+02 1.989744187172e-02
7.675000000000e+02 1.880902376076e-02
7.680000000000e+02 1.780828664473e-02
7.685000000000e+02 1.695402632987e-02
7.690000000000e+02 1.629781919247e-02
7.695000000000e+02 1.588149761600e-02
7.700000000000e+02 1.573507118945e-02
7.705000000000e+02 1.587519866131e-02
7.710000000000e+02 1.630428856806e-02
7.715000000000e+02 1.701027533618e-02
7.720000000000e+02 1.796708408879e-02
7.725000000000e+02 1.913576309307e-02
7.730000000000e+02 2.046622952667e-02
7.735000000000e+02 2.189954372830e-02
7.740000000000e+02 2.337060089698e-02
7.745000000000e+02 2.481110865877e-02
7.750000000000e+02 2.615270507855e-02
7.755000000000e+02 2.733006525686e-02
7.760000000000e+02 2.828384593546e-02
7.765000000000e+02 2.896332645231e-02
7.770000000000e+02 2.932862045804e-02
7.775000000000e+02 2.935235517817e-02
7.780000000000e+02 2.902074250245e-02
7.785000000000e+02 2.833399736407e-02
7.790000000000e+02 2.730609210953e-02
7.795000000000e+02 2.596386912619e-02
7.800000000000e+02 2.434556614692e-02
7.805000000000e+02 2.249883773189e-02
7.810000000000e+02 2.047838094112e-02
7.815000000000e+02 1.834329191107e-02
7.820000000000e+02 1.615429199598e-02
7.825000000000e+02 1.397096674851e-02
7.830000000000e+02 1.184915810400e-02
7.835000000000e+02 9.838639901652e-03
7.840000000000e+02 7.981189913030e-03
7.845000000000e+02 6.309148797739e-03
7.850000000000e+02 4.844529107849e-03
7.855000000000e+02 3.598707098914e-03
7.860000000000e+02 2.572698308877e-03
7.865000000000e+02 1.757986341373e-03
7.870000000000e+02 1.137844719516e-03
7.875000000000e+02 6.890656312701e-04
7.880000000000e+02 3.839882458170e-04
7.885000000000e+02 1.927041522755e-04
7.890000000000e+02 8.530914305959e-05
7.895000000000e+02 3.406945244279e-05
7.900000000000e+02 1.537669687439e-05
7.905000000000e+02 1.137878841088e-05
7.910000000000e+02 1.119327773213e-05
7.915000000000e+02 1.163387022907e-05
7.920000000000e+02 1.740891589946e-05
7.925000000000e+02 4.078096792895e-05
7.930000000000e+02 1.007073829910e-04
7.935000000000e+02 2.215117145971e-04
7.940000000000e+02 4.311627044509e-04
7.945000000000e+02 7.592605271013e-04
7.950000000000e+02 1.234847336950e-03
7.955000000000e+02 1.884170143201e-03
7.960000000000e+02 2.728527981314e-03
7.965000000000e+02 3.782332020275e-03
7.970000000000e+02 5.051496795794e-03
7.975000000000e+02 6.532263726392e-03
7.980000000000e+02 8.210535343153e-03
7.985000000000e+02 1.006177144498e-02
7.990000000000e+02 1.205146812439e-02
7.995000000000e+02 1.413620890777e-02
8.000000000000e+02 1.626524581601e-02
8.005000000000e+02 1.838253866586e-02
8.010000000000e+02 2.042915499145e-02
8.015000000000e+02 2.234591198144e-02
8.020000000000e+02 2.407612695156e-02
8.025000000000e+02 2.556833493998e-02
8.030000000000e+02 2.677883149340e-02
8.035000000000e+02 2.767390568235e-02
8.040000000000e+02 2.823164253049e-02
8.045000000000e+02 2.844319466394e-02
8.050000000000e+02 2.831344904528e-02
8.055000000000e+02 2.786104481584e-02
8.060000000000e+02 2.711773098035e-02
8.065000000000e+02 2.612708623226e-02
8.070000000000e+02 2.494265589404e-02
8.075000000000e+02 2.362559102904e-02
8.080000000000e+02 2.224190069441e-02
8.085000000000e+02 2.085944868810e-02
8.090000000000e+02 1.954483991711e-02
8.095000000000e+02 1.836034794571e-02
8.100000000000e+02 1.736103401279e-02
8.105000000000e+02 1.659219888458e-02
8.110000000000e+02 1.608729277156e-02
8.115000000000e+02 1.586638600641e-02
8.120000000000e+02 1.593527540268e-02
8.125000000000e+02 1.628526961442e-02
8.130000000000e+02 1.689366301826e-02
8.135000000000e+02 1.772487337714e-02
8.140000000000e+02 1.873218557926e-02
8.145000000000e+02 1.986001376796e-02
8.150000000000e+02 2.104656872450e-02
8.155000000000e+02 2.222679773334e-02
8.160000000000e+02 2.333545134475e-02
8.165000000000e+02 2.431012608995e-02
8.170000000000e+02 2.509413455172e-02
8.175000000000e+02 2.563906409692e-02
8.180000000000e+02 2.590690249409e-02
8.185000000000e+02 2.587163166382e-02
8.190000000000e+02 2.552021871990e-02
8.195000000000e+02 2.485296478362e-02
8.200000000000e+02 2.388320514857e-02
8.205000000000e+02 2.263638750680e-02
8.210000000000e+02 2.114858639475e-02
8.215000000000e+02 1.946454014817e-02
8.220000000000e+02 1.763532002067e-02
8.225000000000e+02 1.571575852679e-02
8.230000000000e+02 1.376177464640e-02
8.235000000000e+02 1.182773675965e-02
8.240000000000e+02 9.963999953273e-03
8.245000000000e+02 8.214742923182e-03
8.250000000000e+02 6.616211748735e-03
8.255000000000e+02 5.195454329095e-03
8.260000000000e+02 3.969601538333e-03
8.265000000000e+02 2.945720680977e-03
8.270000000000e+02 2.121235261526e-03
8.275000000000e+02 1.484874119734e-03
8.280000000000e+02 1.018084289141e-03
8.285000000000e+02 6.968170442784e-04
8.290000000000e+02 4.935768376095e-04
8.295000000000e+02 3.796092383984e-04
8.300000000000e+02 3.270972852522e-04
8.305000000000e+02 3.112361936387e-04
8.310000000000e+02 3.120640713946e-04
8.315000000000e+02 3.159407544928e-04
8.320000000000e+02 3.165872848412e-04
8.325000000000e+02 3.156237943217e-04
8.330000000000e+02 3.225722566721e-04
8.335000000000e+02 3.543211577625e-04
8.340000000000e+02 4.340799481590e-04
8.345000000000e+02 5.898804999519e-04
8.350000000000e+02 8.527090887049e-04
8.355000000000e+02 1.254374220181e-03
8.360000000000e+02 1.825231718348e-03
8.365000000000e+02 2.591897989079e-03
8.370000000000e+02 3.575084728539e-03
8.375000000000e+02 4.787683394247e-03
8.380000000000e+02 6.233215730460e-03
8.385000000000e+02 7.904748148101e-03
8.390000000000e+02 9.784343762076e-03
8.395000000000e+02 1.184309764298e-02
8.400000000000e+02 1.404176983627e-02
8.405000000000e+02 1.633199858257e-02
8.410000000000e+02 1.865804464888e-02
8.415000000000e+02 2.095898843723e-02
8.420000000000e+02 2.317127614813e-02
8.425000000000e+02 2.523149111473e-02
8.430000000000e+02 2.707921259651e-02
8.435000000000e+02 2.865981759999e-02
8.440000000000e+02 2.992708208393e-02
8.445000000000e+02 3.084544621417e-02
8.450000000000e+02 3.139182377102e-02
8.455000000000e+02 3.155685761762e-02
8.460000000000e+02 3.134555020782e-02
8.465000000000e+02 3.077722906564e-02
8.470000000000e+02 2.988484041685e-02
8.475000000000e+02 2.871359797898e-02
8.480000000000e+02 2.731904657016e-02
8.485000000000e+02 2.576462998364e-02
8.490000000000e+02 2.411887794382e-02
8.495000000000e+02 2.245234658769e-02
8.500000000000e+02 2.083445977470e-02
8.505000000000e+02 1.933040393984e-02
8.510000000000e+02 1.799822687846e-02
8.515000000000e+02 1.688628089433e-02
8.520000000000e+02 1.603113366172e-02
8.525000000000e+02 1.545604682135e-02
8.530000000000e+02 1.517009394901e-02
8.535000000000e+02 1.516795756380e-02
8.540000000000e+02 1.543041092785e-02
8.545000000000e+02 1.592545627407e-02
8.550000000000e+02 1.661005853877e-02
8.555000000000e+02 1.743238433933e-02
8.560000000000e+02 1.833443132544e-02
8.565000000000e+02 1.925491439503e-02
8.570000000000e+02 2.013226354212e-02
8.575000000000e+02 2.090758386731e-02
8.580000000000e+02 2.152743171947e-02
8.585000000000e+02 2.194627183034e-02
8.590000000000e+02 2.212849805167e-02
8.595000000000e+02 2.204992394565e-02
8.600000000000e+02 2.169867775142e-02
8.605000000000e+02 2.107546765210e-02
8.610000000000e+02 2.019321614069e-02
8.615000000000e+02 1.907609489946e-02
8.620000000000e+02 1.775802226005e-02
8.625000000000e+02 1.628071240308e-02
8.630000000000e+02 1.469138758513e-02
8.635000000000e+02 1.304028071400e-02
8.640000000000e+02 1.137806472330e-02
8.645000000000e+02 9.753346987571e-03
8.650000000000e+02 8.210361422631e-03
8.655000000000e+02 6.786978278295e-03
8.660000000000e+02 5.513132670894e-03
8.665000000000e+02 4.409748673890e-03
8.670000000000e+02 3.488207615350e-03
8.675000000000e+02 2.750378657012e-03
8.680000000000e+02 2.189198408925e-03
8.685000000000e+02 1.789755960474e-03
8.690000000000e+02 1.530811920098e-03
8.695000000000e+02 1.386656347715e-03
8.700000000000e+02 1.329192107978e-03
8.705000000000e+02 1.330118151457e-03
8.710000000000e+02 1.363082184651e-03
8.715000000000e+02 1.405674381728e-03
8.720000000000e+02 1.441143094923e-03
8.725000000000e+02 1.459729426295e-03
8.730000000000e+02 1.459539165428e-03
8.735000000000e+02 1.446896800345e-03
8.740000000000e+02 1.436155649919e-03
8.745000000000e+02 1.448969052414e-03
8.750000000000e+02 1.513058297940e-03
8.755000000000e+02 1.660541937650e-03
8.760000000000e+02 1.925916658580e-03
8.765000000000e+02 2.343800677566e-03
8.770000000000e+02 2.946565431747e-03
8.775000000000e+02 3.761989393314e-03
8.780000000000e+02 4.811068639860e-03
8.785000000000e+02 6.106112282803e-03
8.790000000000e+02 7.649237301506e-03
8.795000000000e+02 9.431357432988e-03
8.800000000000e+02 1.143173555144e-02
8.805000000000e+02 1.361813975128e-02
8.810000000000e+02 1.594761165357e-02
8.815000000000e+02 1.836782295993e-02
8.820000000000e+02 2.081896469962e-02
8.825000000000e+02 2.323608463557e-02
8.830000000000e+02 2.555176346350e-02
8.835000000000e+02 2.769900109191e-02
8.840000000000e+02 2.961417148629e-02
8.845000000000e+02 3.123989901052e-02
8.850000000000e+02 3.252771124089e-02
8.855000000000e+02 3.344033280029e-02
8.860000000000e+02 3.395350140724e-02
8.865000000000e+02 3.405721022772e-02
8.870000000000e+02 3.375630859983e-02
8.875000000000e+02 3.307042484462e-02
8.880000000000e+02 3.203320855916e-02
8.885000000000e+02 3.069092377641e-02
8.890000000000e+02 2.910045691805e-02
8.895000000000e+02 2.732683287935e-02
8.900000000000e+02 2.544035734728e-02
8.905000000000e+02 2.351352228183e-02
8.910000000000e+02 2.161782340997e-02
8.915000000000e+02 1.982064297241e-02
8.920000000000e+02 1.818234759767e-02
8.925000000000e+02 1.675374022958e-02
8.930000000000e+02 1.557398706880e-02
8.935000000000e+02 1.466911643817e-02
8.940000000000e+02 1.405115758867e-02
8.945000000000e+02 1.371795522268e-02
8.950000000000e+02 1.365366159011e-02
8.955000000000e+02 1.382987415923e-02
8.960000000000e+02 1.420735482165e-02
8.965000000000e+02 1.473823800322e-02
8.970000000000e+02 1.536861137985e-02
8.975000000000e+02 1.604133534011e-02
8.980000000000e+02 1.669895677135e-02
8.985000000000e+02 1.728656968531e-02
8.990000000000e+02 1.775447975741e-02
8.995000000000e+02 1.806054175084e-02
9.000000000000e+02 1.817205736763e-02
9.005000000000e+02 1.806714530182e-02
9.010000000000e+02 1.773552386260e-02
9.015000000000e+02 1.717867795840e-02
9.020000000000e+02 1.640941481951e-02
9.025000000000e+02 1.545084486165e-02
9.030000000000e+02 1.433485387144e-02
9.035000000000e+02 1.310015866770e-02
9.040000000000e+02 1.179005920716e-02
9.045000000000e+02 1.045001468927e-02
9.050000000000e+02 9.125178834766e-03
9.055000000000e+02 7.858029803093e-03
9.060000000000e+02 6.686223203486e-03
9.065000000000e+02 5.640782760676e-03
9.070000000000e+02 4.744723202636e-03
9.075000000000e+02 4.012174951504e-03
9.080000000000e+02 3.448051590700e-03
9.085000000000e+02 3.048270412806e-03
9.090000000000e+02 2.800505291183e-03
9.095000000000e+02 2.685421349439e-03
9.100000000000e+02 2.678314038703e-03
9.105000000000e+02 2.751052727109e-03
9.110000000000e+02 2.874211976525e-03
9.115000000000e+02 3.019263243775e-03
9.120000000000e+02 3.160696363627e-03
9.125000000000e+02 3.277944033801e-03
9.130000000000e+02 3.356993422159e-03
9.135000000000e+02 3.391586369551e-03
9.140000000000e+02 3.383932533957e-03
9.145000000000e+02 3.344886980851e-03
9.150000000000e+02 3.293573705985e-03
9.155000000000e+02 3.256467759254e-03
9.160000000000e+02 3.265979332828e-03
9.165000000000e+02 3.358611716103e-03
9.170000000000e+02 3.572789847013e-03
9.175000000000e+02 3.946475941199e-03
9.180000000000e+02 4.514702261516e-03
9.185000000000e+02 5.307157731754e-03
9.190000000000e+02 6.345964397809e-03
9.195000000000e+02 7.643771687307e-03
9.200000000000e+02 9.202281395246e-03
9.205000000000e+02 1.101129508297e-02
9.210000000000e+02 1.304834920940e-02
9.215000000000e+02 1.527897318169e-02
9.220000000000e+02 1.765757318897e-02
9.225000000000e+02 2.012891186211e-02
9.230000000000e+02 2.263012221240e-02
9.235000000000e+02 2.509316561416e-02
9.240000000000e+02 2.744761933659e-02
9.245000000000e+02 2.962366059649e-02
9.250000000000e+02 3.155510230129e-02
9.255000000000e+02 3.318233123467e-02
9.260000000000e+02 3.445500267581e-02
9.265000000000e+02 3.533435620857e-02
9.270000000000e+02 3.579503524701e-02
9.275000000000e+02 3.582631668763e-02
9.280000000000e+02 3.543268588694e-02
9.285000000000e+02 3.463372438637e-02
9.290000000000e+02 3.346331181307e-02
9.295000000000e+02 3.196817743031e-02
9.300000000000e+02 3.020586914169e-02
9.305000000000e+02 2.824223670609e-02
9.310000000000e+02 2.614855000418e-02
9.315000000000e+02 2.399839117391e-02
9.320000000000e+02 2.186447037840e-02
9.325000000000e+02 1.981551832822e-02
9.330000000000e+02 1.791340428604e-02
9.335000000000e+02 1.621061637272e-02
9.340000000000e+02 1.474822219755e-02
9.345000000000e+02 1.355440313422e-02
9.350000000000e+02 1.264362624543e-02
9.355000000000e+02 1.201648544926e-02
9.360000000000e+02 1.166020969832e-02
9.365000000000e+02 1.154980246135e-02
9.370000000000e+02 1.164974538157e-02
9.375000000000e+02 1.191617125253e-02
9.380000000000e+02 1.229938881627e-02
9.385000000000e+02 1.274662549676e-02
9.390000000000e+02 1.320484484827e-02
9.395000000000e+02 1.362349366642e-02
9.400000000000e+02 1.395703942804e-02
9.405000000000e+02 1.416717164391e-02
9.410000000000e+02 1.422456010477e-02
9.415000000000e+02 1.411008781002e-02
9.420000000000e+02 1.381550524976e-02
9.425000000000e+02 1.334348411168e-02
9.430000000000e+02 1.270708072832e-02
9.435000000000e+02 1.192865095089e-02
9.440000000000e+02 1.103828697382e-02
9.445000000000e+02 1.007187141940e-02
9.450000000000e+02 9.068863425336e-03
9.455000000000e+02 8.069944554825e-03
9.460000000000e+02 7.114658400689e-03
9.465000000000e+02 6.239176497437e-03
9.470000000000e+02 5.474314690684e-03
9.475000000000e+02 4.843908932191e-03
9.480000000000e+02 4.363638419921e-03
9.485000000000e+02 4.040358245822e-03
9.490000000000e+02 3.871974662013e-03
9.495000000000e+02 3.847865313477e-03
9.500000000000e+02 3.949815988106e-03
9.505000000000e+02 4.153416277822e-03
9.510000000000e+02 4.429830613173e-03
9.515000000000e+02 4.747839838660e-03
9.520000000000e+02 5.076032998523e-03
9.525000000000e+02 5.385020150634e-03
9.530000000000e+02 5.649535310847e-03
9.535000000000e+02 5.850304158409e-03
9.540000000000e+02 5.975563620261e-03
9.545000000000e+02 6.022139240783e-03
9.550000000000e+02 5.996010332422e-03
9.555000000000e+02 5.912321005797e-03
9.560000000000e+02 5.794825787061e-03
9.565000000000e+02 5.674790001352e-03
9.570000000000e+02 5.589395734579e-03
9.575000000000e+02 5.579732324349e-03
9.580000000000e+02 5.688474442568e-03
9.585000000000e+02 5.957369594900e-03
9.590000000000e+02 6.424669234591e-03
9.595000000000e+02 7.122642964709e-03
9.600000000000e+02 8.075313152923e-03
9.605000000000e+02 9.296537769773e-03
9.610000000000e+02 1.078855283984e-02
9.615000000000e+02 1.254106338709e-02
9.620000000000e+02 1.453094431093e-02
9.625000000000e+02 1.672258166216e-02
9.630000000000e+02 1.906885190567e-02
9.635000000000e+02 2.151270367458e-02
9.640000000000e+02 2.398927497105e-02
9.645000000000e+02 2.642845041238e-02
9.650000000000e+02 2.875773945539e-02
9.655000000000e+02 3.090533881653e-02
9.660000000000e+02 3.280323149101e-02
9.665000000000e+02 3.439017145620e-02
9.670000000000e+02 3.561440752793e-02
9.675000000000e+02 3.643601172645e-02
9.680000000000e+02 3.682869631605e-02
9.685000000000e+02 3.678102845893e-02
9.690000000000e+02 3.629698091060e-02
9.695000000000e+02 3.539578987364e-02
9.700000000000e+02 3.411112534307e-02
9.705000000000e+02 3.248961326600e-02
9.710000000000e+02 3.058878085275e-02
9.715000000000e+02 2.847452477589e-02
9.720000000000e+02 2.621822531999e-02
9.725000000000e+02 2.389364660737e-02
9.730000000000e+02 2.157377295688e-02
9.735000000000e+02 1.932773373805e-02
9.740000000000e+02 1.721796366261e-02
9.745000000000e+02 1.529773260923e-02
9.750000000000e+02 1.360915949363e-02
9.755000000000e+02 1.218179940695e-02
9.760000000000e+02 1.103186357975e-02
9.765000000000e+02 1.016209923871e-02
9.770000000000e+02 9.562322801120e-03
9.775000000000e+02 9.210566846238e-03
9.780000000000e+02 9.074770620201e-03
9.785000000000e+02 9.114917053268e-03
9.790000000000e+02 9.285497764641e-03
9.795000000000e+02 9.538172388260e-03
9.800000000000e+02 9.824480523683e-03
9.805000000000e+02 1.009846407136e-02
9.810000000000e+02 1.031906462973e-02
9.815000000000e+02 1.045217459705e-02
9.820000000000e+02 1.047224084891e-02
9.825000000000e+02 1.036334524032e-02
9.830000000000e+02 1.011971532934e-02
9.835000000000e+02 9.745650063740e-03
9.840000000000e+02 9.254877029976e-03
9.845000000000e+02 8.669388529967e-03
9.850000000000e+02 8.017831593764e-03
9.855000000000e+02 7.333550577365e-03
9.860000000000e+02 6.652398993181e-03
9.865000000000e+02 6.010448734863e-03
9.870000000000e+02 5.441729297424e-03
9.875000000000e+02 4.976126746842e-03
9.880000000000e+02 4.637562242472e-03
9.885000000000e+02 4.442553422335e-03
9.890000000000e+02 4.399239838775e-03
9.895000000000e+02 4.506927094157e-03
9.900000000000e+02 4.756174823889e-03
9.905000000000e+02 5.129422815603e-03
9.910000000000e+02 5.602119020286e-03
9.915000000000e+02 6.144284666625e-03
9.920000000000e+02 6.722426691083e-03
9.925000000000e+02 7.301687608630e-03
9.930000000000e+02 7.848108877475e-03
9.935000000000e+02 8.330876533895e-03
9.940000000000e+02 8.724417808513e-03
9.945000000000e+02 9.010224608757e-03
9.950000000000e+02 9.178293805576e-03
9.955000000000e+02 9.228094460433e-03
9.960000000000e+02 9.168997409730e-03
9.965000000000e+02 9.020131645260e-03
9.970000000000e+02 8.809663146358e-03
9.975000000000e+02 8.573523561754e-03
9.980000000000e+02 8.353646704196e-03
9.985000000000e+02 8.195798558615e-03
9.990000000000e+02 8.147109912732e-03
9.995000000000e+02 8.253438516263e-03
1.000000000000e+03 8.556698873931e-03
