# time(fs)  |c_eb|^2/n0  n0=1e-4  Delta=50.0meV  nu=0.2eV
0.000000000000e+00 0.000000000000e+00
5.000000000000e-01 3.322996790959e-07
1.000000000000e+00 5.284302726898e-06
1.500000000000e+00 2.647964049747e-05
2.000000000000e+00 8.249783081255e-05
2.500000000000e+00 1.977272802746e-04
3.000000000000e+00 4.008429646683e-04
3.500000000000e+00 7.229873956162e-04
4.000000000000e+00 1.195749242513e-03
4.500000000000e+00 1.849045158506e-03
5.000000000000e+00 2.709016398242e-03
5.500000000000e+00 3.796052396557e-03
6.000000000000e+00 5.123048564956e-03
6.500000000000e+00 6.693995331956e-03
7.000000000000e+00 8.502980384441e-03
7.500000000000e+00 1.053366685253e-02
8.000000000000e+00 1.275928768369e-02
8.500000000000e+00 1.514317173885e-02
9.000000000000e+00 1.763979135774e-02
9.500000000000e+00 2.019629551950e-02
1.000000000000e+01 2.275446845116e-02
1.050000000000e+01 2.525303176694e-02
1.100000000000e+01 2.763019003639e-02
1.150000000000e+01 2.982630598265e-02
1.200000000000e+01 3.178658287936e-02
1.250000000000e+01 3.346362875858e-02
1.300000000000e+01 3.481977988248e-02
1.350000000000e+01 3.582906948251e-02
1.400000000000e+01 3.647874175001e-02
1.450000000000e+01 3.677022987370e-02
1.500000000000e+01 3.671953974415e-02
1.550000000000e+01 3.635700678833e-02
1.600000000000e+01 3.572642111275e-02
1.650000000000e+01 3.488354447031e-02
1.700000000000e+01 3.389407024717e-02
1.750000000000e+01 3.283110342773e-02
1.800000000000e+01 3.177226016056e-02
1.850000000000e+01 3.079650502075e-02
1.900000000000e+01 2.998085751855e-02
1.950000000000e+01 2.939710719422e-02
2.000000000000e+01 2.910867825616e-02
2.050000000000e+01 2.916778024259e-02
2.100000000000e+01 2.961297050855e-02
2.150000000000e+01 3.046723814925e-02
2.200000000000e+01 3.173669772940e-02
2.250000000000e+01 3.340995594489e-02
2.300000000000e+01 3.545818615538e-02
2.350000000000e+01 3.783591575504e-02
2.400000000000e+01 4.048250103708e-02
2.450000000000e+01 4.332423477524e-02
2.500000000000e+01 4.627700449486e-02
2.550000000000e+01 4.924939566674e-02
2.600000000000e+01 5.214611468720e-02
2.650000000000e+01 5.487159250294e-02
2.700000000000e+01 5.733362167889e-02
2.750000000000e+01 5.944687793723e-02
2.800000000000e+01 6.113618181221e-02
2.850000000000e+01 6.233936686609e-02
2.900000000000e+01 6.300963742398e-02
2.950000000000e+01 6.311732029561e-02
3.000000000000e+01 6.265094051534e-02
3.050000000000e+01 6.161757963898e-02
3.100000000000e+01 6.004250535004e-02
3.150000000000e+01 5.796809170845e-02
3.200000000000e+01 5.545207902381e-02
3.250000000000e+01 5.256524977319e-02
3.300000000000e+01 4.938862098982e-02
3.350000000000e+01 4.601027312136e-02
3.400000000000e+01 4.252194966246e-02
3.450000000000e+01 3.901557028781e-02
3.500000000000e+01 3.557980243112e-02
3.550000000000e+01 3.229683219186e-02
3.600000000000e+01 2.923946533027e-02
3.650000000000e+01 2.646867340018e-02
3.700000000000e+01 2.403167951558e-02
3.750000000000e+01 2.196065376331e-02
3.800000000000e+01 2.027206100340e-02
3.850000000000e+01 1.896667494478e-02
3.900000000000e+01 1.803024324530e-02
3.950000000000e+01 1.743476028919e-02
4.000000000000e+01 1.714027845781e-02
4.050000000000e+01 1.709716627809e-02
4.100000000000e+01 1.724870380820e-02
4.150000000000e+01 1.753389273850e-02
4.200000000000e+01 1.789035148996e-02
4.250000000000e+01 1.825716439376e-02
4.300000000000e+01 1.857755871867e-02
4.350000000000e+01 1.880129375995e-02
4.400000000000e+01 1.888666168649e-02
4.450000000000e+01 1.880201978262e-02
4.500000000000e+01 1.852679697115e-02
4.550000000000e+01 1.805194311589e-02
4.600000000000e+01 1.737981621708e-02
4.650000000000e+01 1.652352909528e-02
4.700000000000e+01 1.550580221088e-02
4.750000000000e+01 1.435739175282e-02
4.800000000000e+01 1.311518102953e-02
4.850000000000e+01 1.182003766037e-02
4.900000000000e+01 1.051454844406e-02
4.950000000000e+01 9.240747701592e-03
5.000000000000e+01 8.037953217999e-03
5.050000000000e+01 6.940816753725e-03
5.100000000000e+01 5.977683862878e-03
5.150000000000e+01 5.169341077315e-03
5.200000000000e+01 4.528208175368e-03
5.250000000000e+01 4.058010297418e-03
5.300000000000e+01 3.753940180311e-03
5.350000000000e+01 3.603295935827e-03
5.400000000000e+01 3.586555808381e-03
5.450000000000e+01 3.678829341595e-03
5.500000000000e+01 3.851605420893e-03
5.550000000000e+01 4.074702649081e-03
5.600000000000e+01 4.318317166092e-03
5.650000000000e+01 4.555057842032e-03
5.700000000000e+01 4.761859010425e-03
5.750000000000e+01 4.921666567267e-03
5.800000000000e+01 5.024804065128e-03
5.850000000000e+01 5.069940903790e-03
5.900000000000e+01 5.064604122203e-03
5.950000000000e+01 5.025197701411e-03
6.000000000000e+01 4.976517683722e-03
6.050000000000e+01 4.950776583848e-03
6.100000000000e+01 4.986175361058e-03
6.150000000000e+01 5.125084435792e-03
6.200000000000e+01 5.411915726620e-03
6.250000000000e+01 5.890784499468e-03
6.300000000000e+01 6.603072095587e-03
6.350000000000e+01 7.585007698988e-03
6.400000000000e+01 8.865388912546e-03
6.450000000000e+01 1.046355675000e-02
6.500000000000e+01 1.238773106043e-02
6.550000000000e+01 1.463379754446e-02
6.600000000000e+01 1.718461822416e-02
6.650000000000e+01 2.000991424638e-02
6.700000000000e+01 2.306674424316e-02
6.750000000000e+01 2.630057436187e-02
6.800000000000e+01 2.964690871241e-02
6.850000000000e+01 3.303342261514e-02
6.900000000000e+01 3.638251688961e-02
6.950000000000e+01 3.961419064832e-02
7.000000000000e+01 4.264911362720e-02
7.050000000000e+01 4.541176781771e-02
7.100000000000e+01 4.783352256575e-02
7.150000000000e+01 4.985550776078e-02
7.200000000000e+01 5.143115628775e-02
7.250000000000e+01 5.252829928735e-02
7.300000000000e+01 5.313071547745e-02
7.350000000000e+01 5.323905813556e-02
7.400000000000e+01 5.287110932830e-02
7.450000000000e+01 5.206133948194e-02
7.500000000000e+01 5.085978016882e-02
7.550000000000e+01 4.933024772924e-02
7.600000000000e+01 4.754798372963e-02
7.650000000000e+01 4.559680400066e-02
7.700000000000e+01 4.356586994840e-02
7.750000000000e+01 4.154621298721e-02
7.800000000000e+01 3.962715452862e-02
7.850000000000e+01 3.789276940336e-02
7.900000000000e+01 3.641853967537e-02
7.950000000000e+01 3.526833851936e-02
8.000000000000e+01 3.449187040522e-02
8.050000000000e+01 3.412267503103e-02
8.100000000000e+01 3.417677880622e-02
8.150000000000e+01 3.465205056209e-02
8.200000000000e+01 3.552828839470e-02
8.250000000000e+01 3.676803383401e-02
8.300000000000e+01 3.831807874307e-02
8.350000000000e+01 4.011160141218e-02
8.400000000000e+01 4.207084182328e-02
8.450000000000e+01 4.411020385876e-02
8.500000000000e+01 4.613965466353e-02
8.550000000000e+01 4.806827958878e-02
8.600000000000e+01 4.980784550718e-02
8.650000000000e+01 5.127622593950e-02
8.700000000000e+01 5.240054841351e-02
8.750000000000e+01 5.311993740162e-02
8.800000000000e+01 5.338774444100e-02
8.850000000000e+01 5.317317981034e-02
8.900000000000e+01 5.246228638910e-02
8.950000000000e+01 5.125822488947e-02
9.000000000000e+01 4.958086925316e-02
9.050000000000e+01 4.746574035516e-02
9.100000000000e+01 4.496233397145e-02
9.150000000000e+01 4.213192403420e-02
9.200000000000e+01 3.904494345282e-02
9.250000000000e+01 3.577806131073e-02
9.300000000000e+01 3.241108641227e-02
9.350000000000e+01 2.902383244676e-02
9.400000000000e+01 2.569307933631e-02
9.450000000000e+01 2.248975870414e-02
9.500000000000e+01 1.947647920340e-02
9.550000000000e+01 1.670549025239e-02
9.600000000000e+01 1.421716139465e-02
9.650000000000e+01 1.203902999234e-02
9.700000000000e+01 1.018544343895e-02
9.750000000000e+01 8.657794722436e-03
9.800000000000e+01 7.445323268562e-03
9.850000000000e+01 6.526427752618e-03
9.900000000000e+01 5.870415113068e-03
9.950000000000e+01 5.439591355387e-03
1.000000000000e+02 5.191585735999e-03
1.005000000000e+02 5.081791129828e-03
1.010000000000e+02 5.065800237259e-03
1.015000000000e+02 5.101719815932e-03
1.020000000000e+02 5.152253219458e-03
1.025000000000e+02 5.186454725449e-03
1.030000000000e+02 5.181076797943e-03
1.035000000000e+02 5.121452687524e-03
1.040000000000e+02 5.001880568238e-03
1.045000000000e+02 4.825500621167e-03
1.050000000000e+02 4.603681859443e-03
1.055000000000e+02 4.354959842135e-03
1.060000000000e+02 4.103588574121e-03
1.065000000000e+02 3.877788777335e-03
1.070000000000e+02 3.707789443703e-03
1.075000000000e+02 3.623769450706e-03
1.080000000000e+02 3.653810565106e-03
1.085000000000e+02 3.821972175397e-03
1.090000000000e+02 4.146591639759e-03
1.095000000000e+02 4.638902529090e-03
1.100000000000e+02 5.302046853235e-03
1.105000000000e+02 6.130537375813e-03
1.110000000000e+02 7.110203307448e-03
1.115000000000e+02 8.218628122015e-03
1.120000000000e+02 9.426063178491e-03
1.125000000000e+02 1.069677642384e-02
1.130000000000e+02 1.199077290354e-02
1.135000000000e+02 1.326580424990e-02
1.140000000000e+02 1.447956862181e-02
1.145000000000e+02 1.559199159397e-02
1.150000000000e+02 1.656747276946e-02
1.155000000000e+02 1.737698268074e-02
1.160000000000e+02 1.799989995432e-02
1.165000000000e+02 1.842548950427e-02
1.170000000000e+02 1.865393821405e-02
1.175000000000e+02 1.869688445190e-02
1.180000000000e+02 1.857740096120e-02
1.185000000000e+02 1.832941611357e-02
1.190000000000e+02 1.799658497866e-02
1.195000000000e+02 1.763064800277e-02
1.200000000000e+02 1.728934001787e-02
1.205000000000e+02 1.703393464312e-02
1.210000000000e+02 1.692652788509e-02
1.215000000000e+02 1.702717893783e-02
1.220000000000e+02 1.739103513731e-02
1.225000000000e+02 1.806557134692e-02
1.230000000000e+02 1.908807138023e-02
1.235000000000e+02 2.048347067661e-02
1.240000000000e+02 2.226266543221e-02
1.245000000000e+02 2.442137454916e-02
1.250000000000e+02 2.693961768534e-02
1.255000000000e+02 2.978184661343e-02
1.260000000000e+02 3.289773887351e-02
1.265000000000e+02 3.622363385021e-02
1.270000000000e+02 3.968456303706e-02
1.275000000000e+02 4.319679964316e-02
1.280000000000e+02 4.667082911358e-02
1.285000000000e+02 5.001462258619e-02
1.290000000000e+02 5.313708070627e-02
1.295000000000e+02 5.595150624803e-02
1.300000000000e+02 5.837896109149e-02
1.305000000000e+02 6.035136643542e-02
1.310000000000e+02 6.181421460260e-02
1.315000000000e+02 6.272877603899e-02
1.320000000000e+02 6.307370548329e-02
1.325000000000e+02 6.284597595770e-02
1.330000000000e+02 6.206109713280e-02
1.335000000000e+02 6.075260452429e-02
1.340000000000e+02 5.897083666044e-02
1.345000000000e+02 5.678104742810e-02
1.350000000000e+02 5.426092895478e-02
1.355000000000e+02 5.149764539280e-02
1.360000000000e+02 4.858449872665e-02
1.365000000000e+02 4.561736331010e-02
1.370000000000e+02 4.269103556271e-02
1.375000000000e+02 3.989564868011e-02
1.380000000000e+02 3.731329917706e-02
1.385000000000e+02 3.501502273208e-02
1.390000000000e+02 3.305824152063e-02
1.395000000000e+02 3.148478473462e-02
1.400000000000e+02 3.031955915330e-02
1.405000000000e+02 2.956991856436e-02
1.410000000000e+02 2.922575085258e-02
1.415000000000e+02 2.926027086367e-02
1.420000000000e+02 2.963147727522e-02
1.425000000000e+02 3.028420375521e-02
1.430000000000e+02 3.115267012449e-02
1.435000000000e+02 3.216341891949e-02
1.440000000000e+02 3.323850771140e-02
1.445000000000e+02 3.429881830149e-02
1.450000000000e+02 3.526734090178e-02
1.455000000000e+02 3.607229463350e-02
1.460000000000e+02 3.664995505105e-02
1.465000000000e+02 3.694707425357e-02
1.470000000000e+02 3.692279894488e-02
1.475000000000e+02 3.655001547685e-02
1.480000000000e+02 3.581607738892e-02
1.485000000000e+02 3.472289901109e-02
1.490000000000e+02 3.328642705056e-02
1.495000000000e+02 3.153552944088e-02
1.500000000000e+02 2.951036588085e-02
1.505000000000e+02 2.726032631655e-02
1.510000000000e+02 2.484164119138e-02
1.515000000000e+02 2.231477984593e-02
1.520000000000e+02 1.974176052936e-02
1.525000000000e+02 1.718349678631e-02
1.530000000000e+02 1.469730056042e-02
1.535000000000e+02 1.233465249410e-02
1.540000000000e+02 1.013933508536e-02
1.545000000000e+02 8.146005354246e-03
1.550000000000e+02 6.379261406213e-03
1.555000000000e+02 4.853232803138e-03
1.560000000000e+02 3.571699117870e-03
1.565000000000e+02 2.528715670627e-03
1.570000000000e+02 1.709701388093e-03
1.575000000000e+02 1.092922103661e-03
1.580000000000e+02 6.512844108472e-04
1.585000000000e+02 3.543412390470e-04
1.590000000000e+02 1.704012577278e-04
1.595000000000e+02 6.863042091421e-05
1.600000000000e+02 2.103561986905e-05
1.605000000000e+02 4.227388094059e-06
1.610000000000e+02 8.705732214683e-07
1.615000000000e+02 7.482601219498e-07
1.620000000000e+02 1.384218572198e-06
1.625000000000e+02 8.191794442177e-06
1.630000000000e+02 3.414138296927e-05
1.635000000000e+02 9.896325398284e-05
1.640000000000e+02 2.279263575905e-04
1.645000000000e+02 4.502556743964e-04
1.650000000000e+02 7.972696186071e-04
1.655000000000e+02 1.300334033427e-03
1.660000000000e+02 1.988739677963e-03
1.665000000000e+02 2.887615283853e-03
1.670000000000e+02 4.015987942484e-03
1.675000000000e+02 5.385096781155e-03
1.680000000000e+02 6.997054803506e-03
1.685000000000e+02 8.843937903559e-03
1.690000000000e+02 1.090736014108e-02
1.695000000000e+02 1.315857130620e-02
1.700000000000e+02 1.555908765985e-02
1.705000000000e+02 1.806184070986e-02
1.710000000000e+02 2.061280321937e-02
1.715000000000e+02 2.315302755958e-02
1.720000000000e+02 2.562101014123e-02
1.725000000000e+02 2.795527810206e-02
1.730000000000e+02 3.009708156186e-02
1.735000000000e+02 3.199306713599e-02
1.740000000000e+02 3.359780659888e-02
1.745000000000e+02 3.487605866843e-02
1.750000000000e+02 3.580465173214e-02
1.755000000000e+02 3.637389056448e-02
1.760000000000e+02 3.658841006124e-02
1.765000000000e+02 3.646742284354e-02
1.770000000000e+02 3.604433420661e-02
1.775000000000e+02 3.536572610977e-02
1.780000000000e+02 3.448974043825e-02
1.785000000000e+02 3.348391930249e-02
1.790000000000e+02 3.242258542003e-02
1.795000000000e+02 3.138386748272e-02
1.800000000000e+02 3.044649279205e-02
1.805000000000e+02 2.968648154105e-02
1.810000000000e+02 2.917388341716e-02
1.815000000000e+02 2.896969718655e-02
1.820000000000e+02 2.912310783728e-02
1.825000000000e+02 2.966916361135e-02
1.830000000000e+02 3.062699769917e-02
1.835000000000e+02 3.199867693723e-02
1.840000000000e+02 3.376873378376e-02
1.845000000000e+02 3.590440908536e-02
1.850000000000e+02 3.835660308249e-02
1.855000000000e+02 4.106150193005e-02
1.860000000000e+02 4.394281822512e-02
1.865000000000e+02 4.691455763488e-02
1.870000000000e+02 4.988420114631e-02
1.875000000000e+02 5.275617450226e-02
1.880000000000e+02 5.543546387082e-02
1.885000000000e+02 5.783123031205e-02
1.890000000000e+02 5.986027538588e-02
1.895000000000e+02 6.145021631103e-02
1.900000000000e+02 6.254224117586e-02
1.905000000000e+02 6.309333228480e-02
1.910000000000e+02 6.307786803835e-02
1.915000000000e+02 6.248853983251e-02
1.920000000000e+02 6.133654919527e-02
1.925000000000e+02 5.965108051954e-02
1.930000000000e+02 5.747807498975e-02
1.935000000000e+02 5.487836034784e-02
1.940000000000e+02 5.192521777504e-02
1.945000000000e+02 4.870149020219e-02
1.950000000000e+02 4.529635483744e-02
1.955000000000e+02 4.180189584373e-02
1.960000000000e+02 3.830962033230e-02
1.965000000000e+02 3.490706189204e-02
1.970000000000e+02 3.167461070924e-02
1.975000000000e+02 2.868269820579e-02
1.980000000000e+02 2.598944753924e-02
1.985000000000e+02 2.363888002890e-02
1.990000000000e+02 2.165974254260e-02
1.995000000000e+02 2.006499324257e-02
2.000000000000e+02 1.885195407178e-02
2.005000000000e+02 1.800310925377e-02
2.010000000000e+02 1.748750122094e-02
2.015000000000e+02 1.726264997197e-02
2.020000000000e+02 1.727690004405e-02
2.025000000000e+02 1.747208202778e-02
2.030000000000e+02 1.778636360191e-02
2.035000000000e+02 1.815715888650e-02
2.040000000000e+02 1.852396483828e-02
2.045000000000e+02 1.883099922996e-02
2.050000000000e+02 1.902952634612e-02
2.055000000000e+02 1.907977308627e-02
2.060000000000e+02 1.895235907973e-02
2.065000000000e+02 1.862918847798e-02
2.070000000000e+02 1.810377731532e-02
2.075000000000e+02 1.738101732113e-02
2.080000000000e+02 1.647640364806e-02
2.085000000000e+02 1.541477886132e-02
2.090000000000e+02 1.422866755688e-02
2.095000000000e+02 1.295629414113e-02
2.100000000000e+02 1.163938979369e-02
2.105000000000e+02 1.032090284399e-02
2.110000000000e+02 9.042729393798e-03
2.115000000000e+02 7.843577955193e-03
2.120000000000e+02 6.757073339436e-03
2.125000000000e+02 5.810191480402e-03
2.130000000000e+02 5.022099040489e-03
2.135000000000e+02 4.403450371840e-03
2.140000000000e+02 3.956170776539e-03
2.145000000000e+02 3.673730175002e-03
2.150000000000e+02 3.541886434223e-03
2.155000000000e+02 3.539853947824e-03
2.160000000000e+02 3.641831712520e-03
2.165000000000e+02 3.818807127505e-03
2.170000000000e+02 4.040537912644e-03
2.175000000000e+02 4.277605541781e-03
2.180000000000e+02 4.503429840440e-03
2.185000000000e+02 4.696136078231e-03
2.190000000000e+02 4.840172912702e-03
2.195000000000e+02 4.927591560228e-03
2.200000000000e+02 4.958913046721e-03
2.205000000000e+02 4.943530516071e-03
2.210000000000e+02 4.899616416208e-03
2.215000000000e+02 4.853528868270e-03
2.220000000000e+02 4.838736493640e-03
2.225000000000e+02 4.894305237398e-03
2.230000000000e+02 5.063013168103e-03
2.235000000000e+02 5.389178733357e-03
2.240000000000e+02 5.916303603667e-03
2.245000000000e+02 6.684642283666e-03
2.250000000000e+02 7.728816481286e-03
2.255000000000e+02 9.075592607611e-03
2.260000000000e+02 1.074193548024e-02
2.265000000000e+02 1.273344072048e-02
2.270000000000e+02 1.504323266522e-02
2.275000000000e+02 1.765139472842e-02
2.280000000000e+02 2.052497579135e-02
2.285000000000e+02 2.361859041557e-02
2.290000000000e+02 2.687560365886e-02
2.295000000000e+02 3.022986421612e-02
2.300000000000e+02 3.360792375837e-02
2.305000000000e+02 3.693165687223e-02
2.310000000000e+02 4.012117604787e-02
2.315000000000e+02 4.309792064986e-02
2.320000000000e+02 4.578778853701e-02
2.325000000000e+02 4.812417445119e-02
2.330000000000e+02 5.005078079010e-02
2.335000000000e+02 5.152407393576e-02
2.340000000000e+02 5.251527266491e-02
2.345000000000e+02 5.301177373577e-02
2.350000000000e+02 5.301794282654e-02
2.355000000000e+02 5.255522558726e-02
2.360000000000e+02 5.166156248594e-02
2.365000000000e+02 5.039012112334e-02
2.370000000000e+02 4.880738942316e-02
2.375000000000e+02 4.699070124880e-02
2.380000000000e+02 4.502529126786e-02
2.385000000000e+02 4.300099713507e-02
2.390000000000e+02 4.100874330993e-02
2.395000000000e+02 3.913695131463e-02
2.400000000000e+02 3.746802544017e-02
2.405000000000e+02 3.607506065854e-02
2.410000000000e+02 3.501891082260e-02
2.415000000000e+02 3.434574045270e-02
2.420000000000e+02 3.408516334416e-02
2.425000000000e+02 3.424904644204e-02
2.430000000000e+02 3.483102943135e-02
2.435000000000e+02 3.580678004006e-02
2.440000000000e+02 3.713497402162e-02
2.445000000000e+02 3.875895799394e-02
2.450000000000e+02 4.060902469182e-02
2.455000000000e+02 4.260520439985e-02
2.460000000000e+02 4.466045512067e-02
2.465000000000e+02 4.668411769386e-02
2.470000000000e+02 4.858549180750e-02
2.475000000000e+02 5.027738477348e-02
2.480000000000e+02 5.167948724825e-02
2.485000000000e+02 5.272143869101e-02
2.490000000000e+02 5.334545977958e-02
2.495000000000e+02 5.350844857884e-02
2.500000000000e+02 5.318346108045e-02
2.505000000000e+02 5.236052372440e-02
2.510000000000e+02 5.104675446554e-02
2.515000000000e+02 4.926579857126e-02
2.520000000000e+02 4.705661434318e-02
2.525000000000e+02 4.447167108670e-02
2.530000000000e+02 4.157464573752e-02
2.535000000000e+02 3.843772458805e-02
2.540000000000e+02 3.513863169075e-02
2.545000000000e+02 3.175751518784e-02
2.550000000000e+02 2.837382660776e-02
2.555000000000e+02 2.506332601640e-02
2.560000000000e+02 2.189533796425e-02
2.565000000000e+02 1.893036985366e-02
2.570000000000e+02 1.621818627194e-02
2.575000000000e+02 1.379641089329e-02
2.580000000000e+02 1.168970272361e-02
2.585000000000e+02 9.909526907249e-03
2.590000000000e+02 8.454513204423e-03
2.595000000000e+02 7.311368840303e-03
2.600000000000e+02 6.456287894801e-03
2.605000000000e+02 5.856777816662e-03
2.610000000000e+02 5.473806001507e-03
2.615000000000e+02 5.264156427422e-03
2.620000000000e+02 5.182878642752e-03
2.625000000000e+02 5.185709297730e-03
2.630000000000e+02 5.231349931677e-03
2.635000000000e+02 5.283493695220e-03
2.640000000000e+02 5.312507644611e-03
2.645000000000e+02 5.296695498365e-03
2.650000000000e+02 5.223087435586e-03
2.655000000000e+02 5.087727570942e-03
2.660000000000e+02 4.895455022421e-03
2.665000000000e+02 4.659199782881e-03
2.670000000000e+02 4.398838684498e-03
2.675000000000e+02 4.139678473422e-03
2.680000000000e+02 3.910651321770e-03
2.685000000000e+02 3.742322130470e-03
2.690000000000e+02 3.664816037081e-03
2.695000000000e+02 3.705778196639e-03
2.700000000000e+02 3.888475979344e-03
2.705000000000e+02 4.230146316667e-03
2.710000000000e+02 4.740678383998e-03
2.715000000000e+02 5.421704742410e-03
2.720000000000e+02 6.266153307438e-03
2.725000000000e+02 7.258289069011e-03
2.730000000000e+02 8.374249495168e-03
2.735000000000e+02 9.583052261262e-03
2.740000000000e+02 1.084802953733e-02
2.745000000000e+02 1.212862078385e-02
2.750000000000e+02 1.338243695464e-02
2.755000000000e+02 1.456749406046e-02
2.760000000000e+02 1.564450404052e-02
2.765000000000e+02 1.657910630058e-02
2.770000000000e+02 1.734392432952e-02
2.775000000000e+02 1.792033853570e-02
2.780000000000e+02 1.829987853772e-02
2.785000000000e+02 1.848515506418e-02
2.790000000000e+02 1.849027256894e-02
2.795000000000e+02 1.834068770993e-02
2.800000000000e+02 1.807250485779e-02
2.805000000000e+02 1.773122652498e-02
2.810000000000e+02 1.737000286127e-02
2.815000000000e+02 1.704744886279e-02
2.820000000000e+02 1.682511954151e-02
2.825000000000e+02 1.676475098995e-02
2.830000000000e+02 1.692538820731e-02
2.835000000000e+02 1.736052804498e-02
2.840000000000e+02 1.811540740872e-02
2.845000000000e+02 1.922456264778e-02
2.850000000000e+02 2.070977616010e-02
2.855000000000e+02 2.257851095330e-02
2.860000000000e+02 2.482291390734e-02
2.865000000000e+02 2.741944464559e-02
2.870000000000e+02 3.032916030586e-02
2.875000000000e+02 3.349865815676e-02
2.880000000000e+02 3.686164935139e-02
2.885000000000e+02 4.034110926081e-02
2.890000000000e+02 4.385192406471e-02
2.895000000000e+02 4.730393077247e-02
2.900000000000e+02 5.060522957255e-02
2.905000000000e+02 5.366563420462e-02
2.910000000000e+02 5.640011852984e-02
2.915000000000e+02 5.873211600682e-02
2.920000000000e+02 6.059653346418e-02
2.925000000000e+02 6.194235125040e-02
2.930000000000e+02 6.273469809855e-02
2.935000000000e+02 6.295631021709e-02
2.940000000000e+02 6.260830933812e-02
2.945000000000e+02 6.171026260758e-02
2.950000000000e+02 6.029951713601e-02
2.955000000000e+02 5.842983246173e-02
2.960000000000e+02 5.616936376180e-02
2.965000000000e+02 5.359807611057e-02
2.970000000000e+02 5.080469423765e-02
2.975000000000e+02 4.788331199439e-02
2.980000000000e+02 4.492980023279e-02
2.985000000000e+02 4.203816037497e-02
2.990000000000e+02 3.929697321283e-02
2.995000000000e+02 3.678608830319e-02
3.000000000000e+02 3.457368889351e-02
3.005000000000e+02 3.271385104873e-02
3.010000000000e+02 3.124469430387e-02
3.015000000000e+02 3.018719563832e-02
3.020000000000e+02 2.954470998232e-02
3.025000000000e+02 2.930321017170e-02
3.030000000000e+02 2.943222846162e-02
3.035000000000e+02 2.988645196195e-02
3.040000000000e+02 3.060789677145e-02
3.045000000000e+02 3.152856159530e-02
3.050000000000e+02 3.257344211779e-02
3.055000000000e+02 3.366377331761e-02
3.060000000000e+02 3.472035882619e-02
3.065000000000e+02 3.566684463450e-02
3.070000000000e+02 3.643279899691e-02
3.075000000000e+02 3.695647104349e-02
3.080000000000e+02 3.718711672826e-02
3.085000000000e+02 3.708680167596e-02
3.090000000000e+02 3.663161513156e-02
3.095000000000e+02 3.581225644093e-02
3.100000000000e+02 3.463398402527e-02
3.105000000000e+02 3.311594534725e-02
3.110000000000e+02 3.128993359227e-02
3.115000000000e+02 2.919864148568e-02
3.120000000000e+02 2.689350374711e-02
3.125000000000e+02 2.443223622863e-02
3.130000000000e+02 2.187619111459e-02
3.135000000000e+02 1.928765324031e-02
3.140000000000e+02 1.672720240531e-02
3.145000000000e+02 1.425126065683e-02
3.150000000000e+02 1.190993224562e-02
3.155000000000e+02 9.745227858545e-03
3.160000000000e+02 7.789744702648e-03
3.165000000000e+02 6.065850971126e-03
3.170000000000e+02 4.585398299284e-03
3.175000000000e+02 3.349960174244e-03
3.180000000000e+02 2.351569126352e-03
3.185000000000e+02 1.573902032840e-03
3.190000000000e+02 9.938420995853e-04
3.195000000000e+02 5.833289759236e-04
3.200000000000e+02 3.113957895622e-04
3.205000000000e+02 1.462841954357e-04
3.210000000000e+02 5.752613571755e-05
3.215000000000e+02 1.788400744463e-05
3.220000000000e+02 5.049124337966e-06
3.225000000000e+02 3.011358581863e-06
3.230000000000e+02 3.030005524696e-06
3.235000000000e+02 4.156419334424e-06
3.240000000000e+02 1.328183852290e-05
3.245000000000e+02 4.470797389986e-05
3.250000000000e+02 1.192622210746e-04
3.255000000000e+02 2.630026296979e-04
3.260000000000e+02 5.055789027074e-04
3.265000000000e+02 8.783336917205e-04
3.270000000000e+02 1.412242430966e-03
3.275000000000e+02 2.135799209900e-03
3.280000000000e+02 3.072960267894e-03
3.285000000000e+02 4.241255335882e-03
3.290000000000e+02 5.650170307992e-03
3.295000000000e+02 7.299892836332e-03
3.300000000000e+02 9.180495930845e-03
3.305000000000e+02 1.127161426500e-02
3.310000000000e+02 1.354264455493e-02
3.315000000000e+02 1.595347615964e-02
3.320000000000e+02 1.845573213469e-02
3.325000000000e+02 2.099447562159e-02
3.330000000000e+02 2.351031280880e-02
3.335000000000e+02 2.594180294411e-02
3.340000000000e+02 2.822806909918e-02
3.345000000000e+02 3.031149131669e-02
3.350000000000e+02 3.214035711755e-02
3.355000000000e+02 3.367134351714e-02
3.360000000000e+02 3.487170977641e-02
3.365000000000e+02 3.572109092967e-02
3.370000000000e+02 3.621279829774e-02
3.375000000000e+02 3.635455399768e-02
3.380000000000e+02 3.616861098887e-02
3.385000000000e+02 3.569123735468e-02
3.390000000000e+02 3.497157207910e-02
3.395000000000e+02 3.406988821945e-02
3.400000000000e+02 3.305532678569e-02
3.405000000000e+02 3.200318953390e-02
3.410000000000e+02 3.099190010795e-02
3.415000000000e+02 3.009975944695e-02
3.420000000000e+02 2.940163244936e-02
3.425000000000e+02 2.896570786675e-02
3.430000000000e+02 2.885047209977e-02
3.435000000000e+02 2.910202999782e-02
3.440000000000e+02 2.975189220573e-02
3.445000000000e+02 3.081532962753e-02
3.450000000000e+02 3.229037211089e-02
3.455000000000e+02 3.415750131544e-02
3.460000000000e+02 3.638005845150e-02
3.465000000000e+02 3.890535701702e-02
3.470000000000e+02 4.166646063380e-02
3.475000000000e+02 4.458455753674e-02
3.480000000000e+02 4.757183763445e-02
3.485000000000e+02 5.053475648621e-02
3.490000000000e+02 5.337755384146e-02
3.495000000000e+02 5.600588336498e-02
3.500000000000e+02 5.833040529424e-02
3.505000000000e+02 6.027019521008e-02
3.510000000000e+02 6.175582978781e-02
3.515000000000e+02 6.273202398895e-02
3.520000000000e+02 6.315971303563e-02
3.525000000000e+02 6.301749586945e-02
3.530000000000e+02 6.230238361531e-02
3.535000000000e+02 6.102982569027e-02
3.540000000000e+02 5.923301636540e-02
3.545000000000e+02 5.696151448987e-02
3.550000000000e+02 5.427923749459e-02
3.555000000000e+02 5.126191646519e-02
3.560000000000e+02 4.799412092465e-02
3.565000000000e+02 4.456597909649e-02
3.570000000000e+02 4.106973109665e-02
3.575000000000e+02 3.759625826393e-02
3.580000000000e+02 3.423173145176e-02
3.585000000000e+02 3.105451461540e-02
3.590000000000e+02 2.813244774143e-02
3.595000000000e+02 2.552061564299e-02
3.600000000000e+02 2.325968716628e-02
3.605000000000e+02 2.137488389736e-02
3.610000000000e+02 1.987560966887e-02
3.615000000000e+02 1.875574324526e-02
3.620000000000e+02 1.799456782261e-02
3.625000000000e+02 1.755828369899e-02
3.630000000000e+02 1.740202578610e-02
3.635000000000e+02 1.747228676384e-02
3.640000000000e+02 1.770963037120e-02
3.645000000000e+02 1.805156847782e-02
3.650000000000e+02 1.843547045863e-02
3.655000000000e+02 1.880137435257e-02
3.660000000000e+02 1.909457614869e-02
3.665000000000e+02 1.926788595258e-02
3.670000000000e+02 1.928345721094e-02
3.675000000000e+02 1.911411663597e-02
3.680000000000e+02 1.874414706824e-02
3.685000000000e+02 1.816950199634e-02
3.690000000000e+02 1.739745755937e-02
3.695000000000e+02 1.644573436025e-02
3.700000000000e+02 1.534114600673e-02
3.705000000000e+02 1.411785286041e-02
3.710000000000e+02 1.281531699829e-02
3.715000000000e+02 1.147606708798e-02
3.720000000000e+02 1.014338916075e-02
3.725000000000e+02 8.859060855074e-03
3.730000000000e+02 7.661242568522e-03
3.735000000000e+02 6.582629334905e-03
3.740000000000e+02 5.648952652601e-03
3.745000000000e+02 4.877902698314e-03
3.750000000000e+02 4.278519267184e-03
3.755000000000e+02 3.851075527349e-03
3.760000000000e+02 3.587453435804e-03
3.765000000000e+02 3.471984658455e-03
3.770000000000e+02 3.482707308895e-03
3.775000000000e+02 3.592967877813e-03
3.780000000000e+02 3.773280385244e-03
3.785000000000e+02 3.993341874597e-03
3.790000000000e+02 4.224095483811e-03
3.795000000000e+02 4.439729843598e-03
3.800000000000e+02 4.619506578262e-03
3.805000000000e+02 4.749316046241e-03
3.810000000000e+02 4.822874758842e-03
3.815000000000e+02 4.842495526948e-03
3.820000000000e+02 4.819382412539e-03
3.825000000000e+02 4.773426083432e-03
3.830000000000e+02 4.732499970873e-03
3.835000000000e+02 4.731282627413e-03
3.840000000000e+02 4.809655619658e-03
3.845000000000e+02 5.010748066420e-03
3.850000000000e+02 5.378717520951e-03
3.855000000000e+02 5.956371363595e-03
3.860000000000e+02 6.782742561720e-03
3.865000000000e+02 7.890738072041e-03
3.870000000000e+02 9.304977011167e-03
3.875000000000e+02 1.103992911875e-02
3.880000000000e+02 1.309845211289e-02
3.885000000000e+02 1.547080987008e-02
3.890000000000e+02 1.813423268063e-02
3.895000000000e+02 2.105305694199e-02
3.900000000000e+02 2.417945571394e-02
3.905000000000e+02 2.745474467170e-02
3.910000000000e+02 3.081122138275e-02
3.915000000000e+02 3.417447067875e-02
3.920000000000e+02 3.746604638846e-02
3.925000000000e+02 4.060642085868e-02
3.930000000000e+02 4.351807943509e-02
3.935000000000e+02 4.612862810324e-02
3.940000000000e+02 4.837377923959e-02
3.945000000000e+02 5.020008317127e-02
3.950000000000e+02 5.156728192618e-02
3.955000000000e+02 5.245017587653e-02
3.960000000000e+02 5.283991332037e-02
3.965000000000e+02 5.274463670120e-02
3.970000000000e+02 5.218944607656e-02
3.975000000000e+02 5.121566946147e-02
3.980000000000e+02 4.987945952400e-02
3.985000000000e+02 4.824976548837e-02
3.990000000000e+02 4.640575668088e-02
3.995000000000e+02 4.443379868329e-02
4.000000000000e+02 4.242410341343e-02
4.005000000000e+02 4.046718969456e-02
4.010000000000e+02 3.865030025003e-02
4.015000000000e+02 3.705392414557e-02
4.020000000000e+02 3.574857029676e-02
4.025000000000e+02 3.479192781458e-02
4.030000000000e+02 3.422653322587e-02
4.035000000000e+02 3.407804346635e-02
4.040000000000e+02 3.435418810476e-02
4.045000000000e+02 3.504444546567e-02
4.050000000000e+02 3.612045665568e-02
4.055000000000e+02 3.753716004454e-02
4.060000000000e+02 3.923459829797e-02
4.065000000000e+02 4.114032146174e-02
4.070000000000e+02 4.317228467347e-02
4.075000000000e+02 4.524211841730e-02
4.080000000000e+02 4.725863407515e-02
4.085000000000e+02 4.913141842191e-02
4.090000000000e+02 5.077436792098e-02
4.095000000000e+02 5.210901743724e-02
4.100000000000e+02 5.306752800099e-02
4.105000000000e+02 5.359521404398e-02
4.110000000000e+02 5.365251135004e-02
4.115000000000e+02 5.321631185137e-02
4.120000000000e+02 5.228061921675e-02
4.125000000000e+02 5.085650866593e-02
4.130000000000e+02 4.897140429174e-02
4.135000000000e+02 4.666771606169e-02
4.140000000000e+02 4.400090534613e-02
4.145000000000e+02 4.103707113592e-02
4.150000000000e+02 3.785016808325e-02
4.155000000000e+02 3.451898136049e-02
4.160000000000e+02 3.112399154132e-02
4.165000000000e+02 2.774426494814e-02
4.170000000000e+02 2.445450120348e-02
4.175000000000e+02 2.132236029065e-02
4.180000000000e+02 1.840617675921e-02
4.185000000000e+02 1.575314951175e-02
4.190000000000e+02 1.339807281589e-02
4.195000000000e+02 1.136264882308e-02
4.200000000000e+02 9.655395121509e-03
4.205000000000e+02 8.272133891965e-03
4.210000000000e+02 7.197023311471e-03
4.215000000000e+02 6.404068089411e-03
4.220000000000e+02 5.859025455961e-03
4.225000000000e+02 5.521606502112e-03
4.230000000000e+02 5.347861133782e-03
4.235000000000e+02 5.292628593711e-03
4.240000000000e+02 5.311934725201e-03
4.245000000000e+02 5.365221927795e-03
4.250000000000e+02 5.417307795837e-03
4.255000000000e+02 5.439983266103e-03
4.260000000000e+02 5.413179990490e-03
4.265000000000e+02 5.325658696769e-03
4.270000000000e+02 5.175194466917e-03
4.275000000000e+02 4.968259976837e-03
4.280000000000e+02 4.719232639701e-03
4.285000000000e+02 4.449175070378e-03
4.290000000000e+02 4.184259242835e-03
4.295000000000e+02 3.953922128323e-03
4.300000000000e+02 3.788853660646e-03
4.305000000000e+02 3.718925932490e-03
4.310000000000e+02 3.771175195787e-03
4.315000000000e+02 3.967945383067e-03
4.320000000000e+02 4.325293608514e-03
4.325000000000e+02 4.851744835170e-03
4.330000000000e+02 5.547465243238e-03
4.335000000000e+02 6.403902643888e-03
4.340000000000e+02 7.403918568904e-03
4.345000000000e+02 8.522411598915e-03
4.350000000000e+02 9.727406268600e-03
4.355000000000e+02 1.098155773258e-02
4.360000000000e+02 1.224400054633e-02
4.365000000000e+02 1.347245139543e-02
4.370000000000e+02 1.462546140239e-02
4.375000000000e+02 1.566470446872e-02
4.380000000000e+02 1.655718441645e-02
4.385000000000e+02 1.727724574001e-02
4.390000000000e+02 1.780828050388e-02
4.395000000000e+02 1.814403699626e-02
4.400000000000e+02 1.828945357733e-02
4.405000000000e+02 1.826096292776e-02
4.410000000000e+02 1.808623660532e-02
4.415000000000e+02 1.780336629913e-02
4.420000000000e+02 1.745950513231e-02
4.425000000000e+02 1.710901862985e-02
4.430000000000e+02 1.681121916679e-02
4.435000000000e+02 1.662777880648e-02
4.440000000000e+02 1.661993230170e-02
4.445000000000e+02 1.684559396424e-02
4.450000000000e+02 1.735651839591e-02
4.455000000000e+02 1.819563549274e-02
4.460000000000e+02 1.939468457477e-02
4.465000000000e+02 2.097226113017e-02
4.470000000000e+02 2.293237312524e-02
4.475000000000e+02 2.526358258836e-02
4.480000000000e+02 2.793878347505e-02
4.485000000000e+02 3.091563943186e-02
4.490000000000e+02 3.413767643839e-02
4.495000000000e+02 3.753599661478e-02
4.500000000000e+02 4.103155194113e-02
4.505000000000e+02 4.453789156956e-02
4.510000000000e+02 4.796427487572e-02
4.515000000000e+02 5.121902536318e-02
4.520000000000e+02 5.421298877833e-02
4.525000000000e+02 5.686295283709e-02
4.530000000000e+02 5.909488610979e-02
4.535000000000e+02 6.084685987509e-02
4.540000000000e+02 6.207152889343e-02
4.545000000000e+02 6.273806457925e-02
4.550000000000e+02 6.283345625823e-02
4.555000000000e+02 6.236312208916e-02
4.560000000000e+02 6.135079978697e-02
4.565000000000e+02 5.983771726841e-02
4.570000000000e+02 5.788107345265e-02
4.575000000000e+02 5.555188841236e-02
4.580000000000e+02 5.293230864371e-02
4.585000000000e+02 5.011247623681e-02
4.590000000000e+02 4.718708919109e-02
4.595000000000e+02 4.425179320873e-02
4.600000000000e+02 4.139955243476e-02
4.605000000000e+02 3.871714746335e-02
4.610000000000e+02 3.628194344236e-02
4.615000000000e+02 3.415905950242e-02
4.620000000000e+02 3.239905350177e-02
4.625000000000e+02 3.103621397991e-02
4.630000000000e+02 3.008752516171e-02
4.635000000000e+02 2.955234204642e-02
4.640000000000e+02 2.941278229748e-02
4.645000000000e+02 2.963481112464e-02
4.650000000000e+02 3.016996603861e-02
4.655000000000e+02 3.095764149528e-02
4.660000000000e+02 3.192783022530e-02
4.665000000000e+02 3.300419957035e-02
4.670000000000e+02 3.410736804133e-02
4.675000000000e+02 3.515824040667e-02
4.680000000000e+02 3.608125886784e-02
4.685000000000e+02 3.680743358011e-02
4.690000000000e+02 3.727702741044e-02
4.695000000000e+02 3.744178690005e-02
4.700000000000e+02 3.726663312611e-02
4.705000000000e+02 3.673075143802e-02
4.710000000000e+02 3.582804672524e-02
4.715000000000e+02 3.456695967279e-02
4.720000000000e+02 3.296966803787e-02
4.725000000000e+02 3.107072402897e-02
4.730000000000e+02 2.891520316978e-02
4.735000000000e+02 2.655646049605e-02
4.740000000000e+02 2.405360567930e-02
4.745000000000e+02 2.146881904054e-02
4.750000000000e+02 1.886463497229e-02
4.755000000000e+02 1.630131793458e-02
4.760000000000e+02 1.383444908158e-02
4.765000000000e+02 1.151282906107e-02
4.770000000000e+02 9.376785348975e-03
4.775000000000e+02 7.456951448056e-03
4.780000000000e+02 5.773561451963e-03
4.785000000000e+02 4.336277983140e-03
4.790000000000e+02 3.144545607502e-03
4.795000000000e+02 2.188436694024e-03
4.800000000000e+02 1.449933515687e-03
4.805000000000e+02 9.045702245490e-04
4.810000000000e+02 5.233421139167e-04
4.815000000000e+02 2.747780117416e-04
4.820000000000e+02 1.270652205704e-04
4.825000000000e+02 5.011540569991e-05
4.830000000000e+02 1.746421926090e-05
4.835000000000e+02 7.906986228770e-06
4.840000000000e+02 6.786988676172e-06
4.845000000000e+02 6.871058567218e-06
4.850000000000e+02 8.768451343323e-06
4.855000000000e+02 2.087230162804e-05
4.860000000000e+02 5.882724682635e-05
4.865000000000e+02 1.445508916200e-04
4.870000000000e+02 3.048595343955e-04
4.875000000000e+02 5.697689049002e-04
4.880000000000e+02 9.705576065473e-04
4.885000000000e+02 1.537693695780e-03
4.890000000000e+02 2.298732757727e-03
4.895000000000e+02 3.276298538338e-03
4.900000000000e+02 4.486254512272e-03
4.905000000000e+02 5.936166808482e-03
4.910000000000e+02 7.624145982597e-03
4.915000000000e+02 9.538137807199e-03
4.920000000000e+02 1.165571233308e-02
4.925000000000e+02 1.394437687016e-02
4.930000000000e+02 1.636241334849e-02
4.935000000000e+02 1.886021493617e-02
4.940000000000e+02 2.138207198992e-02
4.945000000000e+02 2.386833454145e-02
4.950000000000e+02 2.625785876543e-02
4.955000000000e+02 2.849062915326e-02
4.960000000000e+02 3.051043718339e-02
4.965000000000e+02 3.226749182389e-02
4.970000000000e+02 3.372083750209e-02
4.975000000000e+02 3.484046127671e-02
4.980000000000e+02 3.560898271243e-02
4.985000000000e+02 3.602283689233e-02
4.990000000000e+02 3.609288239531e-02
4.995000000000e+02 3.584439099007e-02
5.000000000000e+02 3.531640314261e-02
5.005000000000e+02 3.456046196699e-02
5.010000000000e+02 3.363876666658e-02
5.015000000000e+02 3.262181349568e-02
5.020000000000e+02 3.158561657326e-02
5.025000000000e+02 3.060862129832e-02
5.030000000000e+02 2.976843874277e-02
5.035000000000e+02 2.913853944542e-02
5.040000000000e+02 2.878504887944e-02
5.045000000000e+02 2.876378453274e-02
5.050000000000e+02 2.911766573331e-02
5.055000000000e+02 2.987461281506e-02
5.060000000000e+02 3.104603217987e-02
5.065000000000e+02 3.262595950024e-02
5.070000000000e+02 3.459090549887e-02
5.075000000000e+02 3.690041890035e-02
5.080000000000e+02 3.949835040127e-02
5.085000000000e+02 4.231477145872e-02
5.090000000000e+02 4.526847336066e-02
5.095000000000e+02 4.826994703955e-02
5.100000000000e+02 5.122472324960e-02
5.105000000000e+02 5.403693706192e-02
5.110000000000e+02 5.661297086129e-02
5.115000000000e+02 5.886502650827e-02
5.120000000000e+02 6.071448022680e-02
5.125000000000e+02 6.209488294834e-02
5.130000000000e+02 6.295448385971e-02
5.135000000000e+02 6.325817509726e-02
5.140000000000e+02 6.298878001044e-02
5.145000000000e+02 6.214763510824e-02
5.150000000000e+02 6.075444549856e-02
5.155000000000e+02 5.884642402609e-02
5.160000000000e+02 5.647675411835e-02
5.165000000000e+02 5.371244429812e-02
5.170000000000e+02 5.063166719343e-02
5.175000000000e+02 4.732069664884e-02
5.180000000000e+02 4.387057233750e-02
5.185000000000e+02 4.037363145818e-02
5.190000000000e+02 3.692005126178e-02
5.195000000000e+02 3.359454415131e-02
5.200000000000e+02 3.047333905707e-02
5.205000000000e+02 2.762156910987e-02
5.210000000000e+02 2.509116691661e-02
5.215000000000e+02 2.291934585624e-02
5.220000000000e+02 2.112771976835e-02
5.225000000000e+02 1.972208534482e-02
5.230000000000e+02 1.869286270976e-02
5.235000000000e+02 1.801616137320e-02
5.240000000000e+02 1.765541213758e-02
5.245000000000e+02 1.756348189476e-02
5.250000000000e+02 1.768516848274e-02
5.255000000000e+02 1.795995785628e-02
5.260000000000e+02 1.832491624595e-02
5.265000000000e+02 1.871758631699e-02
5.270000000000e+02 1.907875849570e-02
5.275000000000e+02 1.935499669262e-02
5.280000000000e+02 1.950081100931e-02
5.285000000000e+02 1.948038818070e-02
5.290000000000e+02 1.926881247324e-02
5.295000000000e+02 1.885273462238e-02
5.300000000000e+02 1.823047283592e-02
5.305000000000e+02 1.741155680249e-02
5.310000000000e+02 1.641575167391e-02
5.315000000000e+02 1.527162296188e-02
5.320000000000e+02 1.401472407982e-02
5.325000000000e+02 1.268550491748e-02
5.330000000000e+02 1.132705158362e-02
5.335000000000e+02 9.982773776416e-03
5.340000000000e+02 8.694156875072e-03
5.345000000000e+02 7.498690806804e-03
5.350000000000e+02 6.428077280869e-03
5.355000000000e+02 5.506801673681e-03
5.360000000000e+02 4.751136446582e-03
5.365000000000e+02 4.168620425926e-03
5.370000000000e+02 3.758033731764e-03
5.375000000000e+02 3.509862767902e-03
5.380000000000e+02 3.407224742426e-03
5.385000000000e+02 3.427197894930e-03
5.390000000000e+02 3.542483079614e-03
5.395000000000e+02 3.723305602204e-03
5.400000000000e+02 3.939454033294e-03
5.405000000000e+02 4.162345706462e-03
5.410000000000e+02 4.367007098707e-03
5.415000000000e+02 4.533861341180e-03
5.420000000000e+02 4.650224516499e-03
5.425000000000e+02 4.711426732076e-03
5.430000000000e+02 4.721492477848e-03
5.435000000000e+02 4.693336638285e-03
5.440000000000e+02 4.648456634772e-03
5.445000000000e+02 4.616126409184e-03
5.450000000000e+02 4.632123065653e-03
5.455000000000e+02 4.737040814104e-03
5.460000000000e+02 4.974268216106e-03
5.465000000000e+02 5.387722615056e-03
5.470000000000e+02 6.019449196242e-03
5.475000000000e+02 6.907200642994e-03
5.480000000000e+02 8.082116488871e-03
5.485000000000e+02 9.566618742507e-03
5.490000000000e+02 1.137263235717e-02
5.495000000000e+02 1.350022584088e-02
5.500000000000e+02 1.593674949428e-02
5.505000000000e+02 1.865652702510e-02
5.510000000000e+02 2.162113171520e-02
5.515000000000e+02 2.478025195618e-02
5.520000000000e+02 2.807312401039e-02
5.525000000000e+02 3.143048349358e-02
5.530000000000e+02 3.477696254805e-02
5.535000000000e+02 3.803383807260e-02
5.540000000000e+02 4.112201871540e-02
5.545000000000e+02 4.396514546131e-02
5.550000000000e+02 4.649267314429e-02
5.555000000000e+02 4.864279853656e-02
5.560000000000e+02 5.036510491453e-02
5.565000000000e+02 5.162280310986e-02
5.570000000000e+02 5.239446455720e-02
5.575000000000e+02 5.267516220214e-02
5.580000000000e+02 5.247695947990e-02
5.585000000000e+02 5.182871486059e-02
5.590000000000e+02 5.077519852195e-02
5.595000000000e+02 4.937554729304e-02
5.600000000000e+02 4.770111282016e-02
5.605000000000e+02 4.583278464432e-02
5.610000000000e+02 4.385789334718e-02
5.615000000000e+02 4.186681806025e-02
5.620000000000e+02 3.994943653067e-02
5.625000000000e+02 3.819156395706e-02
5.630000000000e+02 3.667152854692e-02
5.635000000000e+02 3.545702704394e-02
5.640000000000e+02 3.460239251011e-02
5.645000000000e+02 3.414638993068e-02
5.650000000000e+02 3.411063326894e-02
5.655000000000e+02 3.449869165684e-02
5.660000000000e+02 3.529592326458e-02
5.665000000000e+02 3.647004467301e-02
5.670000000000e+02 3.797241231827e-02
5.675000000000e+02 3.973996244064e-02
5.680000000000e+02 4.169772805752e-02
5.685000000000e+02 4.376182726326e-02
5.690000000000e+02 4.584279741159e-02
5.695000000000e+02 4.784913568865e-02
5.700000000000e+02 4.969089848954e-02
5.705000000000e+02 5.128321043216e-02
5.710000000000e+02 5.254953875158e-02
5.715000000000e+02 5.342459994261e-02
5.720000000000e+02 5.385678234968e-02
5.725000000000e+02 5.380999015149e-02
5.730000000000e+02 5.326483984973e-02
5.735000000000e+02 5.221916877963e-02
5.740000000000e+02 5.068784502955e-02
5.745000000000e+02 4.870189815238e-02
5.750000000000e+02 4.630701884412e-02
5.755000000000e+02 4.356150209009e-02
5.760000000000e+02 4.053373099931e-02
5.765000000000e+02 3.729931669264e-02
5.770000000000e+02 3.393802246297e-02
5.775000000000e+02 3.053060741870e-02
5.780000000000e+02 2.715572578345e-02
5.785000000000e+02 2.388701295366e-02
5.790000000000e+02 2.079047863845e-02
5.795000000000e+02 1.792231144476e-02
5.800000000000e+02 1.532717895248e-02
5.805000000000e+02 1.303708357615e-02
5.810000000000e+02 1.107080847003e-02
5.815000000000e+02 9.433960572644e-03
5.820000000000e+02 8.119590860989e-03
5.825000000000e+02 7.109346212089e-03
5.830000000000e+02 6.375084075534e-03
5.835000000000e+02 5.880861471240e-03
5.840000000000e+02 5.585194518978e-03
5.845000000000e+02 5.443474376830e-03
5.850000000000e+02 5.410420589745e-03
5.855000000000e+02 5.442453538807e-03
5.860000000000e+02 5.499873892082e-03
5.865000000000e+02 5.548748318650e-03
5.870000000000e+02 5.562416682354e-03
5.875000000000e+02 5.522555704247e-03
5.880000000000e+02 5.419756705870e-03
5.885000000000e+02 5.253599462202e-03
5.890000000000e+02 5.032229234515e-03
5.895000000000e+02 4.771468537544e-03
5.900000000000e+02 4.493517980274e-03
5.905000000000e+02 4.225320517056e-03
5.910000000000e+02 3.996679726536e-03
5.915000000000e+02 3.838234528964e-03
5.920000000000e+02 3.779399493041e-03
5.925000000000e+02 3.846381262019e-03
5.930000000000e+02 4.060377567044e-03
5.935000000000e+02 4.436055983948e-03
5.940000000000e+02 4.980395465874e-03
5.945000000000e+02 5.691955415375e-03
5.950000000000e+02 6.560615506282e-03
5.955000000000e+02 7.567805663895e-03
5.960000000000e+02 8.687220710572e-03
5.965000000000e+02 9.885989341449e-03
5.970000000000e+02 1.112624358997e-02
5.975000000000e+02 1.236701386165e-02
5.980000000000e+02 1.356635701444e-02
5.985000000000e+02 1.468361176779e-02
5.990000000000e+02 1.568166756342e-02
5.995000000000e+02 1.652913033406e-02
6.000000000000e+02 1.720227166283e-02
6.005000000000e+02 1.768665642893e-02
6.010000000000e+02 1.797835788712e-02
6.015000000000e+02 1.808468758894e-02
6.020000000000e+02 1.802438980086e-02
6.025000000000e+02 1.782727508237e-02
6.030000000000e+02 1.753329427907e-02
6.035000000000e+02 1.719108108121e-02
6.040000000000e+02 1.685601731536e-02
6.045000000000e+02 1.658789888092e-02
6.050000000000e+02 1.644830074744e-02
6.055000000000e+02 1.649775551571e-02
6.060000000000e+02 1.679287108470e-02
6.065000000000e+02 1.738351826305e-02
6.070000000000e+02 1.831021849132e-02
6.075000000000e+02 1.960185519790e-02
6.080000000000e+02 2.127381983693e-02
6.085000000000e+02 2.332668608744e-02
6.090000000000e+02 2.574548351552e-02
6.095000000000e+02 2.849961651838e-02
6.100000000000e+02 3.154344637934e-02
6.105000000000e+02 3.481752528946e-02
6.110000000000e+02 3.825044238552e-02
6.115000000000e+02 4.176121450642e-02
6.120000000000e+02 4.526212977700e-02
6.125000000000e+02 4.866193133991e-02
6.130000000000e+02 5.186921252894e-02
6.135000000000e+02 5.479588423572e-02
6.140000000000e+02 5.736057064896e-02
6.145000000000e+02 5.949179117614e-02
6.150000000000e+02 6.113079413405e-02
6.155000000000e+02 6.223392140781e-02
6.160000000000e+02 6.277440217678e-02
6.165000000000e+02 6.274349713608e-02
6.170000000000e+02 6.215094146332e-02
6.175000000000e+02 6.102466394538e-02
6.180000000000e+02 5.940978990284e-02
6.185000000000e+02 5.736696555641e-02
6.190000000000e+02 5.497006998306e-02
6.195000000000e+02 5.230340656762e-02
6.200000000000e+02 4.945848776680e-02
6.205000000000e+02 4.653054410817e-02
6.210000000000e+02 4.361489990491e-02
6.215000000000e+02 4.080336367504e-02
6.220000000000e+02 3.818078045709e-02
6.225000000000e+02 3.582188615944e-02
6.230000000000e+02 3.378859103376e-02
6.235000000000e+02 3.212780093551e-02
6.240000000000e+02 3.086986198793e-02
6.245000000000e+02 3.002768758833e-02
6.250000000000e+02 2.959659763927e-02
6.255000000000e+02 2.955486957936e-02
6.260000000000e+02 2.986497072403e-02
6.265000000000e+02 3.047541273877e-02
6.270000000000e+02 3.132314322825e-02
6.275000000000e+02 3.233636729015e-02
6.280000000000e+02 3.343767475294e-02
6.285000000000e+02 3.454733703151e-02
6.290000000000e+02 3.558663202396e-02
6.295000000000e+02 3.648105599888e-02
6.300000000000e+02 3.716328834684e-02
6.305000000000e+02 3.757578769997e-02
6.310000000000e+02 3.767291585172e-02
6.315000000000e+02 3.742250823285e-02
6.320000000000e+02 3.680683535082e-02
6.325000000000e+02 3.582292741211e-02
6.330000000000e+02 3.448226304927e-02
6.335000000000e+02 3.280985133821e-02
6.340000000000e+02 3.084276283496e-02
6.345000000000e+02 2.862818899808e-02
6.350000000000e+02 2.622112902701e-02
6.355000000000e+02 2.368181801257e-02
6.360000000000e+02 2.107301969022e-02
6.365000000000e+02 1.845731066352e-02
6.370000000000e+02 1.589448064070e-02
6.375000000000e+02 1.343916515185e-02
6.380000000000e+02 1.113881383751e-02
6.385000000000e+02 9.032079431922e-03
6.390000000000e+02 7.147690882268e-03
6.395000000000e+02 5.503849697361e-03
6.400000000000e+02 4.108162808618e-03
6.405000000000e+02 2.958099168693e-03
6.410000000000e+02 2.041932244005e-03
6.415000000000e+02 1.340107647586e-03
6.420000000000e+02 8.269554764003e-04
6.425000000000e+02 4.726513694042e-04
6.430000000000e+02 2.453195769678e-04
6.435000000000e+02 1.131658940780e-04
6.440000000000e+02 4.652839767471e-05
6.445000000000e+02 1.973945588897e-05
6.450000000000e+02 1.270317566711e-05
6.455000000000e+02 1.210775301292e-05
6.460000000000e+02 1.221134342029e-05
6.465000000000e+02 1.516213224665e-05
6.470000000000e+02 3.083719110129e-05
6.475000000000e+02 7.620930297248e-05
6.480000000000e+02 1.742750457526e-04
6.485000000000e+02 3.525998888595e-04
6.490000000000e+02 6.415558037216e-04
6.495000000000e+02 1.072342978700e-03
6.500000000000e+02 1.674898875588e-03
6.505000000000e+02 2.475804527131e-03
6.510000000000e+02 3.496299289800e-03
6.515000000000e+02 4.750511176935e-03
6.520000000000e+02 6.244000563705e-03
6.525000000000e+02 7.972700874874e-03
6.530000000000e+02 9.922321495913e-03
6.535000000000e+02 1.206825643187e-02
6.540000000000e+02 1.437601813890e-02
6.545000000000e+02 1.680219060483e-02
6.550000000000e+02 1.929587035919e-02
6.555000000000e+02 2.180053980173e-02
6.560000000000e+02 2.425629519035e-02
6.565000000000e+02 2.660233296467e-02
6.570000000000e+02 2.877958362202e-02
6.575000000000e+02 3.073337285124e-02
6.580000000000e+02 3.241598563650e-02
6.585000000000e+02 3.378901077382e-02
6.590000000000e+02 3.482535067573e-02
6.595000000000e+02 3.551079427806e-02
6.600000000000e+02 3.584506873804e-02
6.605000000000e+02 3.584230768324e-02
6.610000000000e+02 3.553089907725e-02
6.615000000000e+02 3.495270319095e-02
6.620000000000e+02 3.416165948456e-02
6.625000000000e+02 3.322182912089e-02
6.630000000000e+02 3.220494607336e-02
6.635000000000e+02 3.118757312876e-02
6.640000000000e+02 3.024797839614e-02
6.645000000000e+02 2.946286238783e-02
6.650000000000e+02 2.890407445551e-02
6.655000000000e+02 2.863546007056e-02
6.660000000000e+02 2.870997680103e-02
6.665000000000e+02 2.916720707515e-02
6.670000000000e+02 3.003138019537e-02
6.675000000000e+02 3.130999542477e-02
6.680000000000e+02 3.299311289569e-02
6.685000000000e+02 3.505335111471e-02
6.690000000000e+02 3.744659964549e-02
6.695000000000e+02 4.011342508001e-02
6.700000000000e+02 4.298111846476e-02
6.705000000000e+02 4.596630462202e-02
6.710000000000e+02 4.897800944185e-02
6.715000000000e+02 5.192106119151e-02
6.720000000000e+02 5.469968723253e-02
6.725000000000e+02 5.722115883305e-02
6.730000000000e+02 5.939933439784e-02
6.735000000000e+02 6.115795552362e-02
6.740000000000e+02 6.243356063715e-02
6.745000000000e+02 6.317789711722e-02
6.750000000000e+02 6.335973403044e-02
6.755000000000e+02 6.296600298243e-02
6.760000000000e+02 6.200222298558e-02
6.765000000000e+02 6.049219543152e-02
6.770000000000e+02 5.847698589982e-02
6.775000000000e+02 5.601323930663e-02
6.780000000000e+02 5.317090253948e-02
6.785000000000e+02 5.003045301328e-02
6.790000000000e+02 4.667975150436e-02
6.795000000000e+02 4.321065233171e-02
6.800000000000e+02 3.971551286550e-02
6.805000000000e+02 3.628374709107e-02
6.810000000000e+02 3.299856446821e-02
6.815000000000e+02 2.993402579730e-02
6.820000000000e+02 2.715253270679e-02
6.825000000000e+02 2.470284738374e-02
6.830000000000e+02 2.261871523026e-02
6.835000000000e+02 2.091813628212e-02
6.840000000000e+02 1.960330269513e-02
6.845000000000e+02 1.866119065902e-02
6.850000000000e+02 1.806476701126e-02
6.855000000000e+02 1.777474479724e-02
6.860000000000e+02 1.774179927837e-02
6.865000000000e+02 1.790913726917e-02
6.870000000000e+02 1.821529914839e-02
6.875000000000e+02 1.859706482521e-02
6.880000000000e+02 1.899233279667e-02
6.885000000000e+02 1.934284518181e-02
6.890000000000e+02 1.959664100824e-02
6.895000000000e+02 1.971013469768e-02
6.900000000000e+02 1.964973575379e-02
6.905000000000e+02 1.939294837135e-02
6.910000000000e+02 1.892891484859e-02
6.915000000000e+02 1.825839316931e-02
6.920000000000e+02 1.739318571402e-02
6.925000000000e+02 1.635506147419e-02
6.930000000000e+02 1.517423724854e-02
6.935000000000e+02 1.388750302446e-02
6.940000000000e+02 1.253609219837e-02
6.945000000000e+02 1.116340776369e-02
6.950000000000e+02 9.812720652923e-03
6.955000000000e+02 8.524955849528e-03
6.960000000000e+02 7.336675767105e-03
6.965000000000e+02 6.278359023068e-03
6.970000000000e+02 5.373056724818e-03
6.975000000000e+02 4.635488511382e-03
6.980000000000e+02 4.071617805780e-03
6.985000000000e+02 3.678721189836e-03
6.990000000000e+02 3.445941661715e-03
6.995000000000e+02 3.355291011797e-03
7.000000000000e+02 3.383043850364e-03
7.005000000000e+02 3.501446019853e-03
7.010000000000e+02 3.680644199887e-03
7.015000000000e+02 3.890732228815e-03
7.020000000000e+02 4.103803569625e-03
7.025000000000e+02 4.295898750713e-03
7.030000000000e+02 4.448741535965e-03
7.035000000000e+02 4.551167796388e-03
7.040000000000e+02 4.600166104636e-03
7.045000000000e+02 4.601468187171e-03
7.050000000000e+02 4.569649700222e-03
7.055000000000e+02 4.527726199152e-03
7.060000000000e+02 4.506254549829e-03
7.065000000000e+02 4.541975094532e-03
7.070000000000e+02 4.676053474882e-03
7.075000000000e+02 4.952001968557e-03
7.080000000000e+02 5.413377476522e-03
7.085000000000e+02 6.101366093907e-03
7.090000000000e+02 7.052371836151e-03
7.095000000000e+02 8.295729169381e-03
7.100000000000e+02 9.851655422520e-03
7.105000000000e+02 1.172954997855e-02
7.110000000000e+02 1.392673280621e-02
7.115000000000e+02 1.642769602723e-02
7.120000000000e+02 1.920391958426e-02
7.125000000000e+02 2.221427678722e-02
7.130000000000e+02 2.540602867182e-02
7.135000000000e+02 2.871637891397e-02
7.140000000000e+02 3.207453476485e-02
7.145000000000e+02 3.540419531607e-02
7.150000000000e+02 3.862636747645e-02
7.155000000000e+02 4.166239333611e-02
7.160000000000e+02 4.443706090090e-02
7.165000000000e+02 4.688166405845e-02
7.170000000000e+02 4.893687744495e-02
7.175000000000e+02 5.055531766791e-02
7.180000000000e+02 5.170367394643e-02
7.185000000000e+02 5.236430810673e-02
7.190000000000e+02 5.253624541763e-02
7.195000000000e+02 5.223550302074e-02
7.200000000000e+02 5.149473060745e-02
7.205000000000e+02 5.036216732592e-02
7.210000000000e+02 4.889994837958e-02
7.215000000000e+02 4.718182311627e-02
7.220000000000e+02 4.529037233376e-02
7.225000000000e+02 4.331383488571e-02
7.230000000000e+02 4.134267145239e-02
7.235000000000e+02 3.946600571965e-02
7.240000000000e+02 3.776808960478e-02
7.245000000000e+02 3.632493928578e-02
7.250000000000e+02 3.520128253223e-02
7.255000000000e+02 3.444794547566e-02
7.260000000000e+02 3.409978904763e-02
7.265000000000e+02 3.417428247670e-02
7.270000000000e+02 3.467077466770e-02
7.275000000000e+02 3.557049490348e-02
7.280000000000e+02 3.683728360667e-02
7.285000000000e+02 3.841902307242e-02
7.290000000000e+02 4.024970855569e-02
7.295000000000e+02 4.225207315381e-02
7.300000000000e+02 4.434065676144e-02
7.305000000000e+02 4.642519091089e-02
7.310000000000e+02 4.841415855864e-02
7.315000000000e+02 5.021838111695e-02
7.320000000000e+02 5.175448474455e-02
7.325000000000e+02 5.294810400660e-02
7.330000000000e+02 5.373669319471e-02
7.335000000000e+02 5.407183331109e-02
7.340000000000e+02 5.392094515234e-02
7.345000000000e+02 5.326834506004e-02
7.350000000000e+02 5.211560856275e-02
7.355000000000e+02 5.048123703202e-02
7.360000000000e+02 4.839965228944e-02
7.365000000000e+02 4.591957250992e-02
7.370000000000e+02 4.310184853731e-02
7.375000000000e+02 4.001686172078e-02
7.380000000000e+02 3.674160168726e-02
7.385000000000e+02 3.335655435730e-02
7.390000000000e+02 2.994253648078e-02
7.395000000000e+02 2.657761286781e-02
7.400000000000e+02 2.333422634864e-02
7.405000000000e+02 2.027665867910e-02
7.410000000000e+02 1.745892368507e-02
7.415000000000e+02 1.492317275541e-02
7.420000000000e+02 1.269866833400e-02
7.425000000000e+02 1.080135447804e-02
7.430000000000e+02 9.234026069669e-03
7.435000000000e+02 7.987071135450e-03
7.440000000000e+02 7.039735204588e-03
7.445000000000e+02 6.361833846826e-03
7.450000000000e+02 5.915820475931e-03
7.455000000000e+02 5.659102063665e-03
7.460000000000e+02 5.546486136390e-03
7.465000000000e+02 5.532638747734e-03
7.470000000000e+02 5.574435103694e-03
7.475000000000e+02 5.633092044175e-03
7.480000000000e+02 5.675984221940e-03
7.485000000000e+02 5.678062943530e-03
7.490000000000e+02 5.622817397158e-03
7.495000000000e+02 5.502741371632e-03
7.500000000000e+02 5.319293459353e-03
7.505000000000e+02 5.082363932995e-03
7.510000000000e+02 4.809285797879e-03
7.515000000000e+02 4.523449804819e-03
7.520000000000e+02 4.252602403912e-03
7.525000000000e+02 4.026920834882e-03
7.530000000000e+02 3.876970074745e-03
7.535000000000e+02 3.831651703979e-03
7.540000000000e+02 3.916254675822e-03
7.545000000000e+02 4.150712487361e-03
7.550000000000e+02 4.548160625300e-03
7.555000000000e+02 5.113872906752e-03
7.560000000000e+02 5.844636188135e-03
7.565000000000e+02 6.728600777232e-03
7.570000000000e+02 7.745619831034e-03
7.575000000000e+02 8.868066199666e-03
7.580000000000e+02 1.006209074700e-02
7.585000000000e+02 1.128926339203e-02
7.590000000000e+02 1.250851799227e-02
7.595000000000e+02 1.367830576787e-02
7.600000000000e+02 1.475885005719e-02
7.605000000000e+02 1.571438839345e-02
7.610000000000e+02 1.651528656210e-02
7.615000000000e+02 1.713991357717e-02
7.620000000000e+02 1.757617623115e-02
7.625000000000e+02 1.782262663105e-02
7.630000000000e+02 1.788907526569e-02
7.635000000000e+02 1.779666480106e-02
7.640000000000e+02 1.757738494465e-02
7.645000000000e+02 1.727303519084e-02
7.650000000000e+02 1.693366876957e-02
7.655000000000e+02 1.661557654256e-02
7.660000000000e+02 1.637889255056e-02
7.665000000000e+02 1.628492248847e-02
7.670000000000e+02 1.639331143862e-02
7.675000000000e+02 1.675917715289e-02
7.680000000000e+02 1.743033936054e-02
7.685000000000e+02 1.844477385056e-02
7.690000000000e+02 1.982841242374e-02
7.695000000000e+02 2.159339643551e-02
7.700000000000e+02 2.373687331627e-02
7.705000000000e+02 2.624040265294e-02
7.710000000000e+02 2.907001247932e-02
7.715000000000e+02 3.217691819962e-02
7.720000000000e+02 3.549888749218e-02
7.725000000000e+02 3.896220589470e-02
7.730000000000e+02 4.248417076244e-02
7.735000000000e+02 4.597601721612e-02
7.740000000000e+02 4.934615962999e-02
7.745000000000e+02 5.250361705931e-02
7.750000000000e+02 5.536148149298e-02
7.755000000000e+02 5.784028437251e-02
7.760000000000e+02 5.987111964849e-02
7.765000000000e+02 6.139839065249e-02
7.770000000000e+02 6.238206288157e-02
7.775000000000e+02 6.279932482242e-02
7.780000000000e+02 6.264558327382e-02
7.785000000000e+02 6.193474727183e-02
7.790000000000e+02 6.069878448213e-02
7.795000000000e+02 5.898656447698e-02
7.800000000000e+02 5.686203336033e-02
7.805000000000e+02 5.440179243442e-02
7.810000000000e+02 5.169217877629e-02
7.815000000000e+02 4.882596662706e-02
7.820000000000e+02 4.589882446250e-02
7.825000000000e+02 4.300567281693e-02
7.830000000000e+02 4.023709193104e-02
7.835000000000e+02 3.767592590484e-02
7.840000000000e+02 3.539422138717e-02
7.845000000000e+02 3.345062426703e-02
7.850000000000e+02 3.188833804129e-02
7.855000000000e+02 3.073372336118e-02
7.860000000000e+02 2.999559073549e-02
7.865000000000e+02 2.966520881818e-02
7.870000000000e+02 2.971702025958e-02
7.875000000000e+02 3.011002728567e-02
7.880000000000e+02 3.078978107592e-02
7.885000000000e+02 3.169088411942e-02
7.890000000000e+02 3.273989379390e-02
7.895000000000e+02 3.385849972696e-02
7.900000000000e+02 3.496683726037e-02
7.905000000000e+02 3.598679545757e-02
7.910000000000e+02 3.684518019835e-02
7.915000000000e+02 3.747660128313e-02
7.920000000000e+02 3.782596640318e-02
7.925000000000e+02 3.785048376635e-02
7.930000000000e+02 3.752109823312e-02
7.935000000000e+02 3.682331187981e-02
7.940000000000e+02 3.575736780239e-02
7.945000000000e+02 3.433780442557e-02
7.950000000000e+02 3.259241531153e-02
7.955000000000e+02 3.056067521781e-02
7.960000000000e+02 2.829171579236e-02
7.965000000000e+02 2.584195282444e-02
7.970000000000e+02 2.327248060923e-02
7.975000000000e+02 2.064635715380e-02
7.980000000000e+02 1.802590632748e-02
7.985000000000e+02 1.547015963043e-02
7.990000000000e+02 1.303255122459e-02
7.995000000000e+02 1.075896569105e-02
8.000000000000e+02 8.686219415676e-03
8.005000000000e+02 6.841034424930e-03
8.010000000000e+02 5.239538966474e-03
8.015000000000e+02 3.887303330256e-03
8.020000000000e+02 2.779893561957e-03
8.025000000000e+02 1.903901031336e-03
8.030000000000e+02 1.238383443807e-03
8.035000000000e+02 7.566338591416e-04
8.040000000000e+02 4.281794959537e-04
8.045000000000e+02 2.209022090339e-04
8.050000000000e+02 1.031679685353e-04
8.055000000000e+02 4.585365565235e-05
8.060000000000e+02 2.416590185345e-05
8.065000000000e+02 1.915824203247e-05
8.070000000000e+02 1.886892161639e-05
8.075000000000e+02 1.902152198603e-05
8.080000000000e+02 2.325317089919e-05
8.085000000000e+02 4.285939280844e-05
8.090000000000e+02 9.606945081033e-05
8.095000000000e+02 2.068901380766e-04
8.100000000000e+02 4.035782281768e-04
8.105000000000e+02 7.168211095373e-04
8.110000000000e+02 1.177720580022e-03
8.115000000000e+02 1.815685591715e-03
8.120000000000e+02 2.656345403781e-03
8.125000000000e+02 3.719594800615e-03
8.130000000000e+02 5.017877749355e-03
8.135000000000e+02 6.554805336283e-03
8.140000000000e+02 8.324188485220e-03
8.145000000000e+02 1.030954654644e-02
8.150000000000e+02 1.248413025468e-02
8.155000000000e+02 1.481147282883e-02
8.160000000000e+02 1.724645727585e-02
8.165000000000e+02 1.973686249102e-02
8.170000000000e+02 2.222532675264e-02
8.175000000000e+02 2.465164574827e-02
8.180000000000e+02 2.695530446143e-02
8.185000000000e+02 2.907812897262e-02
8.190000000000e+02 3.096693605299e-02
8.195000000000e+02 3.257605589856e-02
8.200000000000e+02 3.386960662857e-02
8.205000000000e+02 3.482340811082e-02
8.210000000000e+02 3.542643698475e-02
8.215000000000e+02 3.568174382835e-02
8.220000000000e+02 3.560677641528e-02
8.225000000000e+02 3.523307893666e-02
8.230000000000e+02 3.460536475549e-02
8.235000000000e+02 3.377998848376e-02
8.240000000000e+02 3.282287063894e-02
8.245000000000e+02 3.180695359801e-02
8.250000000000e+02 3.080928983507e-02
8.255000000000e+02 2.990788143501e-02
8.260000000000e+02 2.917840287855e-02
8.265000000000e+02 2.869094626014e-02
8.270000000000e+02 2.850692928361e-02
8.275000000000e+02 2.867630125095e-02
8.280000000000e+02 2.923517121581e-02
8.285000000000e+02 3.020396569848e-02
8.290000000000e+02 3.158620190182e-02
8.295000000000e+02 3.336793669714e-02
8.300000000000e+02 3.551792343760e-02
8.305000000000e+02 3.798847848745e-02
8.310000000000e+02 4.071702923482e-02
8.315000000000e+02 4.362828599655e-02
8.320000000000e+02 4.663695333123e-02
8.325000000000e+02 4.965087290493e-02
8.330000000000e+02 5.257447117310e-02
8.335000000000e+02 5.531237169169e-02
8.340000000000e+02 5.777302441169e-02
8.345000000000e+02 5.987220316719e-02
8.350000000000e+02 6.153622780774e-02
8.355000000000e+02 6.270477882325e-02
8.360000000000e+02 6.333318937347e-02
8.365000000000e+02 6.339412161034e-02
8.370000000000e+02 6.287856012099e-02
8.375000000000e+02 6.179608408903e-02
8.380000000000e+02 6.017441012131e-02
8.385000000000e+02 5.805822829203e-02
8.390000000000e+02 5.550738348545e-02
8.395000000000e+02 5.259448129025e-02
8.400000000000e+02 4.940202137130e-02
8.405000000000e+02 4.601918035163e-02
8.410000000000e+02 4.253838000438e-02
8.415000000000e+02 3.905178438538e-02
8.420000000000e+02 3.564787113516e-02
8.425000000000e+02 3.240821749505e-02
8.430000000000e+02 2.940463085337e-02
8.435000000000e+02 2.669673738769e-02
8.440000000000e+02 2.433012132784e-02
8.445000000000e+02 2.233508251121e-02
8.450000000000e+02 2.072605235059e-02
8.455000000000e+02 1.950167931640e-02
8.460000000000e+02 1.864556587531e-02
8.465000000000e+02 1.812761081567e-02
8.470000000000e+02 1.790588522945e-02
8.475000000000e+02 1.792894833287e-02
8.480000000000e+02 1.813849161477e-02
8.485000000000e+02 1.847218741229e-02
8.490000000000e+02 1.886661129171e-02
8.495000000000e+02 1.926010689841e-02
8.500000000000e+02 1.959546718968e-02
8.505000000000e+02 1.982231679200e-02
8.510000000000e+02 1.989909623746e-02
8.515000000000e+02 1.979456903496e-02
8.520000000000e+02 1.948879613988e-02
8.525000000000e+02 1.897354814046e-02
8.530000000000e+02 1.825215221190e-02
8.535000000000e+02 1.733879737642e-02
8.540000000000e+02 1.625734656772e-02
8.545000000000e+02 1.503972632565e-02
8.550000000000e+02 1.372398360821e-02
8.555000000000e+02 1.235211338101e-02
8.560000000000e+02 1.096776969870e-02
8.565000000000e+02 9.613976556558e-03
8.570000000000e+02 8.330952754968e-03
8.575000000000e+02 7.154157529794e-03
8.580000000000e+02 6.112651149032e-03
8.585000000000e+02 5.227847703701e-03
8.590000000000e+02 4.512716785463e-03
8.595000000000e+02 3.971467607511e-03
8.600000000000e+02 3.599724545537e-03
8.605000000000e+02 3.385178223451e-03
8.610000000000e+02 3.308672318881e-03
8.615000000000e+02 3.345664389105e-03
8.620000000000e+02 3.467980241286e-03
8.625000000000e+02 3.645766598002e-03
8.630000000000e+02 3.849536747765e-03
8.635000000000e+02 4.052198996048e-03
8.640000000000e+02 4.230958291497e-03
8.645000000000e+02 4.368987378108e-03
8.650000000000e+02 4.456774921789e-03
8.655000000000e+02 4.493073797481e-03
8.660000000000e+02 4.485392317776e-03
8.665000000000e+02 4.449993752765e-03
8.670000000000e+02 4.411393926110e-03
8.675000000000e+02 4.401371852770e-03
8.680000000000e+02 4.457533062812e-03
8.685000000000e+02 4.621488287063e-03
8.690000000000e+02 4.936730431947e-03
8.695000000000e+02 5.446309240779e-03
8.700000000000e+02 6.190414946400e-03
8.705000000000e+02 7.203988919022e-03
8.710000000000e+02 8.514480450618e-03
8.715000000000e+02 1.013986430073e-02
8.720000000000e+02 1.208702358270e-02
8.725000000000e+02 1.435058740623e-02
8.730000000000e+02 1.691229313264e-02
8.735000000000e+02 1.974091989168e-02
8.740000000000e+02 2.279281429713e-02
8.745000000000e+02 2.601300219815e-02
8.750000000000e+02 2.933685306920e-02
8.755000000000e+02 3.269223750071e-02
8.760000000000e+02 3.600209445907e-02
8.765000000000e+02 3.918730462656e-02
8.770000000000e+02 4.216975018885e-02
8.775000000000e+02 4.487543069871e-02
8.780000000000e+02 4.723749962793e-02
8.785000000000e+02 4.919908722875e-02
8.790000000000e+02 5.071578238532e-02
8.795000000000e+02 5.175765901600e-02
8.800000000000e+02 5.231075069829e-02
8.805000000000e+02 5.237789982217e-02
8.810000000000e+02 5.197893377520e-02
8.815000000000e+02 5.115014924727e-02
8.820000000000e+02 4.994311547728e-02
8.825000000000e+02 4.842283683750e-02
8.830000000000e+02 4.666534323779e-02
8.835000000000e+02 4.475480218109e-02
8.840000000000e+02 4.278026776408e-02
8.845000000000e+02 4.083219851899e-02
8.850000000000e+02 3.899888697297e-02
8.855000000000e+02 3.736294862846e-02
8.860000000000e+02 3.599801652404e-02
8.865000000000e+02 3.496577966432e-02
8.870000000000e+02 3.431348965765e-02
8.875000000000e+02 3.407204062776e-02
8.880000000000e+02 3.425470347871e-02
8.885000000000e+02 3.485656820519e-02
8.890000000000e+02 3.585471804918e-02
8.895000000000e+02 3.720912854546e-02
8.900000000000e+02 3.886425387539e-02
8.905000000000e+02 4.075123414942e-02
8.910000000000e+02 4.279063116220e-02
8.915000000000e+02 4.489557832422e-02
8.920000000000e+02 4.697521340318e-02
8.925000000000e+02 4.893825151634e-02
8.930000000000e+02 5.069655070658e-02
8.935000000000e+02 5.216852368665e-02
8.940000000000e+02 5.328225690122e-02
8.945000000000e+02 5.397821150960e-02
8.950000000000e+02 5.421139963613e-02
8.955000000000e+02 5.395295241688e-02
8.960000000000e+02 5.319102294886e-02
8.965000000000e+02 5.193099603319e-02
8.970000000000e+02 5.019500633136e-02
8.975000000000e+02 4.802079590983e-02
8.980000000000e+02 4.545996986336e-02
8.985000000000e+02 4.257573357162e-02
8.990000000000e+02 3.944021609576e-02
8.995000000000e+02 3.613150037376e-02
9.000000000000e+02 3.273049158835e-02
9.005000000000e+02 2.931775987148e-02
9.010000000000e+02 2.597049229090e-02
9.015000000000e+02 2.275968189631e-02
9.020000000000e+02 1.974766888915e-02
9.025000000000e+02 1.698613132587e-02
9.030000000000e+02 1.451460100103e-02
9.035000000000e+02 1.235955532194e-02
9.040000000000e+02 1.053410919983e-02
9.045000000000e+02 9.038303500915e-03
9.050000000000e+02 7.859959648803e-03
9.055000000000e+02 6.976044788023e-03
9.060000000000e+02 6.354469654064e-03
9.065000000000e+02 5.956222903184e-03
9.070000000000e+02 5.737731996484e-03
9.075000000000e+02 5.653332363948e-03
9.080000000000e+02 5.657723852857e-03
9.085000000000e+02 5.708296465874e-03
9.090000000000e+02 5.767215933151e-03
9.095000000000e+02 5.803173281200e-03
9.100000000000e+02 5.792720595670e-03
9.105000000000e+02 5.721136717442e-03
9.110000000000e+02 5.582790622820e-03
9.115000000000e+02 5.380995560606e-03
9.120000000000e+02 5.127372416613e-03
9.125000000000e+02 4.840765051503e-03
9.130000000000e+02 4.545772330946e-03
9.135000000000e+02 4.270980210197e-03
9.140000000000e+02 4.046991646430e-03
9.145000000000e+02 3.904361629117e-03
9.150000000000e+02 3.871548789487e-03
9.155000000000e+02 3.972993688960e-03
9.160000000000e+02 4.227427080666e-03
9.165000000000e+02 4.646499519664e-03
9.170000000000e+02 5.233807254218e-03
9.175000000000e+02 5.984369168776e-03
9.180000000000e+02 6.884586630896e-03
9.185000000000e+02 7.912693544609e-03
9.190000000000e+02 9.039678922810e-03
9.195000000000e+02 1.023064002696e-02
9.200000000000e+02 1.144650183216e-02
9.205000000000e+02 1.264601927720e-02
9.210000000000e+02 1.378796341768e-02
9.215000000000e+02 1.483338198668e-02
9.220000000000e+02 1.574781950895e-02
9.225000000000e+02 1.650338228085e-02
9.230000000000e+02 1.708053927573e-02
9.235000000000e+02 1.746956111416e-02
9.240000000000e+02 1.767151517026e-02
9.245000000000e+02 1.769875495263e-02
9.250000000000e+02 1.757486517216e-02
9.255000000000e+02 1.733404934247e-02
9.260000000000e+02 1.701997319110e-02
9.265000000000e+02 1.668410327819e-02
9.270000000000e+02 1.638360493977e-02
9.275000000000e+02 1.617888567995e-02
9.280000000000e+02 1.613088852330e-02
9.285000000000e+02 1.629825357827e-02
9.290000000000e+02 1.673447463460e-02
9.295000000000e+02 1.748518039461e-02
9.300000000000e+02 1.858566690769e-02
9.305000000000e+02 2.005879889973e-02
9.310000000000e+02 2.191338332937e-02
9.315000000000e+02 2.414309934520e-02
9.320000000000e+02 2.672604551635e-02
9.325000000000e+02 2.962493892970e-02
9.330000000000e+02 3.278797257884e-02
9.335000000000e+02 3.615030858512e-02
9.340000000000e+02 3.963615661070e-02
9.345000000000e+02 4.316136051626e-02
9.350000000000e+02 4.663639306274e-02
9.355000000000e+02 4.996963936288e-02
9.360000000000e+02 5.307083570275e-02
9.365000000000e+02 5.585452194325e-02
9.370000000000e+02 5.824336340720e-02
9.375000000000e+02 6.017120207607e-02
9.380000000000e+02 6.158570696364e-02
9.385000000000e+02 6.245050929875e-02
9.390000000000e+02 6.274672899372e-02
9.395000000000e+02 6.247382389675e-02
9.400000000000e+02 6.164972145616e-02
9.405000000000e+02 6.031022249307e-02
9.410000000000e+02 5.850769743763e-02
9.415000000000e+02 5.630912531236e-02
9.420000000000e+02 5.379355363211e-02
9.425000000000e+02 5.104908201344e-02
9.430000000000e+02 4.816949254783e-02
9.435000000000e+02 4.525066500656e-02
9.440000000000e+02 4.238692403207e-02
9.445000000000e+02 3.966746822983e-02
9.450000000000e+02 3.717302737442e-02
9.455000000000e+02 3.497288394948e-02
9.460000000000e+02 3.312237938123e-02
9.465000000000e+02 3.166100431647e-02
9.470000000000e+02 3.061114708633e-02
9.475000000000e+02 2.997754612561e-02
9.480000000000e+02 2.974746199805e-02
9.485000000000e+02 2.989155395010e-02
9.490000000000e+02 3.036541615619e-02
9.495000000000e+02 3.111170109906e-02
9.500000000000e+02 3.206273335524e-02
9.505000000000e+02 3.314349711154e-02
9.510000000000e+02 3.427486632354e-02
9.515000000000e+02 3.537693762525e-02
9.520000000000e+02 3.637232379622e-02
9.525000000000e+02 3.718926931638e-02
9.530000000000e+02 3.776445946344e-02
9.535000000000e+02 3.804540981246e-02
9.540000000000e+02 3.799234315605e-02
9.545000000000e+02 3.757948489710e-02
9.550000000000e+02 3.679573468272e-02
9.555000000000e+02 3.564470023642e-02
9.560000000000e+02 3.414410772769e-02
9.565000000000e+02 3.232463030503e-02
9.570000000000e+02 3.022820141110e-02
9.575000000000e+02 2.790590108733e-02
9.580000000000e+02 2.541552073181e-02
9.585000000000e+02 2.281892397531e-02
9.590000000000e+02 2.017932802814e-02
9.595000000000e+02 1.755863073581e-02
9.600000000000e+02 1.501490375532e-02
9.605000000000e+02 1.260016200488e-02
9.610000000000e+02 1.035850435531e-02
9.615000000000e+02 8.324701212970e-03
9.620000000000e+02 6.523282116047e-03
9.625000000000e+02 4.968151796248e-03
9.630000000000e+02 3.662737498440e-03
9.635000000000e+02 2.600644934267e-03
9.640000000000e+02 1.766776215363e-03
9.645000000000e+02 1.138841595035e-03
9.650000000000e+02 6.891788129774e-04
9.655000000000e+02 3.867801327638e-04
9.660000000000e+02 1.994183768102e-04
9.665000000000e+02 9.575978714168e-05
9.670000000000e+02 4.735353661756e-05
9.675000000000e+02 3.039502715552e-05
9.680000000000e+02 2.717241125245e-05
9.685000000000e+02 2.712243440648e-05
9.690000000000e+02 2.744193246529e-05
9.695000000000e+02 3.322414769635e-05
9.700000000000e+02 5.711335817104e-05
9.705000000000e+02 1.184959769477e-04
9.710000000000e+02 2.422700819036e-04
9.715000000000e+02 4.572571349857e-04
9.720000000000e+02 7.943383772868e-04
9.725000000000e+02 1.284413135378e-03
9.730000000000e+02 1.956286293896e-03
9.735000000000e+02 2.834596996053e-03
9.740000000000e+02 3.937899933411e-03
9.745000000000e+02 5.277004388928e-03
9.750000000000e+02 6.853664773967e-03
9.755000000000e+02 8.659700229491e-03
9.760000000000e+02 1.067660070581e-02
9.765000000000e+02 1.287565371865e-02
9.770000000000e+02 1.521860080708e-02
9.775000000000e+02 1.765880674089e-02
9.780000000000e+02 2.014289900269e-02
9.785000000000e+02 2.261281124591e-02
9.790000000000e+02 2.500814342487e-02
9.795000000000e+02 2.726873411975e-02
9.800000000000e+02 2.933732816723e-02
9.805000000000e+02 3.116221564692e-02
9.810000000000e+02 3.269971691704e-02
9.815000000000e+02 3.391639296870e-02
9.820000000000e+02 3.479087066640e-02
9.825000000000e+02 3.531518802118e-02
9.830000000000e+02 3.549558489695e-02
9.835000000000e+02 3.535268855202e-02
9.840000000000e+02 3.492107009963e-02
9.845000000000e+02 3.424817613363e-02
9.850000000000e+02 3.339266811626e-02
9.855000000000e+02 3.242222938096e-02
9.860000000000e+02 3.141092450550e-02
9.865000000000e+02 3.043621719953e-02
9.870000000000e+02 2.957576968037e-02
9.875000000000e+02 2.890415812170e-02
9.880000000000e+02 2.848964436485e-02
9.885000000000e+02 2.839114364674e-02
9.890000000000e+02 2.865552133161e-02
9.895000000000e+02 2.931533909026e-02
9.900000000000e+02 3.038715283076e-02
9.905000000000e+02 3.187044214959e-02
9.910000000000e+02 3.374722460951e-02
9.915000000000e+02 3.598237949672e-02
9.920000000000e+02 3.852467547194e-02
9.925000000000e+02 4.130846670022e-02
9.930000000000e+02 4.425599331912e-02
9.935000000000e+02 4.728019616493e-02
9.940000000000e+02 5.028793349159e-02
9.945000000000e+02 5.318346993100e-02
9.950000000000e+02 5.587209598556e-02
9.955000000000e+02 5.826373042127e-02
9.960000000000e+02 6.027635828397e-02
9.965000000000e+02 6.183916389095e-02
9.970000000000e+02 6.289523076889e-02
9.975000000000e+02 6.340369857227e-02
9.980000000000e+02 6.334128974557e-02
9.985000000000e+02 6.270314509907e-02
9.990000000000e+02 6.150293642554e-02
9.995000000000e+02 5.977225454130e-02
1.000000000000e+03 5.755930138711e-02
