# time(fs)  P_B1_plus_P_C1  N=1e7  Delta=50.0meV  nu=0.2eV
0.000000000000e+00 1.340814410398e-32
5.000000000000e-01 3.322997416374e-07
1.000000000000e+00 5.284306735651e-06
1.500000000000e+00 2.647968514051e-05
2.000000000000e+00 8.249807318386e-05
2.500000000000e+00 1.977281644519e-04
3.000000000000e+00 4.008454635543e-04
3.500000000000e+00 7.229932972465e-04
4.000000000000e+00 1.195761426909e-03
4.500000000000e+00 1.849067794801e-03
5.000000000000e+00 2.709054987587e-03
5.500000000000e+00 3.796113601190e-03
6.000000000000e+00 5.123139783727e-03
6.500000000000e+00 6.694124021251e-03
7.000000000000e+00 8.503153169901e-03
7.500000000000e+00 1.053388851465e-02
8.000000000000e+00 1.275956013628e-02
8.500000000000e+00 1.514349314107e-02
9.000000000000e+00 1.764015550976e-02
9.500000000000e+00 2.019669166849e-02
1.000000000000e+01 2.275488159232e-02
1.050000000000e+01 2.525344348063e-02
1.100000000000e+01 2.763057984711e-02
1.150000000000e+01 2.982665313485e-02
1.200000000000e+01 3.178686839182e-02
1.250000000000e+01 3.346383757968e-02
1.300000000000e+01 3.481990293802e-02
1.350000000000e+01 3.582910542049e-02
1.400000000000e+01 3.647869822314e-02
1.450000000000e+01 3.677012425367e-02
1.500000000000e+01 3.671939923027e-02
1.550000000000e+01 3.635686794637e-02
1.600000000000e+01 3.572632894511e-02
1.650000000000e+01 3.488355116962e-02
1.700000000000e+01 3.389423381316e-02
1.750000000000e+01 3.283148632468e-02
1.800000000000e+01 3.177292814860e-02
1.850000000000e+01 3.079752624129e-02
1.900000000000e+01 2.998230184146e-02
1.950000000000e+01 2.939904572715e-02
2.000000000000e+01 2.911118287190e-02
2.050000000000e+01 2.917092288814e-02
2.100000000000e+01 2.961682206888e-02
2.150000000000e+01 3.047186663102e-02
2.200000000000e+01 3.174216560284e-02
2.250000000000e+01 3.341631658543e-02
2.300000000000e+01 3.546547944158e-02
2.350000000000e+01 3.784416304871e-02
2.400000000000e+01 4.049169990399e-02
2.450000000000e+01 4.333435391941e-02
2.500000000000e+01 4.628797949108e-02
2.550000000000e+01 4.926112607291e-02
2.600000000000e+01 5.215846308685e-02
2.650000000000e+01 5.488438592283e-02
2.700000000000e+01 5.734665565003e-02
2.750000000000e+01 5.945992324400e-02
2.800000000000e+01 6.114899372106e-02
2.850000000000e+01 6.235169636800e-02
2.900000000000e+01 6.302124379430e-02
2.950000000000e+01 6.312798409395e-02
3.000000000000e+01 6.266047604333e-02
3.050000000000e+01 6.162584585787e-02
3.100000000000e+01 6.004941433340e-02
3.150000000000e+01 5.797361388400e-02
3.200000000000e+01 5.545624471810e-02
3.250000000000e+01 5.256814687549e-02
3.300000000000e+01 4.939038888950e-02
3.350000000000e+01 4.601109340535e-02
3.400000000000e+01 4.252203434510e-02
3.450000000000e+01 3.901514856420e-02
3.500000000000e+01 3.557910706467e-02
3.550000000000e+01 3.229608665924e-02
3.600000000000e+01 2.923887274555e-02
3.650000000000e+01 2.646840804247e-02
3.700000000000e+01 2.403188149960e-02
3.750000000000e+01 2.196142706549e-02
3.800000000000e+01 2.027347470531e-02
3.850000000000e+01 1.896876722855e-02
3.900000000000e+01 1.803302741380e-02
3.950000000000e+01 1.743823189715e-02
4.000000000000e+01 1.714442256091e-02
4.050000000000e+01 1.710196384837e-02
4.100000000000e+01 1.725413650182e-02
4.150000000000e+01 1.753994543535e-02
4.200000000000e+01 1.789701233231e-02
4.250000000000e+01 1.826442236045e-02
4.300000000000e+01 1.858539911597e-02
4.350000000000e+01 1.880969226196e-02
4.400000000000e+01 1.889557778277e-02
4.450000000000e+01 1.881139057312e-02
4.500000000000e+01 1.853653226191e-02
4.550000000000e+01 1.806192263569e-02
4.600000000000e+01 1.738988957396e-02
4.650000000000e+01 1.653351880073e-02
4.700000000000e+01 1.551550976870e-02
4.750000000000e+01 1.436660647583e-02
4.800000000000e+01 1.312369094215e-02
4.850000000000e+01 1.182764159768e-02
4.900000000000e+01 1.052106830610e-02
4.950000000000e+01 9.246039774572e-03
5.000000000000e+01 8.041917531045e-03
5.050000000000e+01 6.943403607230e-03
5.100000000000e+01 5.978896921759e-03
5.150000000000e+01 5.169236727761e-03
5.200000000000e+01 4.526891193304e-03
5.250000000000e+01 4.055626213211e-03
5.300000000000e+01 3.750665020208e-03
5.350000000000e+01 3.599324256497e-03
5.400000000000e+01 3.582088082108e-03
5.450000000000e+01 3.674059791005e-03
5.500000000000e+01 3.846711341151e-03
5.550000000000e+01 4.069836096151e-03
5.600000000000e+01 4.313599651148e-03
5.650000000000e+01 4.550578378745e-03
5.700000000000e+01 4.757675540440e-03
5.750000000000e+01 4.917810464921e-03
5.800000000000e+01 5.021287137643e-03
5.850000000000e+01 5.066764070250e-03
5.900000000000e+01 5.061766794129e-03
5.950000000000e+01 5.022706830098e-03
6.000000000000e+01 4.974395459734e-03
6.050000000000e+01 4.949065899006e-03
6.100000000000e+01 4.984942344945e-03
6.150000000000e+01 5.124417637071e-03
6.200000000000e+01 5.411921822776e-03
6.250000000000e+01 5.891580737200e-03
6.300000000000e+01 6.604775970192e-03
6.350000000000e+01 7.587724671528e-03
6.400000000000e+01 8.869199155507e-03
6.450000000000e+01 1.046850208041e-02
6.500000000000e+01 1.239380323551e-02
6.550000000000e+01 1.464092906668e-02
6.600000000000e+01 1.719267665383e-02
6.650000000000e+01 2.001870077480e-02
6.700000000000e+01 2.307599698574e-02
6.750000000000e+01 2.630997647873e-02
6.800000000000e+01 2.965610108430e-02
6.850000000000e+01 3.304202042937e-02
6.900000000000e+01 3.639012916233e-02
6.950000000000e+01 3.962044144594e-02
7.000000000000e+01 4.265366357757e-02
7.050000000000e+01 4.541433441716e-02
7.100000000000e+01 4.783389784698e-02
7.150000000000e+01 4.985357206101e-02
7.200000000000e+01 5.142688711975e-02
7.250000000000e+01 5.252177466937e-02
7.300000000000e+01 5.312211150768e-02
7.350000000000e+01 5.322864103560e-02
7.400000000000e+01 5.285922260259e-02
7.450000000000e+01 5.204838721117e-02
7.500000000000e+01 5.084620774199e-02
7.550000000000e+01 4.931652148958e-02
7.600000000000e+01 4.753457104568e-02
7.650000000000e+01 4.558415517392e-02
7.700000000000e+01 4.355440313970e-02
7.750000000000e+01 4.153630300871e-02
7.800000000000e+01 3.961912593057e-02
7.850000000000e+01 3.788689384837e-02
7.900000000000e+01 3.641503715560e-02
7.950000000000e+01 3.526738157421e-02
8.000000000000e+01 3.449359024788e-02
8.050000000000e+01 3.412716829494e-02
8.100000000000e+01 3.418411365345e-02
8.150000000000e+01 3.466227098869e-02
8.200000000000e+01 3.554141589765e-02
8.250000000000e+01 3.678406592084e-02
8.300000000000e+01 3.833698429877e-02
8.350000000000e+01 4.013331331977e-02
8.400000000000e+01 4.209524776461e-02
8.450000000000e+01 4.413713650426e-02
8.500000000000e+01 4.616888272258e-02
8.550000000000e+01 4.809950126868e-02
8.600000000000e+01 4.984068580064e-02
8.650000000000e+01 5.131023889670e-02
8.700000000000e+01 5.243522513427e-02
8.750000000000e+01 5.315471994519e-02
8.800000000000e+01 5.342204525848e-02
8.850000000000e+01 5.320640571268e-02
8.900000000000e+01 5.249386553539e-02
8.950000000000e+01 5.128763487051e-02
9.000000000000e+01 4.960766410719e-02
9.050000000000e+01 4.748957431292e-02
9.100000000000e+01 4.498297989377e-02
9.150000000000e+01 4.214928487514e-02
9.200000000000e+01 3.905905562082e-02
9.250000000000e+01 3.578908947160e-02
9.300000000000e+01 3.241930999051e-02
9.350000000000e+01 2.902962480308e-02
9.400000000000e+01 2.569688123817e-02
9.450000000000e+01 2.249204820483e-02
9.500000000000e+01 1.947774034686e-02
9.550000000000e+01 1.670618311617e-02
9.600000000000e+01 1.421769583570e-02
9.650000000000e+01 1.203974510236e-02
9.700000000000e+01 1.018659416517e-02
9.750000000000e+01 8.659546439832e-03
9.800000000000e+01 7.447754349534e-03
9.850000000000e+01 6.529539440934e-03
9.900000000000e+01 5.874147352781e-03
9.950000000000e+01 5.443842711393e-03
1.000000000000e+02 5.196235204143e-03
1.005000000000e+02 5.086719530167e-03
1.010000000000e+02 5.070908988838e-03
1.015000000000e+02 5.106945221209e-03
1.020000000000e+02 5.157574882421e-03
1.025000000000e+02 5.191897354293e-03
1.030000000000e+02 5.186705333231e-03
1.035000000000e+02 5.127361375204e-03
1.040000000000e+02 5.008177212385e-03
1.045000000000e+02 4.832287730766e-03
1.050000000000e+02 4.611036712518e-03
1.055000000000e+02 4.362915598554e-03
1.060000000000e+02 4.112118468540e-03
1.065000000000e+02 3.886795128854e-03
1.070000000000e+02 3.717098762821e-03
1.075000000000e+02 3.633134348421e-03
1.080000000000e+02 3.662918533358e-03
1.085000000000e+02 3.830460672907e-03
1.090000000000e+02 4.154068339240e-03
1.095000000000e+02 4.644969115898e-03
1.100000000000e+02 5.306324453583e-03
1.105000000000e+02 6.132691555424e-03
1.110000000000e+02 7.109966632752e-03
1.115000000000e+02 8.215818512993e-03
1.120000000000e+02 9.420596660331e-03
1.125000000000e+02 1.068867338748e-02
1.130000000000e+02 1.198015756638e-02
1.135000000000e+02 1.325289757780e-02
1.140000000000e+02 1.446467553226e-02
1.145000000000e+02 1.557548372584e-02
1.150000000000e+02 1.654976842703e-02
1.155000000000e+02 1.735852574468e-02
1.160000000000e+02 1.798113956319e-02
1.165000000000e+02 1.840686214770e-02
1.170000000000e+02 1.863585356266e-02
1.175000000000e+02 1.867971582190e-02
1.180000000000e+02 1.856148080353e-02
1.185000000000e+02 1.831503636163e-02
1.190000000000e+02 1.798400157966e-02
1.195000000000e+02 1.762008850504e-02
1.200000000000e+02 1.728101274666e-02
1.205000000000e+02 1.702803782410e-02
1.210000000000e+02 1.692325705603e-02
1.215000000000e+02 1.702673115010e-02
1.220000000000e+02 1.739360879245e-02
1.225000000000e+02 1.807136095459e-02
1.230000000000e+02 1.909725711706e-02
1.235000000000e+02 2.049620320432e-02
1.240000000000e+02 2.227904705344e-02
1.245000000000e+02 2.444143827587e-02
1.250000000000e+02 2.696330622642e-02
1.255000000000e+02 2.980899346949e-02
1.260000000000e+02 3.292805378628e-02
1.265000000000e+02 3.625669465396e-02
1.270000000000e+02 3.971981554755e-02
1.275000000000e+02 4.323356665229e-02
1.280000000000e+02 4.670832883984e-02
1.285000000000e+02 5.005199613749e-02
1.290000000000e+02 5.317342731208e-02
1.295000000000e+02 5.598592428462e-02
1.300000000000e+02 5.841059232240e-02
1.305000000000e+02 6.037944048644e-02
1.310000000000e+02 6.183809052648e-02
1.315000000000e+02 6.274797792085e-02
1.320000000000e+02 6.308794940385e-02
1.325000000000e+02 6.285518622590e-02
1.330000000000e+02 6.206541047901e-02
1.335000000000e+02 6.075236187299e-02
1.340000000000e+02 5.896656305893e-02
1.345000000000e+02 5.677342162528e-02
1.350000000000e+02 5.425074492493e-02
1.355000000000e+02 5.148576870439e-02
1.360000000000e+02 4.857182101081e-02
1.365000000000e+02 4.560475815483e-02
1.370000000000e+02 4.267931893913e-02
1.375000000000e+02 3.988554651655e-02
1.380000000000e+02 3.730542398674e-02
1.385000000000e+02 3.500986032889e-02
1.390000000000e+02 3.305614792668e-02
1.395000000000e+02 3.148599245534e-02
1.400000000000e+02 3.032419117832e-02
1.405000000000e+02 2.957800783663e-02
1.410000000000e+02 2.923726253726e-02
1.415000000000e+02 2.927512466812e-02
1.420000000000e+02 2.964956721714e-02
1.425000000000e+02 3.030541324677e-02
1.430000000000e+02 3.117688087064e-02
1.435000000000e+02 3.219051294719e-02
1.440000000000e+02 3.326836269949e-02
1.445000000000e+02 3.433129721604e-02
1.450000000000e+02 3.530227764497e-02
1.455000000000e+02 3.610947795450e-02
1.460000000000e+02 3.668911320632e-02
1.465000000000e+02 3.698786291936e-02
1.470000000000e+02 3.696479458936e-02
1.475000000000e+02 3.659271585762e-02
1.480000000000e+02 3.585891010830e-02
1.485000000000e+02 3.476523821046e-02
1.490000000000e+02 3.332761743831e-02
1.495000000000e+02 3.157491602357e-02
1.500000000000e+02 2.954732708840e-02
1.505000000000e+02 2.729430775627e-02
1.510000000000e+02 2.487218707420e-02
1.515000000000e+02 2.234155923977e-02
1.520000000000e+02 1.976458597546e-02
1.525000000000e+02 1.720233345735e-02
1.530000000000e+02 1.471226497480e-02
1.535000000000e+02 1.234600073092e-02
1.540000000000e+02 1.014744140098e-02
1.545000000000e+02 8.151332986139e-03
1.550000000000e+02 6.382328064165e-03
1.555000000000e+02 4.854573828273e-03
1.560000000000e+02 3.571831497707e-03
1.565000000000e+02 2.528106000977e-03
1.570000000000e+02 1.708740482598e-03
1.575000000000e+02 1.091908304775e-03
1.580000000000e+02 6.504168223222e-04
1.585000000000e+02 3.537231488164e-04
1.590000000000e+02 1.700530430377e-04
1.595000000000e+02 6.851032860177e-05
1.600000000000e+02 2.106606278935e-05
1.605000000000e+02 4.323878090770e-06
1.610000000000e+02 9.701619894079e-07
1.615000000000e+02 8.344097414803e-07
1.620000000000e+02 1.505365759737e-06
1.625000000000e+02 8.471476216030e-06
1.630000000000e+02 3.477859981007e-05
1.635000000000e+02 1.002226852477e-04
1.640000000000e+02 2.301190269986e-04
1.645000000000e+02 4.537115999483e-04
1.650000000000e+02 8.023047879412e-04
1.655000000000e+02 1.307214644877e-03
1.660000000000e+02 1.997646931815e-03
1.665000000000e+02 2.898614053609e-03
1.670000000000e+02 4.029002414620e-03
1.675000000000e+02 5.399895625036e-03
1.680000000000e+02 7.013247677035e-03
1.685000000000e+02 8.860984181872e-03
1.690000000000e+02 1.092458974871e-02
1.695000000000e+02 1.317521651952e-02
1.700000000000e+02 1.557432382622e-02
1.705000000000e+02 1.807483308216e-02
1.710000000000e+02 2.062275657870e-02
1.715000000000e+02 2.315923503936e-02
1.720000000000e+02 2.562289772830e-02
1.725000000000e+02 2.795244163780e-02
1.730000000000e+02 3.008931364090e-02
1.735000000000e+02 3.198037213251e-02
1.740000000000e+02 3.358040299517e-02
1.745000000000e+02 3.485436885621e-02
1.750000000000e+02 3.577928042313e-02
1.755000000000e+02 3.634559380251e-02
1.760000000000e+02 3.655805748684e-02
1.765000000000e+02 3.643595627416e-02
1.770000000000e+02 3.601272572935e-02
1.775000000000e+02 3.533493872768e-02
1.780000000000e+02 3.446069388620e-02
1.785000000000e+02 3.345746300437e-02
1.790000000000e+02 3.239947975573e-02
1.795000000000e+02 3.136477363795e-02
1.800000000000e+02 3.043197058739e-02
1.805000000000e+02 2.967699387090e-02
1.810000000000e+02 2.916980528682e-02
1.815000000000e+02 2.897132700130e-02
1.820000000000e+02 2.913067844813e-02
1.825000000000e+02 2.968285084340e-02
1.830000000000e+02 3.064692449128e-02
1.835000000000e+02 3.202491191319e-02
1.840000000000e+02 3.380128386772e-02
1.845000000000e+02 3.594320666340e-02
1.850000000000e+02 3.840148904902e-02
1.855000000000e+02 4.111220671452e-02
1.860000000000e+02 4.399894337729e-02
1.865000000000e+02 4.697556084579e-02
1.870000000000e+02 4.994938751953e-02
1.875000000000e+02 5.282469651806e-02
1.880000000000e+02 5.550633184634e-02
1.885000000000e+02 5.790333426958e-02
1.890000000000e+02 5.993241819678e-02
1.895000000000e+02 6.152115688106e-02
1.900000000000e+02 6.261074538310e-02
1.905000000000e+02 6.315822848335e-02
1.910000000000e+02 6.313810329675e-02
1.915000000000e+02 6.254323275273e-02
1.920000000000e+02 6.138503520020e-02
1.925000000000e+02 5.969294590784e-02
1.930000000000e+02 5.751317682335e-02
1.935000000000e+02 5.490683029688e-02
1.940000000000e+02 5.194744928837e-02
1.945000000000e+02 4.871810970616e-02
1.950000000000e+02 4.530817897058e-02
1.955000000000e+02 4.180987787819e-02
1.960000000000e+02 3.831478982070e-02
1.965000000000e+02 3.491046211695e-02
1.970000000000e+02 3.167723865474e-02
1.975000000000e+02 2.868545149817e-02
1.980000000000e+02 2.599308214547e-02
1.985000000000e+02 2.364398151102e-02
1.990000000000e+02 2.166671244345e-02
1.995000000000e+02 2.007405082665e-02
2.000000000000e+02 1.886315229419e-02
2.005000000000e+02 1.801636261823e-02
2.010000000000e+02 1.750262220114e-02
2.015000000000e+02 1.727939001923e-02
2.020000000000e+02 1.729499094026e-02
2.025000000000e+02 1.749127348098e-02
2.030000000000e+02 1.780645349940e-02
2.035000000000e+02 1.817801349215e-02
2.040000000000e+02 1.854552729333e-02
2.045000000000e+02 1.885328597587e-02
2.050000000000e+02 1.905261230393e-02
2.055000000000e+02 1.910376758714e-02
2.060000000000e+02 1.897737543627e-02
2.065000000000e+02 1.865531072326e-02
2.070000000000e+02 1.813102787705e-02
2.075000000000e+02 1.740932928716e-02
2.080000000000e+02 1.650560079804e-02
2.085000000000e+02 1.544456584668e-02
2.090000000000e+02 1.425863159607e-02
2.095000000000e+02 1.298591845779e-02
2.100000000000e+02 1.166807786855e-02
2.105000000000e+02 1.034801149734e-02
2.110000000000e+02 9.067607866154e-03
2.115000000000e+02 7.865609580502e-03
2.120000000000e+02 6.775716163737e-03
2.125000000000e+02 5.825014299605e-03
2.130000000000e+02 5.032809773204e-03
2.135000000000e+02 4.409914424051e-03
2.140000000000e+02 3.958418008609e-03
2.145000000000e+02 3.671950147700e-03
2.150000000000e+02 3.536412698719e-03
2.155000000000e+02 3.531139138127e-03
2.160000000000e+02 3.630416006991e-03
2.165000000000e+02 3.805283194666e-03
2.170000000000e+02 4.025515691020e-03
2.175000000000e+02 4.261680106749e-03
2.180000000000e+02 4.487155196576e-03
2.185000000000e+02 4.680007023698e-03
2.190000000000e+02 4.824616218267e-03
2.195000000000e+02 4.912966693168e-03
2.200000000000e+02 4.945521629634e-03
2.205000000000e+02 4.931632758719e-03
2.210000000000e+02 4.889451986985e-03
2.215000000000e+02 4.845339153761e-03
2.220000000000e+02 4.832784985243e-03
2.225000000000e+02 4.890892918793e-03
2.230000000000e+02 5.062486226029e-03
2.235000000000e+02 5.391926664068e-03
2.240000000000e+02 5.922746761492e-03
2.245000000000e+02 6.695209009520e-03
2.250000000000e+02 7.743911105727e-03
2.255000000000e+02 9.095556658153e-03
2.260000000000e+02 1.076700533317e-02
2.265000000000e+02 1.276370551758e-02
2.270000000000e+02 1.507859661784e-02
2.275000000000e+02 1.769154782974e-02
2.280000000000e+02 2.056937647767e-02
2.285000000000e+02 2.366646291159e-02
2.290000000000e+02 2.692595164406e-02
2.295000000000e+02 3.028150115902e-02
2.300000000000e+02 3.365951888480e-02
2.305000000000e+02 3.698179440146e-02
2.310000000000e+02 4.016842414806e-02
2.315000000000e+02 4.314090565216e-02
2.320000000000e+02 4.582526936484e-02
2.325000000000e+02 4.815511205640e-02
2.330000000000e+02 5.007439765796e-02
2.335000000000e+02 5.153989939586e-02
2.340000000000e+02 5.252317075918e-02
2.345000000000e+02 5.301195170637e-02
2.350000000000e+02 5.301093975567e-02
2.355000000000e+02 5.254188221714e-02
2.360000000000e+02 5.164297465267e-02
2.365000000000e+02 5.036758043064e-02
2.370000000000e+02 4.878231565874e-02
2.375000000000e+02 4.696457152680e-02
2.380000000000e+02 4.499957093297e-02
2.385000000000e+02 4.297707708652e-02
2.390000000000e+02 4.098788763904e-02
2.395000000000e+02 3.912025806755e-02
2.400000000000e+02 3.745640204496e-02
2.405000000000e+02 3.606921418152e-02
2.410000000000e+02 3.501935188431e-02
2.415000000000e+02 3.435279851754e-02
2.420000000000e+02 3.409901017393e-02
2.425000000000e+02 3.426972404274e-02
2.430000000000e+02 3.485847863717e-02
2.435000000000e+02 3.584086622728e-02
2.440000000000e+02 3.717550701734e-02
2.445000000000e+02 3.880570425162e-02
2.450000000000e+02 4.066171085112e-02
2.455000000000e+02 4.266351262085e-02
2.460000000000e+02 4.472401163145e-02
2.465000000000e+02 4.675247699631e-02
2.470000000000e+02 4.865811963797e-02
2.475000000000e+02 5.035364321124e-02
2.480000000000e+02 5.175862529669e-02
2.485000000000e+02 5.280259118695e-02
2.490000000000e+02 5.342765667260e-02
2.495000000000e+02 5.359063554879e-02
2.500000000000e+02 5.326453123580e-02
2.505000000000e+02 5.243935887145e-02
2.510000000000e+02 5.112227328841e-02
2.515000000000e+02 4.933700814290e-02
2.520000000000e+02 4.712266079522e-02
2.525000000000e+02 4.453188506620e-02
2.530000000000e+02 4.162857850894e-02
2.535000000000e+02 3.848517128099e-02
2.540000000000e+02 3.517963920972e-02
2.545000000000e+02 3.179237356858e-02
2.550000000000e+02 2.840304403584e-02
2.555000000000e+02 2.508758917190e-02
2.560000000000e+02 2.191546068271e-02
2.565000000000e+02 1.894723415888e-02
2.570000000000e+02 1.623268055934e-02
2.575000000000e+02 1.380937032825e-02
2.580000000000e+02 1.170185674856e-02
2.585000000000e+02 9.921458122325e-03
2.590000000000e+02 8.466630875400e-03
2.595000000000e+02 7.323898970809e-03
2.600000000000e+02 6.469280294551e-03
2.605000000000e+02 5.870129062916e-03
2.610000000000e+02 5.487295752738e-03
2.615000000000e+02 5.277493341331e-03
2.620000000000e+02 5.195751300081e-03
2.625000000000e+02 5.197837099243e-03
2.630000000000e+02 5.242528973017e-03
2.635000000000e+02 5.293633121278e-03
2.640000000000e+02 5.321652892754e-03
2.645000000000e+02 5.305036083969e-03
2.650000000000e+02 5.230948384240e-03
2.655000000000e+02 5.095545137303e-03
2.660000000000e+02 4.903738811519e-03
2.665000000000e+02 4.668484666467e-03
2.670000000000e+02 4.409630878342e-03
2.675000000000e+02 4.152400712082e-03
2.680000000000e+02 3.925592196437e-03
2.685000000000e+02 3.759594328297e-03
2.690000000000e+02 3.684327469353e-03
2.695000000000e+02 3.727218901553e-03
2.700000000000e+02 3.911322331700e-03
2.705000000000e+02 4.253682593917e-03
2.710000000000e+02 4.764034260180e-03
2.715000000000e+02 5.443905939745e-03
2.720000000000e+02 6.286181542638e-03
2.725000000000e+02 7.275146685780e-03
2.730000000000e+02 8.387023842248e-03
2.735000000000e+02 9.590974956714e-03
2.740000000000e+02 1.085052627216e-02
2.745000000000e+02 1.212534819383e-02
2.750000000000e+02 1.337330422214e-02
2.755000000000e+02 1.455266823810e-02
2.760000000000e+02 1.562439945690e-02
2.765000000000e+02 1.655435968832e-02
2.770000000000e+02 1.731535842099e-02
2.775000000000e+02 1.788891768354e-02
2.780000000000e+02 1.826666037109e-02
2.785000000000e+02 1.845124225026e-02
2.790000000000e+02 1.845676843241e-02
2.795000000000e+02 1.830865879971e-02
2.800000000000e+02 1.804295259723e-02
2.805000000000e+02 1.770506897727e-02
2.810000000000e+02 1.734806646410e-02
2.815000000000e+02 1.703046886981e-02
2.820000000000e+02 1.681374697274e-02
2.825000000000e+02 1.675956322729e-02
2.830000000000e+02 1.692690003241e-02
2.835000000000e+02 1.736919998297e-02
2.840000000000e+02 1.813164863884e-02
2.845000000000e+02 1.924872651157e-02
2.850000000000e+02 2.074214729752e-02
2.855000000000e+02 2.261928425766e-02
2.860000000000e+02 2.487216668832e-02
2.865000000000e+02 2.747710449792e-02
2.870000000000e+02 3.039497204474e-02
2.875000000000e+02 3.357215378166e-02
2.880000000000e+02 3.694212516594e-02
2.885000000000e+02 4.042761402649e-02
2.890000000000e+02 4.394326140915e-02
2.895000000000e+02 4.739867803045e-02
2.900000000000e+02 5.070177390779e-02
2.905000000000e+02 5.376222535917e-02
2.910000000000e+02 5.649493600975e-02
2.915000000000e+02 5.882334708233e-02
2.920000000000e+02 6.068245718404e-02
2.925000000000e+02 6.202142285469e-02
2.930000000000e+02 6.280562785994e-02
2.935000000000e+02 6.301813089118e-02
2.940000000000e+02 6.266042704319e-02
2.945000000000e+02 6.175248707273e-02
2.950000000000e+02 6.033206875099e-02
2.955000000000e+02 5.845332529179e-02
2.960000000000e+02 5.618476552509e-02
2.965000000000e+02 5.360664789450e-02
2.970000000000e+02 5.080791428787e-02
2.975000000000e+02 4.788278911496e-02
2.980000000000e+02 4.492718307773e-02
2.985000000000e+02 4.203504912499e-02
2.990000000000e+02 3.929483979787e-02
2.995000000000e+02 3.678621048716e-02
3.000000000000e+02 3.457710225305e-02
3.005000000000e+02 3.272132128883e-02
3.010000000000e+02 3.125671058052e-02
3.015000000000e+02 3.020398377851e-02
3.020000000000e+02 2.956626288373e-02
3.025000000000e+02 2.932933131361e-02
3.030000000000e+02 2.946258357057e-02
3.035000000000e+02 2.992062341813e-02
3.040000000000e+02 3.064543545432e-02
3.045000000000e+02 3.156903142879e-02
3.050000000000e+02 3.261645359051e-02
3.055000000000e+02 3.370900358260e-02
3.060000000000e+02 3.476755748718e-02
3.065000000000e+02 3.571582586966e-02
3.070000000000e+02 3.648342210454e-02
3.075000000000e+02 3.700861263503e-02
3.080000000000e+02 3.724063861327e-02
3.085000000000e+02 3.714151883407e-02
3.090000000000e+02 3.668726805622e-02
3.095000000000e+02 3.586849158598e-02
3.100000000000e+02 3.469034515039e-02
3.105000000000e+02 3.317187733715e-02
3.110000000000e+02 3.134479895001e-02
3.115000000000e+02 2.925174831421e-02
3.120000000000e+02 2.694414277536e-02
3.125000000000e+02 2.447972344064e-02
3.130000000000e+02 2.191991189847e-02
3.135000000000e+02 1.932710374329e-02
3.140000000000e+02 1.676202400817e-02
3.145000000000e+02 1.428126412159e-02
3.150000000000e+02 1.193510906961e-02
3.155000000000e+02 9.765747625927e-03
3.160000000000e+02 7.805938594143e-03
3.165000000000e+02 6.078182957848e-03
3.170000000000e+02 4.594426762245e-03
3.175000000000e+02 3.356293648618e-03
3.180000000000e+02 2.355820454210e-03
3.185000000000e+02 1.576645372466e-03
3.190000000000e+02 9.955769578879e-04
3.195000000000e+02 5.844547383783e-04
3.200000000000e+02 3.121991701326e-04
3.205000000000e+02 1.469407242651e-04
3.210000000000e+02 5.811537728447e-05
3.215000000000e+02 1.841677829868e-05
3.220000000000e+02 5.503712639406e-06
3.225000000000e+02 3.374750394129e-06
3.230000000000e+02 3.339503229641e-06
3.235000000000e+02 4.536857243764e-06
3.240000000000e+02 1.397388661018e-05
3.245000000000e+02 4.608375331655e-05
3.250000000000e+02 1.218255739956e-04
3.255000000000e+02 2.673727939621e-04
3.260000000000e+02 5.124579119800e-04
3.265000000000e+02 8.884594140469e-04
3.270000000000e+02 1.426330622441e-03
3.275000000000e+02 2.154479165514e-03
3.280000000000e+02 3.096709470940e-03
3.285000000000e+02 4.270338877287e-03
3.290000000000e+02 5.684590703316e-03
3.295000000000e+02 7.339355227023e-03
3.300000000000e+02 9.224392567420e-03
3.305000000000e+02 1.131903071020e-02
3.310000000000e+02 1.359238833622e-02
3.315000000000e+02 1.600412680010e-02
3.320000000000e+02 1.850570975438e-02
3.325000000000e+02 2.104212374498e-02
3.330000000000e+02 2.355398981341e-02
3.335000000000e+02 2.597997585035e-02
3.340000000000e+02 2.825940313740e-02
3.345000000000e+02 3.033492899968e-02
3.350000000000e+02 3.215518135849e-02
3.355000000000e+02 3.367722056812e-02
3.360000000000e+02 3.486870932353e-02
3.365000000000e+02 3.570968245183e-02
3.370000000000e+02 3.619382460020e-02
3.375000000000e+02 3.632918451950e-02
3.380000000000e+02 3.613827891192e-02
3.385000000000e+02 3.565756559185e-02
3.390000000000e+02 3.493629380427e-02
3.395000000000e+02 3.403476768764e-02
3.400000000000e+02 3.302208578218e-02
3.405000000000e+02 3.197344393518e-02
3.410000000000e+02 3.096710981513e-02
3.415000000000e+02 3.008119353942e-02
3.420000000000e+02 2.939034987059e-02
3.425000000000e+02 2.896255250412e-02
3.430000000000e+02 2.885607987674e-02
3.435000000000e+02 2.911684466495e-02
3.440000000000e+02 2.977618599223e-02
3.445000000000e+02 3.084922485806e-02
3.450000000000e+02 3.233386022375e-02
3.455000000000e+02 3.421045652896e-02
3.460000000000e+02 3.644224432224e-02
3.465000000000e+02 3.897642543724e-02
3.470000000000e+02 4.174594405788e-02
3.475000000000e+02 4.467185641433e-02
3.480000000000e+02 4.766620599799e-02
3.485000000000e+02 5.063528922286e-02
3.490000000000e+02 5.348317936683e-02
3.495000000000e+02 5.611536516239e-02
3.500000000000e+02 5.844235508591e-02
3.505000000000e+02 6.038309946345e-02
3.510000000000e+02 6.186808992972e-02
3.515000000000e+02 6.284200922987e-02
3.520000000000e+02 6.326582325422e-02
3.525000000000e+02 6.311823072220e-02
3.530000000000e+02 6.239641305326e-02
3.535000000000e+02 6.111605649498e-02
3.540000000000e+02 5.931064923000e-02
3.545000000000e+02 5.703008661709e-02
3.550000000000e+02 5.433864660972e-02
3.555000000000e+02 5.131242348562e-02
3.560000000000e+02 4.803633018353e-02
3.565000000000e+02 4.460079682924e-02
3.570000000000e+02 4.109830470983e-02
3.575000000000e+02 3.761990054236e-02
3.580000000000e+02 3.425183517172e-02
3.585000000000e+02 3.107246389270e-02
3.590000000000e+02 2.814953277121e-02
3.595000000000e+02 2.553795724354e-02
3.600000000000e+02 2.327817673970e-02
3.605000000000e+02 2.139514313570e-02
3.610000000000e+02 1.989797266595e-02
3.615000000000e+02 1.878026178937e-02
3.620000000000e+02 1.802103870174e-02
3.625000000000e+02 1.758629500272e-02
3.630000000000e+02 1.743101765335e-02
3.635000000000e+02 1.750162086202e-02
3.640000000000e+02 1.773866179166e-02
3.645000000000e+02 1.807971364693e-02
3.650000000000e+02 1.846226518596e-02
3.655000000000e+02 1.882651714695e-02
3.660000000000e+02 1.911795335725e-02
3.665000000000e+02 1.928957700510e-02
3.670000000000e+02 1.930372006419e-02
3.675000000000e+02 1.913335531474e-02
3.680000000000e+02 1.876286477470e-02
3.685000000000e+02 1.818824448878e-02
3.690000000000e+02 1.741675229567e-02
3.695000000000e+02 1.646603116490e-02
3.700000000000e+02 1.536276476576e-02
3.705000000000e+02 1.414094299964e-02
3.710000000000e+02 1.283983233902e-02
3.715000000000e+02 1.150175820779e-02
3.720000000000e+02 1.016981376893e-02
3.725000000000e+02 8.885611067254e-03
3.730000000000e+02 7.687186478214e-03
3.735000000000e+02 6.607163071884e-03
3.740000000000e+02 5.671258297007e-03
3.745000000000e+02 4.897207032640e-03
3.750000000000e+02 4.294148446367e-03
3.755000000000e+02 3.862501289627e-03
3.760000000000e+02 3.594327404285e-03
3.765000000000e+02 3.474158507841e-03
3.770000000000e+02 3.480237955232e-03
3.775000000000e+02 3.586108264629e-03
3.780000000000e+02 3.762457746332e-03
3.785000000000e+02 3.979126425494e-03
3.790000000000e+02 4.207163234447e-03
3.795000000000e+02 4.420823567107e-03
3.800000000000e+02 4.599398882509e-03
3.805000000000e+02 4.728778002071e-03
3.810000000000e+02 4.802652695819e-03
3.815000000000e+02 4.823297489976e-03
3.820000000000e+02 4.801874533043e-03
3.825000000000e+02 4.758237841818e-03
3.830000000000e+02 4.720236196738e-03
3.835000000000e+02 4.722539178091e-03
3.840000000000e+02 4.805035124419e-03
3.845000000000e+02 5.010871980929e-03
3.850000000000e+02 5.384231014020e-03
3.855000000000e+02 5.967938263622e-03
3.860000000000e+02 6.801028644414e-03
3.865000000000e+02 7.916382267268e-03
3.870000000000e+02 9.338551561508e-03
3.875000000000e+02 1.108189112622e-02
3.880000000000e+02 1.314909017914e-02
3.885000000000e+02 1.553019051356e-02
3.890000000000e+02 1.820215175654e-02
3.895000000000e+02 2.112900138590e-02
3.900000000000e+02 2.426258050367e-02
3.905000000000e+02 2.754386898286e-02
3.910000000000e+02 3.090484655864e-02
3.915000000000e+02 3.427082097149e-02
3.920000000000e+02 3.756313157774e-02
3.925000000000e+02 4.070211799077e-02
3.930000000000e+02 4.361022920549e-02
3.935000000000e+02 4.621513998361e-02
3.940000000000e+02 4.845273848857e-02
3.945000000000e+02 5.026985244148e-02
3.950000000000e+02 5.162659033911e-02
3.955000000000e+02 5.249818916953e-02
3.960000000000e+02 5.287627996732e-02
3.965000000000e+02 5.276950662146e-02
3.970000000000e+02 5.220346054607e-02
3.975000000000e+02 5.121992296224e-02
3.980000000000e+02 4.987543633629e-02
3.985000000000e+02 4.823925566067e-02
3.990000000000e+02 4.639075745124e-02
3.995000000000e+02 4.441640835568e-02
4.000000000000e+02 4.240641504093e-02
4.005000000000e+02 4.045119165919e-02
4.010000000000e+02 3.863779000978e-02
4.015000000000e+02 3.704644010344e-02
4.020000000000e+02 3.574734505663e-02
4.025000000000e+02 3.479786423618e-02
4.030000000000e+02 3.424020275743e-02
4.035000000000e+02 3.409970448696e-02
4.040000000000e+02 3.438382051721e-02
4.045000000000e+02 3.508179675737e-02
4.050000000000e+02 3.616509405330e-02
4.055000000000e+02 3.758852342712e-02
4.060000000000e+02 3.929204895624e-02
4.065000000000e+02 4.120318280299e-02
4.070000000000e+02 4.323987217702e-02
4.075000000000e+02 4.531375763699e-02
4.080000000000e+02 4.733366699353e-02
4.085000000000e+02 4.920919981051e-02
4.090000000000e+02 5.085425450092e-02
4.095000000000e+02 5.219035338767e-02
4.100000000000e+02 5.314963067338e-02
4.105000000000e+02 5.367736359217e-02
4.110000000000e+02 5.373394740026e-02
4.115000000000e+02 5.329623938089e-02
4.120000000000e+02 5.235822459455e-02
4.125000000000e+02 5.093098546754e-02
4.130000000000e+02 4.904198717963e-02
4.135000000000e+02 4.673371986565e-02
4.140000000000e+02 4.406176561316e-02
4.145000000000e+02 4.109238194339e-02
4.150000000000e+02 3.789971288665e-02
4.155000000000e+02 3.456275308096e-02
4.160000000000e+02 3.116219894606e-02
4.165000000000e+02 2.777732358453e-02
4.170000000000e+02 2.448300857880e-02
4.175000000000e+02 2.134705650656e-02
4.180000000000e+02 1.842789326527e-02
4.185000000000e+02 1.577274989889e-02
4.190000000000e+02 1.341639048106e-02
4.195000000000e+02 1.138042681531e-02
4.200000000000e+02 9.673233463728e-03
4.205000000000e+02 8.290449165605e-03
4.210000000000e+02 7.216024312525e-03
4.215000000000e+02 6.423750001568e-03
4.220000000000e+02 5.879183378249e-03
4.225000000000e+02 5.541867427226e-03
4.230000000000e+02 5.367731790437e-03
4.235000000000e+02 5.311555073918e-03
4.240000000000e+02 5.329368672542e-03
4.245000000000e+02 5.380687360544e-03
4.250000000000e+02 5.430462464063e-03
4.255000000000e+02 5.450668804267e-03
4.260000000000e+02 5.421456008962e-03
4.265000000000e+02 5.331817285573e-03
4.270000000000e+02 5.179753239972e-03
4.275000000000e+02 4.971933635899e-03
4.280000000000e+02 4.722884909250e-03
4.285000000000e+02 4.453754594508e-03
4.290000000000e+02 4.190724481227e-03
4.295000000000e+02 3.963161320614e-03
4.300000000000e+02 3.801606448303e-03
4.305000000000e+02 3.735713191991e-03
4.310000000000e+02 3.792243047673e-03
4.315000000000e+02 3.993228245613e-03
4.320000000000e+02 4.354399658150e-03
4.325000000000e+02 4.883965448519e-03
4.330000000000e+02 5.581808077620e-03
4.335000000000e+02 6.439146129671e-03
4.340000000000e+02 7.438683904852e-03
4.345000000000e+02 8.555246987014e-03
4.350000000000e+02 9.756877218108e-03
4.355000000000e+02 1.100633689274e-02
4.360000000000e+02 1.226295066935e-02
4.365000000000e+02 1.348469571785e-02
4.370000000000e+02 1.463043686908e-02
4.375000000000e+02 1.566219468833e-02
4.380000000000e+02 1.654733092056e-02
4.385000000000e+02 1.726053785635e-02
4.390000000000e+02 1.778552579028e-02
4.395000000000e+02 1.811631557171e-02
4.400000000000e+02 1.825806071996e-02
4.405000000000e+02 1.822734490817e-02
4.410000000000e+02 1.805192484141e-02
4.415000000000e+02 1.776991455454e-02
4.420000000000e+02 1.742843372859e-02
4.425000000000e+02 1.708176853409e-02
4.430000000000e+02 1.678911753588e-02
4.435000000000e+02 1.661201619913e-02
4.440000000000e+02 1.661155050948e-02
4.445000000000e+02 1.684548233272e-02
4.450000000000e+02 1.736541577637e-02
4.455000000000e+02 1.821413461256e-02
4.460000000000e+02 1.942323567599e-02
4.465000000000e+02 2.101117223437e-02
4.470000000000e+02 2.298180507619e-02
4.475000000000e+02 2.532353815485e-02
4.480000000000e+02 2.800909096834e-02
4.485000000000e+02 3.099593251643e-02
4.490000000000e+02 3.422737286926e-02
4.495000000000e+02 3.763427938305e-02
4.500000000000e+02 4.113735671017e-02
4.505000000000e+02 4.464990422941e-02
4.510000000000e+02 4.808094252747e-02
4.515000000000e+02 5.133858310429e-02
4.520000000000e+02 5.433350336249e-02
4.525000000000e+02 5.698238275414e-02
4.530000000000e+02 5.921115600958e-02
4.535000000000e+02 6.095794570319e-02
4.540000000000e+02 6.217554877904e-02
4.545000000000e+02 6.283336955362e-02
4.550000000000e+02 6.291871437734e-02
4.555000000000e+02 6.243738959651e-02
4.560000000000e+02 6.141357357104e-02
4.565000000000e+02 5.988896400339e-02
4.570000000000e+02 5.792123239360e-02
4.575000000000e+02 5.558184671652e-02
4.580000000000e+02 5.295335014181e-02
4.585000000000e+02 5.012620661303e-02
4.590000000000e+02 4.719534236466e-02
4.595000000000e+02 4.425652518536e-02
4.600000000000e+02 4.140272987936e-02
4.605000000000e+02 3.872063864956e-02
4.610000000000e+02 3.628741901999e-02
4.615000000000e+02 3.416790971075e-02
4.620000000000e+02 3.241232711838e-02
4.625000000000e+02 3.105458252924e-02
4.630000000000e+02 3.011127390087e-02
4.635000000000e+02 2.958138714669e-02
4.640000000000e+02 2.944671162713e-02
4.645000000000e+02 2.967294431165e-02
4.650000000000e+02 3.021142815514e-02
4.655000000000e+02 3.100144388618e-02
4.660000000000e+02 3.197295177517e-02
4.665000000000e+02 3.304966200352e-02
4.670000000000e+02 3.415229974995e-02
4.675000000000e+02 3.520192455370e-02
4.680000000000e+02 3.612316315185e-02
4.685000000000e+02 3.684722078243e-02
4.690000000000e+02 3.731454758736e-02
4.695000000000e+02 3.747705367030e-02
4.700000000000e+02 3.729978776350e-02
4.705000000000e+02 3.676201933682e-02
4.710000000000e+02 3.585769119641e-02
4.715000000000e+02 3.459523792791e-02
4.720000000000e+02 3.299679365574e-02
4.725000000000e+02 3.109683925443e-02
4.730000000000e+02 2.894036316971e-02
4.735000000000e+02 2.658063032934e-02
4.740000000000e+02 2.407666936175e-02
4.745000000000e+02 2.149059883066e-02
4.750000000000e+02 1.888491801290e-02
4.755000000000e+02 1.631988673554e-02
4.760000000000e+02 1.385111205990e-02
4.765000000000e+02 1.152744752261e-02
4.770000000000e+02 9.389293836226e-03
4.775000000000e+02 7.467369241417e-03
4.780000000000e+02 5.781994094349e-03
4.785000000000e+02 4.342908896818e-03
4.790000000000e+02 3.149619038797e-03
4.795000000000e+02 2.192234246508e-03
4.800000000000e+02 1.452747297948e-03
4.805000000000e+02 9.066760742109e-04
4.810000000000e+02 5.249764045621e-04
4.815000000000e+02 2.761211971449e-04
4.820000000000e+02 1.282345618844e-04
4.825000000000e+02 5.116831916908e-05
4.830000000000e+02 1.841247879476e-05
4.835000000000e+02 8.740739955210e-06
4.840000000000e+02 7.506327669477e-06
4.845000000000e+02 7.521840814838e-06
4.850000000000e+02 9.478346295878e-06
4.855000000000e+02 2.188266693555e-05
4.860000000000e+02 6.051653055482e-05
4.865000000000e+02 1.474457804895e-04
4.870000000000e+02 3.096310084995e-04
4.875000000000e+02 5.772116394681e-04
4.880000000000e+02 9.815526706014e-04
4.885000000000e+02 1.553156107716e-03
4.890000000000e+02 2.319547013714e-03
4.895000000000e+02 3.303246589465e-03
4.900000000000e+02 4.519941699171e-03
4.905000000000e+02 5.976951845191e-03
4.910000000000e+02 7.672081162621e-03
4.915000000000e+02 9.592925152255e-03
4.920000000000e+02 1.171668042395e-02
4.925000000000e+02 1.401048167842e-02
4.930000000000e+02 1.643226463754e-02
4.935000000000e+02 1.893212784359e-02
4.940000000000e+02 2.145414140616e-02
4.945000000000e+02 2.393852806873e-02
4.950000000000e+02 2.632412248595e-02
4.955000000000e+02 2.855099929917e-02
4.960000000000e+02 3.056315023397e-02
4.965000000000e+02 3.231108555588e-02
4.970000000000e+02 3.375423609876e-02
4.975000000000e+02 3.486303874532e-02
4.980000000000e+02 3.562060044715e-02
4.985000000000e+02 3.602385311850e-02
4.990000000000e+02 3.608413328511e-02
4.995000000000e+02 3.582714527532e-02
5.000000000000e+02 3.529229389713e-02
5.005000000000e+02 3.453140074137e-02
5.010000000000e+02 3.360684620854e-02
5.015000000000e+02 3.258920580749e-02
5.020000000000e+02 3.155447300107e-02
5.025000000000e+02 3.058098078001e-02
5.030000000000e+02 2.974614929664e-02
5.035000000000e+02 2.912319655864e-02
5.040000000000e+02 2.877795288624e-02
5.045000000000e+02 2.876591735621e-02
5.050000000000e+02 2.912968585008e-02
5.055000000000e+02 2.989686592606e-02
5.060000000000e+02 3.107857413916e-02
5.065000000000e+02 3.266858747186e-02
5.070000000000e+02 3.464319323864e-02
5.075000000000e+02 3.696175237636e-02
5.080000000000e+02 3.956796071247e-02
5.085000000000e+02 4.239176294518e-02
5.090000000000e+02 4.535184598776e-02
5.095000000000e+02 4.835861326228e-02
5.100000000000e+02 5.131752058816e-02
5.105000000000e+02 5.413263842728e-02
5.110000000000e+02 5.671029513071e-02
5.115000000000e+02 5.896265193710e-02
5.120000000000e+02 6.081106298245e-02
5.125000000000e+02 6.218908239370e-02
5.130000000000e+02 6.304499527564e-02
5.135000000000e+02 6.334376942221e-02
5.140000000000e+02 6.306834901444e-02
5.145000000000e+02 6.222023934203e-02
5.150000000000e+02 6.081936148836e-02
5.155000000000e+02 5.890318664388e-02
5.160000000000e+02 5.652518991889e-02
5.165000000000e+02 5.375269189924e-02
5.170000000000e+02 5.066418149583e-02
5.175000000000e+02 4.734623478893e-02
5.180000000000e+02 4.389016065599e-02
5.185000000000e+02 4.038851431842e-02
5.190000000000e+02 3.693162412763e-02
5.195000000000e+02 3.360427478547e-02
5.200000000000e+02 3.048268189342e-02
5.205000000000e+02 2.763187865427e-02
5.210000000000e+02 2.510361637059e-02
5.215000000000e+02 2.293485697953e-02
5.220000000000e+02 2.114690930169e-02
5.225000000000e+02 1.974523216267e-02
5.230000000000e+02 1.871989835097e-02
5.235000000000e+02 1.804668480818e-02
5.240000000000e+02 1.768872777138e-02
5.245000000000e+02 1.759865797505e-02
5.250000000000e+02 1.772111149689e-02
5.255000000000e+02 1.799549723024e-02
5.260000000000e+02 1.835889289197e-02
5.265000000000e+02 1.874893827812e-02
5.270000000000e+02 1.910659724129e-02
5.275000000000e+02 1.937866839517e-02
5.280000000000e+02 1.951993839967e-02
5.285000000000e+02 1.949489015679e-02
5.290000000000e+02 1.927890045667e-02
5.295000000000e+02 1.885888649344e-02
5.300000000000e+02 1.823338705141e-02
5.305000000000e+02 1.741209080528e-02
5.310000000000e+02 1.641484985192e-02
5.315000000000e+02 1.527024010827e-02
5.320000000000e+02 1.401375050107e-02
5.325000000000e+02 1.268569901932e-02
5.330000000000e+02 1.132898498388e-02
5.335000000000e+02 9.986792824980e-03
5.340000000000e+02 8.700363012498e-03
5.345000000000e+02 7.506940587635e-03
5.350000000000e+02 6.438001285248e-03
5.355000000000e+02 5.517840050778e-03
5.360000000000e+02 4.762587598017e-03
5.365000000000e+02 4.179698463338e-03
5.370000000000e+02 3.767929866684e-03
5.375000000000e+02 3.517805756088e-03
5.380000000000e+02 3.412535891453e-03
5.385000000000e+02 3.429336892708e-03
5.390000000000e+02 3.541081937284e-03
5.395000000000e+02 3.718189213010e-03
5.400000000000e+02 3.930647110972e-03
5.405000000000e+02 4.150067062631e-03
5.410000000000e+02 4.351653230587e-03
5.415000000000e+02 4.515982042222e-03
5.420000000000e+02 4.630493637862e-03
5.425000000000e+02 4.690611266770e-03
5.430000000000e+02 4.700422849108e-03
5.435000000000e+02 4.672880470864e-03
5.440000000000e+02 4.629497470774e-03
5.445000000000e+02 4.599547877671e-03
5.450000000000e+02 4.618798065864e-03
5.455000000000e+02 4.727824410469e-03
5.460000000000e+02 4.969992292052e-03
5.465000000000e+02 5.389189970673e-03
5.470000000000e+02 6.027424728851e-03
5.475000000000e+02 6.922397573503e-03
5.480000000000e+02 8.105176218753e-03
5.485000000000e+02 9.598083830550e-03
5.490000000000e+02 1.141291314731e-02
5.495000000000e+02 1.354956241076e-02
5.500000000000e+02 1.599517160934e-02
5.505000000000e+02 1.872381563948e-02
5.510000000000e+02 2.169678610612e-02
5.515000000000e+02 2.486346673479e-02
5.520000000000e+02 2.816277997453e-02
5.525000000000e+02 3.152515558899e-02
5.530000000000e+02 3.487494710494e-02
5.535000000000e+02 3.813320007683e-02
5.540000000000e+02 4.122065826873e-02
5.545000000000e+02 4.406088091090e-02
5.550000000000e+02 4.658333679786e-02
5.555000000000e+02 4.872633955191e-02
5.560000000000e+02 5.043969300721e-02
5.565000000000e+02 5.168692622607e-02
5.570000000000e+02 5.244701372382e-02
5.575000000000e+02 5.271549738242e-02
5.580000000000e+02 5.250495138298e-02
5.585000000000e+02 5.184475921023e-02
5.590000000000e+02 5.078020116322e-02
5.595000000000e+02 4.937088055653e-02
5.600000000000e+02 4.768854559478e-02
5.605000000000e+02 4.581439047078e-02
5.610000000000e+02 4.383594238346e-02
5.615000000000e+02 4.184365985508e-02
5.620000000000e+02 3.992738109782e-02
5.625000000000e+02 3.817276862407e-02
5.630000000000e+02 3.665789745537e-02
5.635000000000e+02 3.545012908583e-02
5.640000000000e+02 3.460340199977e-02
5.645000000000e+02 3.415605250787e-02
5.650000000000e+02 3.412925768017e-02
5.655000000000e+02 3.452616616650e-02
5.660000000000e+02 3.533175383432e-02
5.665000000000e+02 3.651341067370e-02
5.670000000000e+02 3.802223464976e-02
5.675000000000e+02 3.979497846243e-02
5.680000000000e+02 4.175656779892e-02
5.685000000000e+02 4.382308582368e-02
5.690000000000e+02 4.590509937967e-02
5.695000000000e+02 4.791118850123e-02
5.700000000000e+02 4.975153295641e-02
5.705000000000e+02 5.134140796769e-02
5.710000000000e+02 5.260444605334e-02
5.715000000000e+02 5.347553284925e-02
5.720000000000e+02 5.390322131002e-02
5.725000000000e+02 5.385157009510e-02
5.730000000000e+02 5.330133725783e-02
5.735000000000e+02 5.225048843891e-02
5.740000000000e+02 5.071400837037e-02
5.745000000000e+02 4.872303431191e-02
5.750000000000e+02 4.632335875201e-02
5.755000000000e+02 4.357337505671e-02
5.760000000000e+02 4.054156259365e-02
5.765000000000e+02 3.730362621759e-02
5.770000000000e+02 3.393941810099e-02
5.775000000000e+02 3.052977719774e-02
5.780000000000e+02 2.715342286773e-02
5.785000000000e+02 2.388403437032e-02
5.790000000000e+02 2.078763733154e-02
5.795000000000e+02 1.792040243940e-02
5.800000000000e+02 1.532694129159e-02
5.805000000000e+02 1.303916047441e-02
5.810000000000e+02 1.107570870920e-02
5.815000000000e+02 9.442024478179e-03
5.820000000000e+02 8.130964196564e-03
5.825000000000e+02 7.123964980062e-03
5.830000000000e+02 6.392672541539e-03
5.835000000000e+02 5.900944791550e-03
5.840000000000e+02 5.607126194003e-03
5.845000000000e+02 5.466477511531e-03
5.850000000000e+02 5.433640693078e-03
5.855000000000e+02 5.465019478997e-03
5.860000000000e+02 5.520962730622e-03
5.865000000000e+02 5.567649176136e-03
5.870000000000e+02 5.578588604479e-03
5.875000000000e+02 5.535674722698e-03
5.880000000000e+02 5.429747934624e-03
5.885000000000e+02 5.260651084694e-03
5.890000000000e+02 5.036786551933e-03
5.895000000000e+02 4.774207765027e-03
5.900000000000e+02 4.495301067590e-03
5.905000000000e+02 4.227133810575e-03
5.910000000000e+02 3.999560647086e-03
5.915000000000e+02 3.843191497111e-03
5.920000000000e+02 3.787331002036e-03
5.925000000000e+02 3.858000210486e-03
5.930000000000e+02 4.076146695975e-03
5.935000000000e+02 4.456139530730e-03
5.940000000000e+02 5.004631003785e-03
5.945000000000e+02 5.719848377478e-03
5.950000000000e+02 6.591357218980e-03
5.955000000000e+02 7.600313968472e-03
5.960000000000e+02 8.720200560915e-03
5.965000000000e+02 9.918009299981e-03
5.970000000000e+02 1.115582297878e-02
5.975000000000e+02 1.239271457747e-02
5.980000000000e+02 1.358687374941e-02
5.985000000000e+02 1.469785458050e-02
5.990000000000e+02 1.568883140824e-02
5.995000000000e+02 1.652874722410e-02
6.000000000000e+02 1.719424250366e-02
6.005000000000e+02 1.767126110142e-02
6.010000000000e+02 1.795624374061e-02
6.015000000000e+02 1.805683800860e-02
6.020000000000e+02 1.799207580782e-02
6.025000000000e+02 1.779199390666e-02
6.030000000000e+02 1.749669944576e-02
6.035000000000e+02 1.715490876939e-02
6.040000000000e+02 1.682201352883e-02
6.045000000000e+02 1.655775144037e-02
6.050000000000e+02 1.642357926071e-02
6.055000000000e+02 1.647986149309e-02
6.060000000000e+02 1.678299927414e-02
6.065000000000e+02 1.738262925346e-02
6.070000000000e+02 1.831902175646e-02
6.075000000000e+02 1.962080107613e-02
6.080000000000e+02 2.130309859988e-02
6.085000000000e+02 2.336623213653e-02
6.090000000000e+02 2.579498299854e-02
6.095000000000e+02 2.855851705861e-02
6.100000000000e+02 3.161096824527e-02
6.105000000000e+02 3.489267399954e-02
6.110000000000e+02 3.833202337074e-02
6.115000000000e+02 4.184785098054e-02
6.120000000000e+02 4.535228527034e-02
6.125000000000e+02 4.875393839804e-02
6.130000000000e+02 5.196130883421e-02
6.135000000000e+02 5.488625688703e-02
6.140000000000e+02 5.744740858052e-02
6.145000000000e+02 5.957334477550e-02
6.150000000000e+02 6.120544013458e-02
6.155000000000e+02 6.230023018841e-02
6.160000000000e+02 6.283120379315e-02
6.165000000000e+02 6.278994186916e-02
6.170000000000e+02 6.218655046443e-02
6.175000000000e+02 6.104936571670e-02
6.180000000000e+02 5.942393891259e-02
6.185000000000e+02 5.737134022367e-02
6.190000000000e+02 5.496584851066e-02
6.195000000000e+02 5.229212056696e-02
6.200000000000e+02 4.944195518409e-02
6.205000000000e+02 4.651078450054e-02
6.210000000000e+02 4.359403649572e-02
6.215000000000e+02 4.078351771726e-02
6.220000000000e+02 3.816396415696e-02
6.225000000000e+02 3.580990067983e-02
6.230000000000e+02 3.378293589757e-02
6.235000000000e+02 3.212960046675e-02
6.240000000000e+02 3.087981332083e-02
6.245000000000e+02 3.004603335356e-02
6.250000000000e+02 2.962312474971e-02
6.255000000000e+02 2.958893379874e-02
6.260000000000e+02 2.990554495868e-02
6.265000000000e+02 3.052115547634e-02
6.270000000000e+02 3.137248225241e-02
6.275000000000e+02 3.238759297173e-02
6.280000000000e+02 3.348903672571e-02
6.285000000000e+02 3.459713813881e-02
6.290000000000e+02 3.563331382721e-02
6.295000000000e+02 3.652327104419e-02
6.300000000000e+02 3.719995550963e-02
6.305000000000e+02 3.760612830859e-02
6.310000000000e+02 3.769646975230e-02
6.315000000000e+02 3.743913037883e-02
6.320000000000e+02 3.681667479052e-02
6.325000000000e+02 3.582639161373e-02
6.330000000000e+02 3.447997126299e-02
6.335000000000e+02 3.280258111471e-02
6.340000000000e+02 3.083139389215e-02
6.345000000000e+02 2.861364836834e-02
6.350000000000e+02 2.620434088464e-02
6.355000000000e+02 2.366366081963e-02
6.360000000000e+02 2.105429241330e-02
6.365000000000e+02 1.843870888944e-02
6.370000000000e+02 1.587658252602e-02
6.375000000000e+02 1.342242636744e-02
6.380000000000e+02 1.112357008299e-02
6.385000000000e+02 9.018554717926e-03
6.390000000000e+02 7.136009628743e-03
6.395000000000e+02 5.494050780464e-03
6.400000000000e+02 4.100213961850e-03
6.405000000000e+02 2.951910560136e-03
6.410000000000e+02 2.037368550026e-03
6.415000000000e+02 1.336998460418e-03
6.420000000000e+02 8.251043515930e-04
6.425000000000e+02 4.718441743398e-04
6.430000000000e+02 2.453330041280e-04
6.435000000000e+02 1.137770338956e-04
6.440000000000e+02 4.752610228732e-05
6.445000000000e+02 2.093790485945e-05
6.450000000000e+02 1.395759927982e-05
6.455000000000e+02 1.333174260473e-05
6.460000000000e+02 1.339464079844e-05
6.465000000000e+02 1.638731504266e-05
6.470000000000e+02 3.229332366550e-05
6.475000000000e+02 7.820046063111e-05
6.480000000000e+02 1.772216846734e-04
6.485000000000e+02 3.570313419232e-04
6.490000000000e+02 6.480927304824e-04
6.495000000000e+02 1.081669347314e-03
6.500000000000e+02 1.687723959725e-03
6.505000000000e+02 2.492816370659e-03
6.510000000000e+02 3.518112053817e-03
6.515000000000e+02 4.777609632273e-03
6.520000000000e+02 6.276685634153e-03
6.525000000000e+02 8.011040507096e-03
6.530000000000e+02 9.966111169085e-03
6.535000000000e+02 1.211699328080e-02
6.540000000000e+02 1.442889197302e-02
6.545000000000e+02 1.685809409732e-02
6.550000000000e+02 1.935342939871e-02
6.555000000000e+02 2.185816355389e-02
6.560000000000e+02 2.431224394612e-02
6.565000000000e+02 2.665480042331e-02
6.570000000000e+02 2.882678902218e-02
6.575000000000e+02 3.077365745231e-02
6.580000000000e+02 3.244790750556e-02
6.585000000000e+02 3.381143171693e-02
6.590000000000e+02 3.483750951723e-02
6.595000000000e+02 3.551236148077e-02
6.600000000000e+02 3.583617852813e-02
6.605000000000e+02 3.582356530467e-02
6.610000000000e+02 3.550336244110e-02
6.615000000000e+02 3.491783987671e-02
6.620000000000e+02 3.412128165802e-02
6.625000000000e+02 3.317801033710e-02
6.630000000000e+02 3.215992501976e-02
6.635000000000e+02 3.114365006485e-02
6.640000000000e+02 3.020741034143e-02
6.645000000000e+02 2.942776292406e-02
6.650000000000e+02 2.887632347013e-02
6.655000000000e+02 2.861662785307e-02
6.660000000000e+02 2.870126576215e-02
6.665000000000e+02 2.916941304565e-02
6.670000000000e+02 3.004487396050e-02
6.675000000000e+02 3.133472384897e-02
6.680000000000e+02 3.302861796917e-02
6.685000000000e+02 3.509880432963e-02
6.690000000000e+02 3.750084863024e-02
6.695000000000e+02 4.017504909058e-02
6.700000000000e+02 4.304848938562e-02
6.705000000000e+02 4.603765040801e-02
6.710000000000e+02 4.905147735183e-02
6.715000000000e+02 5.199477874021e-02
6.720000000000e+02 5.477181938106e-02
6.725000000000e+02 5.728996048842e-02
6.730000000000e+02 5.946319774620e-02
6.735000000000e+02 6.121545203649e-02
6.740000000000e+02 6.248347774149e-02
6.745000000000e+02 6.321926951800e-02
6.750000000000e+02 6.339186954066e-02
6.755000000000e+02 6.298850249384e-02
6.760000000000e+02 6.201499395806e-02
6.765000000000e+02 6.049545804457e-02
6.770000000000e+02 5.847127086253e-02
6.775000000000e+02 5.599937631607e-02
6.780000000000e+02 5.314999852239e-02
6.785000000000e+02 5.000385961164e-02
6.790000000000e+02 4.664902176090e-02
6.795000000000e+02 4.317748716852e-02
6.800000000000e+02 3.968169867095e-02
6.805000000000e+02 3.625108647644e-02
6.810000000000e+02 3.296880295882e-02
6.815000000000e+02 2.990877781016e-02
6.820000000000e+02 2.713321056349e-02
6.825000000000e+02 2.469059727604e-02
6.830000000000e+02 2.261436394057e-02
6.835000000000e+02 2.092215206869e-02
6.840000000000e+02 1.961577308879e-02
6.845000000000e+02 1.868181901497e-02
6.850000000000e+02 1.809288857126e-02
6.855000000000e+02 1.780936184661e-02
6.860000000000e+02 1.778163375598e-02
6.865000000000e+02 1.795269807627e-02
6.870000000000e+02 1.826096040021e-02
6.875000000000e+02 1.864315055559e-02
6.880000000000e+02 1.903720316445e-02
6.885000000000e+02 1.938497908698e-02
6.890000000000e+02 1.963471025872e-02
6.895000000000e+02 1.974306538173e-02
6.900000000000e+02 1.967675333111e-02
6.905000000000e+02 1.941360405073e-02
6.910000000000e+02 1.894309204754e-02
6.915000000000e+02 1.826629416024e-02
6.920000000000e+02 1.739529983228e-02
6.925000000000e+02 1.635211743620e-02
6.930000000000e+02 1.516714310902e-02
6.935000000000e+02 1.387727802373e-02
6.940000000000e+02 1.252379516615e-02
6.945000000000e+02 1.115006683737e-02
6.950000000000e+02 9.799268829840e-03
6.955000000000e+02 8.512176353007e-03
6.960000000000e+02 7.325160401030e-03
6.965000000000e+02 6.268481703554e-03
6.970000000000e+02 5.364963269214e-03
6.975000000000e+02 4.629102618536e-03
6.980000000000e+02 4.066662081549e-03
6.985000000000e+02 3.674751109000e-03
6.990000000000e+02 3.442389592983e-03
6.995000000000e+02 3.351516914007e-03
7.000000000000e+02 3.378388992555e-03
7.005000000000e+02 3.495286099976e-03
7.010000000000e+02 3.672438512478e-03
7.015000000000e+02 3.880066025065e-03
7.020000000000e+02 4.090421413148e-03
7.025000000000e+02 4.279727427432e-03
7.030000000000e+02 4.429901863718e-03
7.035000000000e+02 4.529975436378e-03
7.040000000000e+02 4.577122124856e-03
7.045000000000e+02 4.577240653685e-03
7.050000000000e+02 4.545047909763e-03
7.055000000000e+02 4.503669345781e-03
7.060000000000e+02 4.483736612302e-03
7.065000000000e+02 4.522027598214e-03
7.070000000000e+02 4.659707544423e-03
7.075000000000e+02 4.940250792596e-03
7.080000000000e+02 5.407140022409e-03
7.085000000000e+02 6.101452661061e-03
7.090000000000e+02 7.059451868822e-03
7.095000000000e+02 8.310301699164e-03
7.100000000000e+02 9.874022543982e-03
7.105000000000e+02 1.175979391049e-02
7.110000000000e+02 1.396469730434e-02
7.115000000000e+02 1.647297312786e-02
7.120000000000e+02 1.925584287354e-02
7.125000000000e+02 2.227192251681e-02
7.130000000000e+02 2.546822603473e-02
7.135000000000e+02 2.878173063144e-02
7.140000000000e+02 3.214144879655e-02
7.145000000000e+02 3.547092798489e-02
7.150000000000e+02 3.869107762686e-02
7.155000000000e+02 4.172320635891e-02
7.160000000000e+02 4.449214061520e-02
7.165000000000e+02 4.692928963372e-02
7.170000000000e+02 4.897552183834e-02
7.175000000000e+02 5.058372352895e-02
7.180000000000e+02 5.172092263265e-02
7.185000000000e+02 5.236987746959e-02
7.190000000000e+02 5.253005234256e-02
7.195000000000e+02 5.221792733448e-02
7.200000000000e+02 5.146661788403e-02
7.205000000000e+02 5.032480927152e-02
7.210000000000e+02 4.885504078150e-02
7.215000000000e+02 4.713140270293e-02
7.220000000000e+02 4.523673521492e-02
7.225000000000e+02 4.325944042558e-02
7.230000000000e+02 4.129003638263e-02
7.235000000000e+02 3.941759395454e-02
7.240000000000e+02 3.772620353411e-02
7.245000000000e+02 3.629161824504e-02
7.250000000000e+02 3.517821372415e-02
7.255000000000e+02 3.443639187132e-02
7.260000000000e+02 3.410053774263e-02
7.265000000000e+02 3.418761579029e-02
7.270000000000e+02 3.469646491876e-02
7.275000000000e+02 3.560782249094e-02
7.280000000000e+02 3.688507675709e-02
7.285000000000e+02 3.847571652929e-02
7.290000000000e+02 4.031341762055e-02
7.295000000000e+02 4.232067888629e-02
7.300000000000e+02 4.441189780713e-02
7.305000000000e+02 4.649675742670e-02
7.310000000000e+02 4.848378388699e-02
7.315000000000e+02 5.028392731931e-02
7.320000000000e+02 5.181401871647e-02
7.325000000000e+02 5.299996161138e-02
7.330000000000e+02 5.377952962574e-02
7.335000000000e+02 5.410465866275e-02
7.340000000000e+02 5.394314490181e-02
7.345000000000e+02 5.327968580074e-02
7.350000000000e+02 5.211622986120e-02
7.355000000000e+02 5.047163069538e-02
7.360000000000e+02 4.838063062791e-02
7.365000000000e+02 4.589222737254e-02
7.370000000000e+02 4.306750299833e-02
7.375000000000e+02 3.997701633436e-02
7.380000000000e+02 3.669787721549e-02
7.385000000000e+02 3.331063282158e-02
7.390000000000e+02 2.989610233249e-02
7.395000000000e+02 2.653229599990e-02
7.400000000000e+02 2.329154859261e-02
7.405000000000e+02 2.023798533718e-02
7.410000000000e+02 1.742542154332e-02
7.415000000000e+02 1.489577588653e-02
7.420000000000e+02 1.267805282441e-02
7.425000000000e+02 1.078792298931e-02
7.430000000000e+02 9.227902863377e-03
7.435000000000e+02 7.988107862860e-03
7.440000000000e+02 7.047527376426e-03
7.445000000000e+02 6.375747468783e-03
7.450000000000e+02 5.935027896502e-03
7.455000000000e+02 5.682625624592e-03
7.460000000000e+02 5.573247798516e-03
7.465000000000e+02 5.561513491285e-03
7.470000000000e+02 5.604305618956e-03
7.475000000000e+02 5.662902047258e-03
7.480000000000e+02 5.704787685020e-03
7.485000000000e+02 5.705066629553e-03
7.490000000000e+02 5.647414340721e-03
7.495000000000e+02 5.524533355994e-03
7.500000000000e+02 5.338101083215e-03
7.505000000000e+02 5.098223520782e-03
7.510000000000e+02 4.822433151243e-03
7.515000000000e+02 4.534291574721e-03
7.520000000000e+02 4.261676639036e-03
7.525000000000e+02 4.034848979930e-03
7.530000000000e+02 3.884403298348e-03
7.535000000000e+02 3.839214888798e-03
7.540000000000e+02 3.924491659422e-03
7.545000000000e+02 4.160036175907e-03
7.550000000000e+02 4.558811400152e-03
7.555000000000e+02 5.125888309218e-03
7.560000000000e+02 5.857834216932e-03
7.565000000000e+02 6.742578311634e-03
7.570000000000e+02 7.759766741753e-03
7.575000000000e+02 8.881594688373e-03
7.580000000000e+02 1.007407846097e-02
7.585000000000e+02 1.129870791669e-02
7.590000000000e+02 1.251439953831e-02
7.595000000000e+02 1.367965428763e-02
7.600000000000e+02 1.475481267968e-02
7.605000000000e+02 1.570429298980e-02
7.610000000000e+02 1.649869745995e-02
7.615000000000e+02 1.711667590475e-02
7.620000000000e+02 1.754644606111e-02
7.625000000000e+02 1.778688495234e-02
7.630000000000e+02 1.784812478593e-02
7.635000000000e+02 1.775160960106e-02
7.640000000000e+02 1.752959399273e-02
7.645000000000e+02 1.722409160400e-02
7.650000000000e+02 1.688530747079e-02
7.655000000000e+02 1.656961349144e-02
7.660000000000e+02 1.633714908419e-02
7.665000000000e+02 1.624914840445e-02
7.670000000000e+02 1.636511038421e-02
7.675000000000e+02 1.673993759082e-02
7.680000000000e+02 1.742117397587e-02
7.685000000000e+02 1.844646974466e-02
7.690000000000e+02 1.984139384533e-02
7.695000000000e+02 2.161770123979e-02
7.700000000000e+02 2.377214372726e-02
7.705000000000e+02 2.628589042412e-02
7.710000000000e+02 2.912459804749e-02
7.715000000000e+02 3.223914304062e-02
7.720000000000e+02 3.556699856439e-02
7.725000000000e+02 3.903421075390e-02
7.730000000000e+02 4.255790169191e-02
7.735000000000e+02 4.604920249917e-02
7.740000000000e+02 4.941649988594e-02
7.745000000000e+02 5.256886437308e-02
7.750000000000e+02 5.541951888654e-02
7.755000000000e+02 5.788920301835e-02
7.760000000000e+02 5.990929112316e-02
7.765000000000e+02 6.142453149670e-02
7.770000000000e+02 6.239528879753e-02
7.775000000000e+02 6.279919200220e-02
7.780000000000e+02 6.263211466940e-02
7.785000000000e+02 6.190844207444e-02
7.790000000000e+02 6.066060965979e-02
7.795000000000e+02 5.893792792648e-02
7.800000000000e+02 5.680473903010e-02
7.805000000000e+02 5.433797862105e-02
7.810000000000e+02 5.162424164867e-02
7.815000000000e+02 4.875647182603e-02
7.820000000000e+02 4.583041031054e-02
7.825000000000e+02 4.294094920190e-02
7.830000000000e+02 4.017853925538e-02
7.835000000000e+02 3.762579859585e-02
7.840000000000e+02 3.535446031679e-02
7.845000000000e+02 3.342278205888e-02
7.850000000000e+02 3.187352064108e-02
7.855000000000e+02 3.073255045326e-02
7.860000000000e+02 3.000817668824e-02
7.865000000000e+02 2.969116481251e-02
7.870000000000e+02 2.975547725279e-02
7.875000000000e+02 3.015967844495e-02
7.880000000000e+02 3.084894145208e-02
7.885000000000e+02 3.175756452541e-02
7.890000000000e+02 3.281188532273e-02
7.895000000000e+02 3.393346489450e-02
7.900000000000e+02 3.504240364756e-02
7.905000000000e+02 3.606064769375e-02
7.910000000000e+02 3.691514640524e-02
7.915000000000e+02 3.754073046977e-02
7.920000000000e+02 3.788259384352e-02
7.925000000000e+02 3.789828205410e-02
7.930000000000e+02 3.755911242299e-02
7.935000000000e+02 3.685097788157e-02
7.940000000000e+02 3.577451395398e-02
7.945000000000e+02 3.434463690343e-02
7.950000000000e+02 3.258948870488e-02
7.955000000000e+02 3.054885017792e-02
7.960000000000e+02 2.827210615059e-02
7.965000000000e+02 2.581586494194e-02
7.970000000000e+02 2.324134795533e-02
7.975000000000e+02 2.061167320593e-02
7.980000000000e+02 1.798915885587e-02
7.985000000000e+02 1.543276926183e-02
7.990000000000e+02 1.299581687695e-02
7.995000000000e+02 1.072401907758e-02
8.000000000000e+02 8.653990318573e-03
8.005000000000e+02 6.812227872215e-03
8.010000000000e+02 5.214624840802e-03
8.015000000000e+02 3.866518325117e-03
8.020000000000e+02 2.763254798671e-03
8.025000000000e+02 1.891230097240e-03
8.030000000000e+02 1.229339134335e-03
8.035000000000e+02 7.507515294493e-04
8.040000000000e+02 4.249146588541e-04
8.045000000000e+02 2.196758727784e-04
8.050000000000e+02 1.034112005619e-04
8.055000000000e+02 4.704896464413e-05
8.060000000000e+02 2.588326169898e-05
8.065000000000e+02 2.108390495915e-05
8.070000000000e+02 2.082557583654e-05
8.075000000000e+02 2.097881284208e-05
8.080000000000e+02 2.532810402373e-05
8.085000000000e+02 4.530664904309e-05
8.090000000000e+02 9.926214408656e-05
8.095000000000e+02 2.112920200871e-04
8.100000000000e+02 4.097087690245e-04
8.105000000000e+02 7.252152495160e-04
8.110000000000e+02 1.188885235634e-03
8.115000000000e+02 1.830055209046e-03
8.120000000000e+02 2.674238960126e-03
8.125000000000e+02 3.741176668437e-03
8.130000000000e+02 5.043124745222e-03
8.135000000000e+02 6.583482069088e-03
8.140000000000e+02 8.355832809089e-03
8.145000000000e+02 1.034346651539e-02
8.150000000000e+02 1.251941346935e-02
8.155000000000e+02 1.484700848172e-02
8.160000000000e+02 1.728097057277e-02
8.165000000000e+02 1.976896047853e-02
8.170000000000e+02 2.225355391428e-02
8.175000000000e+02 2.467454713933e-02
8.180000000000e+02 2.697149364273e-02
8.185000000000e+02 2.908635757824e-02
8.190000000000e+02 3.096616158654e-02
8.195000000000e+02 3.256550428094e-02
8.200000000000e+02 3.384882611475e-02
8.205000000000e+02 3.479231149321e-02
8.210000000000e+02 3.538532948437e-02
8.215000000000e+02 3.563133470815e-02
8.220000000000e+02 3.554817310890e-02
8.225000000000e+02 3.516776332483e-02
8.230000000000e+02 3.453515209903e-02
8.235000000000e+02 3.370697038154e-02
8.240000000000e+02 3.274934417414e-02
8.245000000000e+02 3.173533951476e-02
8.250000000000e+02 3.074204311794e-02
8.255000000000e+02 2.984739805315e-02
8.260000000000e+02 2.912692660470e-02
8.265000000000e+02 2.865047949709e-02
8.270000000000e+02 2.847915161876e-02
8.275000000000e+02 2.866249913964e-02
8.280000000000e+02 2.923618167603e-02
8.285000000000e+02 3.022013636035e-02
8.290000000000e+02 3.161736902874e-02
8.295000000000e+02 3.341342216789e-02
8.300000000000e+02 3.557655086974e-02
8.305000000000e+02 3.805860806311e-02
8.310000000000e+02 4.079661003697e-02
8.315000000000e+02 4.371492406957e-02
8.320000000000e+02 4.672799311977e-02
8.325000000000e+02 4.974348920919e-02
8.330000000000e+02 5.266576836198e-02
8.335000000000e+02 5.539948660949e-02
8.340000000000e+02 5.785322921005e-02
8.345000000000e+02 5.994300421294e-02
8.350000000000e+02 6.159545686848e-02
8.355000000000e+02 6.275067292496e-02
8.360000000000e+02 6.336445606085e-02
8.365000000000e+02 6.340998682686e-02
8.370000000000e+02 6.287879655351e-02
8.375000000000e+02 6.178101857416e-02
8.380000000000e+02 6.014490956017e-02
8.385000000000e+02 5.801566443334e-02
8.390000000000e+02 5.545357787484e-02
8.395000000000e+02 5.253163260397e-02
8.400000000000e+02 4.933261817883e-02
8.405000000000e+02 4.594590305929e-02
8.410000000000e+02 4.246399626243e-02
8.415000000000e+02 3.897904256391e-02
8.420000000000e+02 3.557939655646e-02
8.425000000000e+02 3.234641594491e-02
8.430000000000e+02 2.935160349405e-02
8.435000000000e+02 2.665421057411e-02
8.440000000000e+02 2.429939403289e-02
8.445000000000e+02 2.231699313710e-02
8.450000000000e+02 2.072096569941e-02
8.455000000000e+02 1.950949349050e-02
8.460000000000e+02 1.866573792075e-02
8.465000000000e+02 1.815919906308e-02
8.470000000000e+02 1.794760560519e-02
8.475000000000e+02 1.797924138025e-02
8.480000000000e+02 1.819559667636e-02
8.485000000000e+02 1.853422030353e-02
8.490000000000e+02 1.893164189538e-02
8.495000000000e+02 1.932623337712e-02
8.500000000000e+02 1.966088389779e-02
8.505000000000e+02 1.988537349998e-02
8.510000000000e+02 1.995834681917e-02
8.515000000000e+02 1.984880838519e-02
8.520000000000e+02 1.953708466304e-02
8.525000000000e+02 1.901522370154e-02
8.530000000000e+02 1.828682994972e-02
8.535000000000e+02 1.736635820759e-02
8.540000000000e+02 1.627791558000e-02
8.545000000000e+02 1.505364255804e-02
8.550000000000e+02 1.373176295137e-02
8.555000000000e+02 1.235440650205e-02
8.560000000000e+02 1.096531700721e-02
8.565000000000e+02 9.607562288706e-03
8.570000000000e+02 8.321360251754e-03
8.575000000000e+02 7.142127719027e-03
8.580000000000e+02 6.098846111554e-03
8.585000000000e+02 5.212821007687e-03
8.590000000000e+02 4.496891989118e-03
8.595000000000e+02 3.955125983949e-03
8.600000000000e+02 3.583002665516e-03
8.605000000000e+02 3.368075550631e-03
8.610000000000e+02 3.291068460391e-03
8.615000000000e+02 3.327345111006e-03
8.620000000000e+02 3.448670840868e-03
8.625000000000e+02 3.625170752846e-03
8.630000000000e+02 3.827378564099e-03
8.635000000000e+02 4.028265691595e-03
8.640000000000e+02 4.205140793163e-03
8.645000000000e+02 4.341316105393e-03
8.650000000000e+02 4.427448188128e-03
8.655000000000e+02 4.462476570592e-03
8.660000000000e+02 4.454103548341e-03
8.665000000000e+02 4.418781066994e-03
8.670000000000e+02 4.381195171868e-03
8.675000000000e+02 4.373263731278e-03
8.680000000000e+02 4.432687850622e-03
8.685000000000e+02 4.601120394725e-03
8.690000000000e+02 4.922035214553e-03
8.695000000000e+02 5.438397046377e-03
8.700000000000e+02 6.190243802120e-03
8.705000000000e+02 7.212299500379e-03
8.710000000000e+02 8.531737038947e-03
8.715000000000e+02 1.016620528138e-02
8.720000000000e+02 1.212222468806e-02
8.725000000000e+02 1.439404038934e-02
8.730000000000e+02 1.696300184068e-02
8.735000000000e+02 1.979751489011e-02
8.740000000000e+02 2.285358627608e-02
8.745000000000e+02 2.607595342870e-02
8.750000000000e+02 2.939976521227e-02
8.755000000000e+02 3.275275317670e-02
8.760000000000e+02 3.605780919573e-02
8.765000000000e+02 3.923586517017e-02
8.770000000000e+02 4.220895472977e-02
8.775000000000e+02 4.490332634308e-02
8.780000000000e+02 4.725247247489e-02
8.785000000000e+02 4.919994069174e-02
8.790000000000e+02 5.070179991224e-02
8.795000000000e+02 5.172864806257e-02
8.800000000000e+02 5.226706569379e-02
8.805000000000e+02 5.232044287856e-02
8.810000000000e+02 5.190913294871e-02
8.815000000000e+02 5.106991522216e-02
8.820000000000e+02 4.985477854427e-02
8.825000000000e+02 4.832906692306e-02
8.830000000000e+02 4.656905646355e-02
8.835000000000e+02 4.465905795597e-02
8.840000000000e+02 4.268816071682e-02
8.845000000000e+02 4.074674965992e-02
8.850000000000e+02 3.892293833849e-02
8.855000000000e+02 3.729906534565e-02
8.860000000000e+02 3.594839975906e-02
8.865000000000e+02 3.493219331125e-02
8.870000000000e+02 3.429720299069e-02
8.875000000000e+02 3.407378842015e-02
8.880000000000e+02 3.427466445157e-02
8.885000000000e+02 3.489436199472e-02
8.890000000000e+02 3.590942035091e-02
8.895000000000e+02 3.727930354821e-02
8.900000000000e+02 3.894800271216e-02
8.905000000000e+02 4.084625768233e-02
8.910000000000e+02 4.289430515705e-02
8.915000000000e+02 4.500503874012e-02
8.920000000000e+02 4.708744932471e-02
8.925000000000e+02 4.905020300729e-02
8.930000000000e+02 5.080520865255e-02
8.935000000000e+02 5.227102853276e-02
8.940000000000e+02 5.337599305843e-02
8.945000000000e+02 5.406089414667e-02
8.950000000000e+02 5.428115061780e-02
8.955000000000e+02 5.400836231976e-02
8.960000000000e+02 5.323119640670e-02
8.965000000000e+02 5.195557815084e-02
8.970000000000e+02 5.020418855946e-02
8.975000000000e+02 4.801530058252e-02
8.980000000000e+02 4.544101353146e-02
8.985000000000e+02 4.254497027536e-02
8.990000000000e+02 3.939966275566e-02
8.995000000000e+02 3.608344747275e-02
9.000000000000e+02 3.267740317410e-02
9.005000000000e+02 2.926216759710e-02
9.010000000000e+02 2.591488864069e-02
9.015000000000e+02 2.270641788342e-02
9.020000000000e+02 1.969886132963e-02
9.025000000000e+02 1.694358428784e-02
9.030000000000e+02 1.447974523203e-02
9.035000000000e+02 1.233340840385e-02
9.040000000000e+02 1.051725795064e-02
9.045000000000e+02 9.030908805981e-03
9.050000000000e+02 7.861782568240e-03
9.055000000000e+02 6.986491542327e-03
9.060000000000e+02 6.372652009692e-03
9.065000000000e+02 5.981029664017e-03
9.070000000000e+02 5.767906787487e-03
9.075000000000e+02 5.687552712213e-03
9.080000000000e+02 5.694676729252e-03
9.085000000000e+02 5.746745926817e-03
9.090000000000e+02 5.806059247305e-03
9.095000000000e+02 5.841482884020e-03
9.100000000000e+02 5.829770296744e-03
9.105000000000e+02 5.756411716151e-03
9.110000000000e+02 5.615981982235e-03
9.115000000000e+02 5.411980765974e-03
9.120000000000e+02 5.156184451313e-03
9.125000000000e+02 4.867553004227e-03
9.130000000000e+02 4.570756888321e-03
9.135000000000e+02 4.294407474756e-03
9.140000000000e+02 4.069088575293e-03
9.145000000000e+02 3.925296037951e-03
9.150000000000e+02 3.891396355199e-03
9.155000000000e+02 3.991713767294e-03
9.160000000000e+02 4.244848480050e-03
9.165000000000e+02 4.662316696135e-03
9.170000000000e+02 5.247586759404e-03
9.175000000000e+02 5.995565624554e-03
9.180000000000e+02 6.892567055493e-03
9.185000000000e+02 7.916768522640e-03
9.190000000000e+02 9.039138887103e-03
9.195000000000e+02 1.022479482777e-02
9.200000000000e+02 1.143472175247e-02
9.205000000000e+02 1.262777571582e-02
9.210000000000e+02 1.376286758408e-02
9.215000000000e+02 1.480122010093e-02
9.220000000000e+02 1.570858315466e-02
9.225000000000e+02 1.645729272256e-02
9.230000000000e+02 1.702806470576e-02
9.235000000000e+02 1.741142594107e-02
9.240000000000e+02 1.760870060412e-02
9.245000000000e+02 1.763249028995e-02
9.250000000000e+02 1.750660936236e-02
9.255000000000e+02 1.726546263268e-02
9.260000000000e+02 1.695287888681e-02
9.265000000000e+02 1.662043999205e-02
9.270000000000e+02 1.632537005518e-02
9.275000000000e+02 1.612807119700e-02
9.280000000000e+02 1.608941090165e-02
9.285000000000e+02 1.626787969394e-02
9.290000000000e+02 1.671674640887e-02
9.295000000000e+02 1.748134108960e-02
9.300000000000e+02 1.859659239629e-02
9.305000000000e+02 2.008493740384e-02
9.310000000000e+02 2.195470716264e-02
9.315000000000e+02 2.419907199311e-02
9.320000000000e+02 2.679560701167e-02
9.325000000000e+02 2.970651186560e-02
9.330000000000e+02 3.287949025266e-02
9.335000000000e+02 3.624926578084e-02
9.340000000000e+02 3.973968238132e-02
9.345000000000e+02 4.326631110130e-02
9.350000000000e+02 4.673946186985e-02
9.355000000000e+02 5.006747981090e-02
9.360000000000e+02 5.316019175828e-02
9.365000000000e+02 5.593236045928e-02
9.370000000000e+02 5.830700194646e-02
9.375000000000e+02 6.021842583885e-02
9.380000000000e+02 6.161486875713e-02
9.385000000000e+02 6.246060717897e-02
9.390000000000e+02 6.273745724254e-02
9.395000000000e+02 6.244559432245e-02
9.400000000000e+02 6.160365356074e-02
9.405000000000e+02 6.024810270657e-02
9.410000000000e+02 5.843190928659e-02
9.415000000000e+02 5.622255395536e-02
9.420000000000e+02 5.369946955605e-02
9.425000000000e+02 5.095100974396e-02
9.430000000000e+02 4.807107092312e-02
9.435000000000e+02 4.515550584948e-02
9.440000000000e+02 4.229847592304e-02
9.445000000000e+02 3.958889155170e-02
9.450000000000e+02 3.710708592123e-02
9.455000000000e+02 3.492185723568e-02
9.460000000000e+02 3.308799845778e-02
9.465000000000e+02 3.164441249255e-02
9.470000000000e+02 3.061288555326e-02
9.475000000000e+02 2.999756324027e-02
9.480000000000e+02 2.978514389223e-02
9.485000000000e+02 2.994577335388e-02
9.490000000000e+02 3.043459577531e-02
9.495000000000e+02 3.119388770241e-02
9.500000000000e+02 3.215567872318e-02
9.505000000000e+02 3.324474232945e-02
9.510000000000e+02 3.438182627219e-02
9.515000000000e+02 3.548698312319e-02
9.520000000000e+02 3.648285934305e-02
9.525000000000e+02 3.729780494901e-02
9.530000000000e+02 3.786867565948e-02
9.535000000000e+02 3.814321467779e-02
9.540000000000e+02 3.808192133720e-02
9.545000000000e+02 3.765933772656e-02
9.550000000000e+02 3.686471104652e-02
9.555000000000e+02 3.570201759341e-02
9.560000000000e+02 3.418936265481e-02
9.565000000000e+02 3.235779794839e-02
9.570000000000e+02 3.024962332435e-02
9.575000000000e+02 2.791626117068e-02
9.580000000000e+02 2.541580936350e-02
9.585000000000e+02 2.281039094673e-02
9.590000000000e+02 2.016342550170e-02
9.595000000000e+02 1.753694812620e-02
9.600000000000e+02 1.498909710656e-02
9.605000000000e+02 1.257188102001e-02
9.610000000000e+02 1.032932068386e-02
9.615000000000e+02 8.296041836983e-03
9.620000000000e+02 6.496371646099e-03
9.625000000000e+02 4.943967171664e-03
9.630000000000e+02 3.641977991109e-03
9.635000000000e+02 2.583719487562e-03
9.640000000000e+02 1.753809073861e-03
9.645000000000e+02 1.129695964762e-03
9.650000000000e+02 6.834970375986e-04
9.655000000000e+02 3.840376604568e-04
9.660000000000e+02 1.989877355467e-04
9.665000000000e+02 9.697997979887e-05
9.670000000000e+02 4.959976673331e-05
9.675000000000e+02 3.314354200056e-05
9.680000000000e+02 3.005550580975e-05
9.685000000000e+02 2.996929877891e-05
9.690000000000e+02 3.030199929346e-05
9.695000000000e+02 3.637084016565e-05
9.700000000000e+02 6.102756163484e-05
9.705000000000e+02 1.238300525429e-04
9.710000000000e+02 2.497946972558e-04
9.715000000000e+02 4.677944943472e-04
9.720000000000e+02 8.086864956874e-04
9.725000000000e+02 1.303266532351e-03
9.730000000000e+02 1.980158839013e-03
9.735000000000e+02 2.863752579284e-03
9.740000000000e+02 3.972296176162e-03
9.745000000000e+02 5.316253790744e-03
9.750000000000e+02 6.897016552553e-03
9.755000000000e+02 8.706044758421e-03
9.760000000000e+02 1.072449697623e-02
9.765000000000e+02 1.292337875802e-02
9.770000000000e+02 1.526421856805e-02
9.775000000000e+02 1.770025274613e-02
9.780000000000e+02 2.017807607572e-02
9.785000000000e+02 2.263969100913e-02
9.790000000000e+02 2.502486795226e-02
9.795000000000e+02 2.727371222546e-02
9.800000000000e+02 2.932932123271e-02
9.805000000000e+02 3.114040859517e-02
9.810000000000e+02 3.266377092140e-02
9.815000000000e+02 3.386647759893e-02
9.820000000000e+02 3.472767435154e-02
9.825000000000e+02 3.523990689323e-02
9.830000000000e+02 3.540989116077e-02
9.835000000000e+02 3.525868044799e-02
9.840000000000e+02 3.482120623731e-02
9.845000000000e+02 3.414519744970e-02
9.850000000000e+02 3.328951094930e-02
9.855000000000e+02 3.232193317050e-02
9.860000000000e+02 3.131653744080e-02
9.865000000000e+02 3.035070281321e-02
9.870000000000e+02 2.950191700378e-02
9.875000000000e+02 2.884449755217e-02
9.880000000000e+02 2.844637102244e-02
9.885000000000e+02 2.836604962589e-02
9.890000000000e+02 2.864993804674e-02
9.895000000000e+02 2.933009072444e-02
9.900000000000e+02 3.042252190598e-02
9.905000000000e+02 3.192614818044e-02
9.910000000000e+02 3.382241691561e-02
9.915000000000e+02 3.607564516955e-02
9.920000000000e+02 3.863406350520e-02
9.925000000000e+02 4.143152901460e-02
9.930000000000e+02 4.438984308486e-02
9.935000000000e+02 4.742158328226e-02
9.940000000000e+02 5.043333635104e-02
9.945000000000e+02 5.332920171416e-02
9.950000000000e+02 5.601442281292e-02
9.955000000000e+02 5.839899767020e-02
9.960000000000e+02 6.040112048415e-02
9.965000000000e+02 6.195031284712e-02
9.970000000000e+02 6.299011605078e-02
9.975000000000e+02 6.348023432506e-02
9.980000000000e+02 6.339804196622e-02
9.985000000000e+02 6.273939412924e-02
9.990000000000e+02 6.151871041952e-02
9.995000000000e+02 5.976833103701e-02
1.000000000000e+03 5.753717576523e-02
