# time(fs)  |c_e1|^2/n0  (N=1, n0=1e-1, NVIB=2)
0.000000000000e+00 0.000000000000e+00
5.000000000000e-01 3.321603661398e-07
1.000000000000e+00 5.275476748844e-06
1.500000000000e+00 2.638078986836e-05
2.000000000000e+00 8.195536074092e-05
2.500000000000e+00 1.957194772514e-04
3.000000000000e+00 3.950640091001e-04
3.500000000000e+00 7.090311656853e-04
4.000000000000e+00 1.166155205651e-03
4.500000000000e+00 1.792302886284e-03
5.000000000000e+00 2.608645906055e-03
5.500000000000e+00 3.629881435727e-03
6.000000000000e+00 4.862794658214e-03
6.500000000000e+00 6.305231858555e-03
7.000000000000e+00 7.945526644456e-03
7.500000000000e+00 9.762397393315e-03
8.000000000000e+00 1.172531242059e-02
8.500000000000e+00 1.379530124497e-02
9.000000000000e+00 1.592617565541e-02
9.500000000000e+00 1.806611250244e-02
1.000000000000e+01 2.015954041246e-02
1.050000000000e+01 2.214926403831e-02
1.100000000000e+01 2.397875128832e-02
1.150000000000e+01 2.559450077955e-02
1.200000000000e+01 2.694839858626e-02
1.250000000000e+01 2.799996569288e-02
1.300000000000e+01 2.871839147324e-02
1.350000000000e+01 2.908424538658e-02
1.400000000000e+01 2.909076060944e-02
1.450000000000e+01 2.874459121925e-02
1.500000000000e+01 2.806596029535e-02
1.550000000000e+01 2.708814085316e-02
1.600000000000e+01 2.585624498371e-02
1.650000000000e+01 2.442533793184e-02
1.700000000000e+01 2.285794085776e-02
1.750000000000e+01 2.122103516214e-02
1.800000000000e+01 1.958272791576e-02
1.850000000000e+01 1.800877686917e-02
1.900000000000e+01 1.655919943510e-02
1.950000000000e+01 1.528519836770e-02
2.000000000000e+01 1.422662456422e-02
2.050000000000e+01 1.341016364167e-02
2.100000000000e+01 1.284837948824e-02
2.150000000000e+01 1.253967934486e-02
2.200000000000e+01 1.246918791109e-02
2.250000000000e+01 1.261044077449e-02
2.300000000000e+01 1.292773876033e-02
2.350000000000e+01 1.337895238354e-02
2.400000000000e+01 1.391853520067e-02
2.450000000000e+01 1.450049945315e-02
2.500000000000e+01 1.508112667788e-02
2.550000000000e+01 1.562122661576e-02
2.600000000000e+01 1.608781400218e-02
2.650000000000e+01 1.645513741727e-02
2.700000000000e+01 1.670505962974e-02
2.750000000000e+01 1.682684776109e-02
2.800000000000e+01 1.681647852376e-02
2.850000000000e+01 1.667559512754e-02
2.900000000000e+01 1.641026670980e-02
2.950000000000e+01 1.602969882836e-02
3.000000000000e+01 1.554502681946e-02
3.050000000000e+01 1.496829597184e-02
3.100000000000e+01 1.431169745854e-02
3.150000000000e+01 1.358709091796e-02
3.200000000000e+01 1.280580738587e-02
3.250000000000e+01 1.197869335120e-02
3.300000000000e+01 1.111633077032e-02
3.350000000000e+01 1.022935088134e-02
3.400000000000e+01 9.328752771929e-03
3.450000000000e+01 8.426141218158e-03
3.500000000000e+01 7.533811862508e-03
3.550000000000e+01 6.664634098879e-03
3.600000000000e+01 5.831711070617e-03
3.650000000000e+01 5.047829247294e-03
3.700000000000e+01 4.324743824743e-03
3.750000000000e+01 3.672376977784e-03
3.800000000000e+01 3.098029950608e-03
3.850000000000e+01 2.605723543082e-03
3.900000000000e+01 2.195781901570e-03
3.950000000000e+01 1.864760028157e-03
4.000000000000e+01 1.605786095775e-03
4.050000000000e+01 1.409347429381e-03
4.100000000000e+01 1.264497769621e-03
4.150000000000e+01 1.160408751170e-03
4.200000000000e+01 1.088137078736e-03
4.250000000000e+01 1.042437592224e-03
4.300000000000e+01 1.023427440187e-03
4.350000000000e+01 1.037902341694e-03
4.400000000000e+01 1.100124300470e-03
4.450000000000e+01 1.231940101295e-03
4.500000000000e+01 1.462147562645e-03
4.550000000000e+01 1.825095603778e-03
4.600000000000e+01 2.358577049858e-03
4.650000000000e+01 3.101141775043e-03
4.700000000000e+01 4.089015090178e-03
4.750000000000e+01 5.352846731237e-03
4.800000000000e+01 6.914536160626e-03
4.850000000000e+01 8.784379326809e-03
4.900000000000e+01 1.095876192400e-02
4.950000000000e+01 1.341858761115e-02
5.000000000000e+01 1.612858076326e-02
5.050000000000e+01 1.903754666711e-02
5.100000000000e+01 2.207961204279e-02
5.150000000000e+01 2.517640924508e-02
5.200000000000e+01 2.824011153272e-02
5.250000000000e+01 3.117717675173e-02
5.300000000000e+01 3.389261429623e-02
5.350000000000e+01 3.629455649592e-02
5.400000000000e+01 3.829889157672e-02
5.450000000000e+01 3.983370196271e-02
5.500000000000e+01 4.084324985961e-02
5.550000000000e+01 4.129126284489e-02
5.600000000000e+01 4.116329654207e-02
5.650000000000e+01 4.046799015394e-02
5.700000000000e+01 3.923708380849e-02
5.750000000000e+01 3.752413360113e-02
5.800000000000e+01 3.540193882293e-02
5.850000000000e+01 3.295878250558e-02
5.900000000000e+01 3.029367570785e-02
5.950000000000e+01 2.751088095076e-02
6.000000000000e+01 2.471406269233e-02
6.050000000000e+01 2.200046411329e-02
6.100000000000e+01 1.945553175053e-02
6.150000000000e+01 1.714839650384e-02
6.200000000000e+01 1.512856819076e-02
6.250000000000e+01 1.342411220904e-02
6.300000000000e+01 1.204145675896e-02
6.350000000000e+01 1.096683787285e-02
6.400000000000e+01 1.016924129128e-02
6.450000000000e+01 9.604561237024e-03
6.500000000000e+01 9.220582525349e-03
6.550000000000e+01 8.962317966649e-03
6.600000000000e+01 8.777206898517e-03
6.650000000000e+01 8.619706161381e-03
6.700000000000e+01 8.454878571782e-03
6.750000000000e+01 8.260696586097e-03
6.800000000000e+01 8.028916426183e-03
6.850000000000e+01 7.764524026607e-03
6.900000000000e+01 7.483892252668e-03
6.950000000000e+01 7.211904524467e-03
7.000000000000e+01 6.978382684133e-03
7.050000000000e+01 6.814200805666e-03
7.100000000000e+01 6.747470722134e-03
7.150000000000e+01 6.800152727068e-03
7.200000000000e+01 6.985382906218e-03
7.250000000000e+01 7.305725626033e-03
7.300000000000e+01 7.752465367299e-03
7.350000000000e+01 8.305955547240e-03
7.400000000000e+01 8.936951292747e-03
7.450000000000e+01 9.608774796080e-03
7.500000000000e+01 1.028010059269e-02
7.550000000000e+01 1.090810682304e-02
7.600000000000e+01 1.145171868610e-02
7.650000000000e+01 1.187467195415e-02
7.700000000000e+01 1.214814659899e-02
7.750000000000e+01 1.225276130956e-02
7.800000000000e+01 1.217977613467e-02
7.850000000000e+01 1.193141896770e-02
7.900000000000e+01 1.152032754765e-02
7.950000000000e+01 1.096817668857e-02
8.000000000000e+01 1.030363446804e-02
8.050000000000e+01 9.559854578330e-03
8.100000000000e+01 8.771758500240e-03
8.150000000000e+01 7.973384841800e-03
8.200000000000e+01 7.195579848033e-03
8.250000000000e+01 6.464270812195e-03
8.300000000000e+01 5.799504027808e-03
8.350000000000e+01 5.215345539887e-03
8.400000000000e+01 4.720644188817e-03
8.450000000000e+01 4.320552941405e-03
8.500000000000e+01 4.018608505950e-03
8.550000000000e+01 3.819092967901e-03
8.600000000000e+01 3.729355107997e-03
8.650000000000e+01 3.761760183088e-03
8.700000000000e+01 3.934967608729e-03
8.750000000000e+01 4.274303372388e-03
8.800000000000e+01 4.811090470395e-03
8.850000000000e+01 5.580914800183e-03
8.900000000000e+01 6.620922299007e-03
8.950000000000e+01 7.966352133211e-03
9.000000000000e+01 9.646598554855e-03
9.050000000000e+01 1.168115198708e-02
9.100000000000e+01 1.407579327080e-02
9.150000000000e+01 1.681940325078e-02
9.200000000000e+01 1.988170610415e-02
9.250000000000e+01 2.321219494283e-02
9.300000000000e+01 2.674039983101e-02
9.350000000000e+01 3.037755968952e-02
9.400000000000e+01 3.401965847401e-02
9.450000000000e+01 3.755168948540e-02
9.500000000000e+01 4.085292534042e-02
9.550000000000e+01 4.380289930359e-02
9.600000000000e+01 4.628774943399e-02
9.650000000000e+01 4.820654245500e-02
9.700000000000e+01 4.947718081459e-02
9.750000000000e+01 5.004150496017e-02
9.800000000000e+01 4.986923385765e-02
9.850000000000e+01 4.896044032701e-02
9.900000000000e+01 4.734633303143e-02
9.950000000000e+01 4.508821232137e-02
1.000000000000e+02 4.227457941901e-02
1.005000000000e+02 3.901650271954e-02
1.010000000000e+02 3.544147428765e-02
1.015000000000e+02 3.168611493674e-02
1.020000000000e+02 2.788819682056e-02
1.025000000000e+02 2.417853652312e-02
1.030000000000e+02 2.067335772079e-02
1.035000000000e+02 1.746772085455e-02
1.040000000000e+02 1.463056167748e-02
1.045000000000e+02 1.220176992925e-02
1.050000000000e+02 1.019157900407e-02
1.055000000000e+02 8.582339378682e-03
1.060000000000e+02 7.332531035720e-03
1.065000000000e+02 6.382655914705e-03
1.070000000000e+02 5.662465061330e-03
1.075000000000e+02 5.098839498299e-03
1.080000000000e+02 4.623576655625e-03
1.085000000000e+02 4.180345171139e-03
1.090000000000e+02 3.730159898649e-03
1.095000000000e+02 3.254885881874e-03
1.100000000000e+02 2.758486096125e-03
1.105000000000e+02 2.265958315942e-03
1.110000000000e+02 1.820134746137e-03
1.115000000000e+02 1.476718892183e-03
1.120000000000e+02 1.298087313776e-03
1.125000000000e+02 1.346476370841e-03
1.130000000000e+02 1.677200949781e-03
1.135000000000e+02 2.332516384071e-03
1.140000000000e+02 3.336645697705e-03
1.145000000000e+02 4.692365614763e-03
1.150000000000e+02 6.379392286441e-03
1.155000000000e+02 8.354647195930e-03
1.160000000000e+02 1.055432935835e-02
1.165000000000e+02 1.289758316905e-02
1.170000000000e+02 1.529144034005e-02
1.175000000000e+02 1.763663435624e-02
1.180000000000e+02 1.983383909255e-02
1.185000000000e+02 2.178986967849e-02
1.190000000000e+02 2.342340170062e-02
1.195000000000e+02 2.466981153435e-02
1.200000000000e+02 2.548481223164e-02
1.205000000000e+02 2.584665142517e-02
1.210000000000e+02 2.575674491837e-02
1.215000000000e+02 2.523873591291e-02
1.220000000000e+02 2.433608820860e-02
1.225000000000e+02 2.310843432835e-02
1.230000000000e+02 2.162699786635e-02
1.235000000000e+02 1.996948476044e-02
1.240000000000e+02 1.821488260012e-02
1.245000000000e+02 1.643861407126e-02
1.250000000000e+02 1.470845653270e-02
1.255000000000e+02 1.308156464063e-02
1.260000000000e+02 1.160282154519e-02
1.265000000000e+02 1.030460588310e-02
1.270000000000e+02 9.207910192343e-03
1.275000000000e+02 8.324598030828e-03
1.280000000000e+02 7.660459476620e-03
1.285000000000e+02 7.218633865833e-03
1.290000000000e+02 7.002926756478e-03
1.295000000000e+02 7.020561498171e-03
1.300000000000e+02 7.283973697449e-03
1.305000000000e+02 7.811371461309e-03
1.310000000000e+02 8.625931680534e-03
1.315000000000e+02 9.753664884094e-03
1.320000000000e+02 1.122013902458e-02
1.325000000000e+02 1.304638794179e-02
1.330000000000e+02 1.524442876949e-02
1.335000000000e+02 1.781286504437e-02
1.340000000000e+02 2.073305542748e-02
1.345000000000e+02 2.396628411086e-02
1.350000000000e+02 2.745228513811e-02
1.355000000000e+02 3.110935921661e-02
1.360000000000e+02 3.483618995346e-02
1.365000000000e+02 3.851532873829e-02
1.370000000000e+02 4.201818467950e-02
1.375000000000e+02 4.521123723496e-02
1.380000000000e+02 4.796309157295e-02
1.385000000000e+02 5.015192526384e-02
1.390000000000e+02 5.167283278434e-02
1.395000000000e+02 5.244456323933e-02
1.400000000000e+02 5.241516704056e-02
1.405000000000e+02 5.156611860290e-02
1.410000000000e+02 4.991456291331e-02
1.415000000000e+02 4.751344161450e-02
1.420000000000e+02 4.444938515555e-02
1.425000000000e+02 4.083840609421e-02
1.430000000000e+02 3.681958723519e-02
1.435000000000e+02 3.254711721924e-02
1.440000000000e+02 2.818117364455e-02
1.445000000000e+02 2.387827639264e-02
1.450000000000e+02 1.978181761208e-02
1.455000000000e+02 1.601350675085e-02
1.460000000000e+02 1.266643892409e-02
1.465000000000e+02 9.800397421490e-03
1.470000000000e+02 7.439837662883e-03
1.475000000000e+02 5.574779803164e-03
1.480000000000e+02 4.164578065205e-03
1.485000000000e+02 3.144261569783e-03
1.490000000000e+02 2.432883486117e-03
1.495000000000e+02 1.943103382616e-03
1.500000000000e+02 1.591089068696e-03
1.505000000000e+02 1.305778735978e-03
1.510000000000e+02 1.036600490120e-03
1.515000000000e+02 7.589001422966e-04
1.520000000000e+02 4.765623806590e-04
1.525000000000e+02 2.215977080912e-04
1.530000000000e+02 5.077393291250e-05
1.535000000000e+02 3.966121543475e-05
1.540000000000e+02 2.747019463579e-04
1.545000000000e+02 8.440870284082e-04
1.550000000000e+02 1.828304746847e-03
1.555000000000e+02 3.291224785879e-03
1.560000000000e+02 5.272495739310e-03
1.565000000000e+02 7.781885226407e-03
1.570000000000e+02 1.079599798404e-02
1.575000000000e+02 1.425759120892e-02
1.580000000000e+02 1.807748914858e-02
1.585000000000e+02 2.213889845460e-02
1.590000000000e+02 2.630375575283e-02
1.595000000000e+02 3.042060824700e-02
1.600000000000e+02 3.433344142229e-02
1.605000000000e+02 3.789082602327e-02
1.610000000000e+02 4.095475747327e-02
1.615000000000e+02 4.340860112401e-02
1.620000000000e+02 4.516363126264e-02
1.625000000000e+02 4.616375515881e-02
1.630000000000e+02 4.638813959774e-02
1.635000000000e+02 4.585159981973e-02
1.640000000000e+02 4.460276238292e-02
1.645000000000e+02 4.272016616471e-02
1.650000000000e+02 4.030661047491e-02
1.655000000000e+02 3.748218626319e-02
1.660000000000e+02 3.437652543744e-02
1.665000000000e+02 3.112086460871e-02
1.670000000000e+02 2.784053494678e-02
1.675000000000e+02 2.464845398112e-02
1.680000000000e+02 2.164010708565e-02
1.685000000000e+02 1.889037030923e-02
1.690000000000e+02 1.645235225157e-02
1.695000000000e+02 1.435823639879e-02
1.700000000000e+02 1.262190657910e-02
1.705000000000e+02 1.124295887694e-02
1.710000000000e+02 1.021156467457e-02
1.715000000000e+02 9.513568887750e-03
1.720000000000e+02 9.135195835643e-03
1.725000000000e+02 9.066794981101e-03
1.730000000000e+02 9.305183336943e-03
1.735000000000e+02 9.854315648752e-03
1.740000000000e+02 1.072421627571e-02
1.745000000000e+02 1.192831355476e-02
1.750000000000e+02 1.347950418074e-02
1.755000000000e+02 1.538542112209e-02
1.760000000000e+02 1.764346921353e-02
1.765000000000e+02 2.023622062059e-02
1.770000000000e+02 2.312772830705e-02
1.775000000000e+02 2.626122658986e-02
1.780000000000e+02 2.955855605307e-02
1.785000000000e+02 3.292149066664e-02
1.790000000000e+02 3.623497405540e-02
1.795000000000e+02 3.937210466735e-02
1.800000000000e+02 4.220055926824e-02
1.805000000000e+02 4.459002092883e-02
1.810000000000e+02 4.642008872376e-02
1.815000000000e+02 4.758809594254e-02
1.820000000000e+02 4.801625354918e-02
1.825000000000e+02 4.765756563170e-02
1.830000000000e+02 4.650003169912e-02
1.835000000000e+02 4.456875363447e-02
1.840000000000e+02 4.192569817729e-02
1.845000000000e+02 3.866702284086e-02
1.850000000000e+02 3.491804634125e-02
1.855000000000e+02 3.082612417613e-02
1.860000000000e+02 2.655186422323e-02
1.865000000000e+02 2.225927267413e-02
1.870000000000e+02 1.810554268825e-02
1.875000000000e+02 1.423127228871e-02
1.880000000000e+02 1.075191133131e-02
1.885000000000e+02 7.751180592902e-03
1.890000000000e+02 5.277075650636e-03
1.895000000000e+02 3.340868328208e-03
1.900000000000e+02 1.919261874562e-03
1.905000000000e+02 9.595642128009e-04
1.910000000000e+02 3.874453172475e-04
1.915000000000e+02 1.165731704818e-04
1.920000000000e+02 5.921106359961e-05
1.925000000000e+02 1.367358492746e-04
1.930000000000e+02 2.890213785043e-04
1.935000000000e+02 4.817300815486e-04
1.940000000000e+02 7.107601780245e-04
1.945000000000e+02 1.003383996949e-03
1.950000000000e+02 1.415950986666e-03
1.955000000000e+02 2.028377593947e-03
1.960000000000e+02 2.935965223709e-03
1.965000000000e+02 4.239342077467e-03
1.970000000000e+02 6.033489664827e-03
1.975000000000e+02 8.396877473436e-03
1.980000000000e+02 1.138168994304e-02
1.985000000000e+02 1.500600034515e-02
1.990000000000e+02 1.924854690171e-02
1.995000000000e+02 2.404652284886e-02
2.000000000000e+02 2.929653075252e-02
2.005000000000e+02 3.485859666380e-02
2.010000000000e+02 4.056291186796e-02
2.015000000000e+02 4.621878354813e-02
2.020000000000e+02 5.162513955302e-02
2.025000000000e+02 5.658185009866e-02
2.030000000000e+02 6.090110008867e-02
2.035000000000e+02 6.441806608733e-02
2.040000000000e+02 6.700021636135e-02
2.045000000000e+02 6.855465424746e-02
2.050000000000e+02 6.903305748501e-02
2.055000000000e+02 6.843392194001e-02
2.060000000000e+02 6.680198987343e-02
2.065000000000e+02 6.422492265499e-02
2.070000000000e+02 6.082745685747e-02
2.075000000000e+02 5.676345122757e-02
2.080000000000e+02 5.220637946347e-02
2.085000000000e+02 4.733893880151e-02
2.090000000000e+02 4.234251615945e-02
2.095000000000e+02 3.738727247910e-02
2.100000000000e+02 3.262356533662e-02
2.105000000000e+02 2.817532769963e-02
2.110000000000e+02 2.413586055471e-02
2.115000000000e+02 2.056628926873e-02
2.120000000000e+02 1.749669485564e-02
2.125000000000e+02 1.492968412523e-02
2.130000000000e+02 1.284593273708e-02
2.135000000000e+02 1.121104839954e-02
2.140000000000e+02 9.982980559425e-03
2.145000000000e+02 9.119163806820e-03
2.150000000000e+02 8.582631281236e-03
2.155000000000e+02 8.346467099153e-03
2.160000000000e+02 8.396168010019e-03
2.165000000000e+02 8.729730192149e-03
2.170000000000e+02 9.355537972080e-03
2.175000000000e+02 1.028837670363e-02
2.180000000000e+02 1.154409444309e-02
2.185000000000e+02 1.313357532885e-02
2.190000000000e+02 1.505674947198e-02
2.195000000000e+02 1.729734725187e-02
2.200000000000e+02 1.981901675907e-02
2.205000000000e+02 2.256327570255e-02
2.210000000000e+02 2.544958206816e-02
2.215000000000e+02 2.837760187057e-02
2.220000000000e+02 3.123154766737e-02
2.225000000000e+02 3.388627578482e-02
2.230000000000e+02 3.621467737607e-02
2.235000000000e+02 3.809578817383e-02
2.240000000000e+02 3.942297952693e-02
2.245000000000e+02 4.011158073092e-02
2.250000000000e+02 4.010531832837e-02
2.255000000000e+02 3.938103818539e-02
2.260000000000e+02 3.795129500009e-02
2.265000000000e+02 3.586454433981e-02
2.270000000000e+02 3.320284571254e-02
2.275000000000e+02 3.007717169962e-02
2.280000000000e+02 2.662060646448e-02
2.285000000000e+02 2.297989436007e-02
2.290000000000e+02 1.930595218120e-02
2.295000000000e+02 1.574407270707e-02
2.300000000000e+02 1.242460915426e-02
2.305000000000e+02 9.454928771618e-03
2.310000000000e+02 6.913351852980e-03
2.315000000000e+02 4.845648591557e-03
2.320000000000e+02 3.264456565082e-03
2.325000000000e+02 2.151720635434e-03
2.330000000000e+02 1.463967164780e-03
2.335000000000e+02 1.139934658061e-03
2.340000000000e+02 1.109825752253e-03
2.345000000000e+02 1.305252825827e-03
2.350000000000e+02 1.668848137319e-03
2.355000000000e+02 2.162516444216e-03
2.360000000000e+02 2.773427680435e-03
2.365000000000e+02 3.517069240958e-03
2.370000000000e+02 4.436977879891e-03
2.375000000000e+02 5.601115746058e-03
2.380000000000e+02 7.095203531853e-03
2.385000000000e+02 9.013635994621e-03
2.390000000000e+02 1.144884680129e-02
2.395000000000e+02 1.448013646591e-02
2.400000000000e+02 1.816301761011e-02
2.405000000000e+02 2.252006767850e-02
2.410000000000e+02 2.753412412626e-02
2.415000000000e+02 3.314443317495e-02
2.420000000000e+02 3.924609762894e-02
2.425000000000e+02 4.569288991979e-02
2.430000000000e+02 5.230322916339e-02
2.435000000000e+02 5.886888636718e-02
2.440000000000e+02 6.516579487734e-02
2.445000000000e+02 7.096621228340e-02
2.450000000000e+02 7.605140827665e-02
2.455000000000e+02 8.022403892098e-02
2.460000000000e+02 8.331940671148e-02
2.465000000000e+02 8.521489104387e-02
2.470000000000e+02 8.583695769274e-02
2.475000000000e+02 8.516531058716e-02
2.480000000000e+02 8.323392661406e-02
2.485000000000e+02 8.012890609941e-02
2.490000000000e+02 7.598326956052e-02
2.495000000000e+02 7.096902596623e-02
2.500000000000e+02 6.528701895581e-02
2.505000000000e+02 5.915521412104e-02
2.510000000000e+02 5.279621081828e-02
2.515000000000e+02 4.642483446546e-02
2.520000000000e+02 4.023667965455e-02
2.525000000000e+02 3.439842323500e-02
2.530000000000e+02 2.904060697075e-02
2.535000000000e+02 2.425340462959e-02
2.540000000000e+02 2.008564882691e-02
2.545000000000e+02 1.654711644165e-02
2.550000000000e+02 1.361378231203e-02
2.555000000000e+02 1.123547806136e-02
2.560000000000e+02 9.345166389242e-03
2.565000000000e+02 7.868888367646e-03
2.570000000000e+02 6.735382717530e-03
2.575000000000e+02 5.884421861532e-03
2.580000000000e+02 5.273057305822e-03
2.585000000000e+02 4.879201215482e-03
2.590000000000e+02 4.702265275205e-03
2.595000000000e+02 4.760897733276e-03
2.600000000000e+02 5.088167666639e-03
2.605000000000e+02 5.724807045691e-03
2.610000000000e+02 6.711308198934e-03
2.615000000000e+02 8.079769282132e-03
2.620000000000e+02 9.846377867764e-03
2.625000000000e+02 1.200532908349e-02
2.630000000000e+02 1.452480591126e-02
2.635000000000e+02 1.734542813110e-02
2.640000000000e+02 2.038132894969e-02
2.645000000000e+02 2.352377032290e-02
2.650000000000e+02 2.664698210677e-02
2.655000000000e+02 2.961572425489e-02
2.660000000000e+02 3.229393738537e-02
2.665000000000e+02 3.455377137962e-02
2.670000000000e+02 3.628426530120e-02
2.675000000000e+02 3.739899165402e-02
2.680000000000e+02 3.784206752541e-02
2.685000000000e+02 3.759206604526e-02
2.690000000000e+02 3.666352394713e-02
2.695000000000e+02 3.510592411113e-02
2.700000000000e+02 3.300022435159e-02
2.705000000000e+02 3.045319341470e-02
2.710000000000e+02 2.758998980630e-02
2.715000000000e+02 2.454556606570e-02
2.720000000000e+02 2.145558822193e-02
2.725000000000e+02 1.844761628012e-02
2.730000000000e+02 1.563328791891e-02
2.735000000000e+02 1.310217903755e-02
2.740000000000e+02 1.091788144962e-02
2.745000000000e+02 9.116646299783e-03
2.750000000000e+02 7.708705098904e-03
2.755000000000e+02 6.682118813409e-03
2.760000000000e+02 6.008744817389e-03
2.765000000000e+02 5.651680271880e-03
2.770000000000e+02 5.573366720717e-03
2.775000000000e+02 5.743448050849e-03
2.780000000000e+02 6.145477897854e-03
2.785000000000e+02 6.781677330195e-03
2.790000000000e+02 7.675140819549e-03
2.795000000000e+02 8.869157497564e-03
2.800000000000e+02 1.042362516097e-02
2.805000000000e+02 1.240885043017e-02
2.810000000000e+02 1.489731322525e-02
2.815000000000e+02 1.795419518714e-02
2.820000000000e+02 2.162760639508e-02
2.825000000000e+02 2.593948080813e-02
2.830000000000e+02 3.087804863129e-02
2.835000000000e+02 3.639264486626e-02
2.840000000000e+02 4.239139793320e-02
2.845000000000e+02 4.874208587829e-02
2.850000000000e+02 5.527617733306e-02
2.855000000000e+02 6.179581522292e-02
2.860000000000e+02 6.808327425628e-02
2.865000000000e+02 7.391224363275e-02
2.870000000000e+02 7.906016346911e-02
2.875000000000e+02 8.332078049200e-02
2.880000000000e+02 8.651608436727e-02
2.885000000000e+02 8.850683596309e-02
2.890000000000e+02 8.920099570996e-02
2.895000000000e+02 8.855949609589e-02
2.900000000000e+02 8.659896830990e-02
2.905000000000e+02 8.339122055669e-02
2.910000000000e+02 7.905946562508e-02
2.915000000000e+02 7.377149891357e-02
2.920000000000e+02 6.773022563367e-02
2.925000000000e+02 6.116211701190e-02
2.930000000000e+02 5.430432878666e-02
2.935000000000e+02 4.739132947443e-02
2.940000000000e+02 4.064194921232e-02
2.945000000000e+02 3.424776222519e-02
2.950000000000e+02 2.836364970010e-02
2.955000000000e+02 2.310125213721e-02
2.960000000000e+02 1.852581442862e-02
2.965000000000e+02 1.465666369898e-02
2.970000000000e+02 1.147125798324e-02
2.975000000000e+02 8.912428909012e-03
2.980000000000e+02 6.898144713136e-03
2.985000000000e+02 5.332873953676e-03
2.990000000000e+02 4.119465630439e-03
2.995000000000e+02 3.170401517070e-03
3.000000000000e+02 2.417333669117e-03
3.005000000000e+02 1.817992691248e-03
3.010000000000e+02 1.359824116593e-03
3.015000000000e+02 1.060051643661e-03
3.020000000000e+02 9.622380358259e-04
3.025000000000e+02 1.129774187292e-03
3.030000000000e+02 1.637033201794e-03
3.035000000000e+02 2.559146018385e-03
3.040000000000e+02 3.961466875327e-03
3.045000000000e+02 5.889793668645e-03
3.050000000000e+02 8.362297153284e-03
3.055000000000e+02 1.136391299533e-02
3.060000000000e+02 1.484368934662e-02
3.065000000000e+02 1.871529114222e-02
3.070000000000e+02 2.286057173490e-02
3.075000000000e+02 2.713585986121e-02
3.080000000000e+02 3.138039610988e-02
3.085000000000e+02 3.542620150082e-02
3.090000000000e+02 3.910857754345e-02
3.095000000000e+02 4.227642182077e-02
3.100000000000e+02 4.480159023905e-02
3.105000000000e+02 4.658663752043e-02
3.110000000000e+02 4.757041013807e-02
3.115000000000e+02 4.773113853791e-02
3.120000000000e+02 4.708686582561e-02
3.125000000000e+02 4.569324603265e-02
3.130000000000e+02 4.363893489287e-02
3.135000000000e+02 4.103896861259e-02
3.140000000000e+02 3.802667066672e-02
3.145000000000e+02 3.474473335307e-02
3.150000000000e+02 3.133618094746e-02
3.155000000000e+02 2.793592805994e-02
3.160000000000e+02 2.466359631714e-02
3.165000000000e+02 2.161814477949e-02
3.170000000000e+02 1.887470949390e-02
3.175000000000e+02 1.648384566186e-02
3.180000000000e+02 1.447313802294e-02
3.185000000000e+02 1.285091185091e-02
3.190000000000e+02 1.161156215721e-02
3.195000000000e+02 1.074184646477e-02
3.200000000000e+02 1.022737848073e-02
3.205000000000e+02 1.005853192529e-02
3.210000000000e+02 1.023502283105e-02
3.215000000000e+02 1.076858157372e-02
3.220000000000e+02 1.168333877234e-02
3.225000000000e+02 1.301380864381e-02
3.230000000000e+02 1.480062958807e-02
3.235000000000e+02 1.708448236691e-02
3.240000000000e+02 1.989882090733e-02
3.245000000000e+02 2.326219526667e-02
3.250000000000e+02 2.717100565650e-02
3.255000000000e+02 3.159349643952e-02
3.260000000000e+02 3.646568616968e-02
3.265000000000e+02 4.168974958812e-02
3.270000000000e+02 4.713514181833e-02
3.275000000000e+02 5.264250857013e-02
3.280000000000e+02 5.803018350895e-02
3.285000000000e+02 6.310285651735e-02
3.290000000000e+02 6.766182113353e-02
3.295000000000e+02 7.151608683976e-02
3.300000000000e+02 7.449357741849e-02
3.305000000000e+02 7.645163035658e-02
3.310000000000e+02 7.728606038678e-02
3.315000000000e+02 7.693814614665e-02
3.320000000000e+02 7.539903405682e-02
3.325000000000e+02 7.271121889131e-02
3.330000000000e+02 6.896694646143e-02
3.335000000000e+02 6.430358091289e-02
3.340000000000e+02 5.889617763542e-02
3.345000000000e+02 5.294769276015e-02
3.350000000000e+02 4.667743125514e-02
3.355000000000e+02 4.030847680959e-02
3.360000000000e+02 3.405494684106e-02
3.365000000000e+02 2.810996424647e-02
3.370000000000e+02 2.263522458816e-02
3.375000000000e+02 1.775295668425e-02
3.380000000000e+02 1.354092403824e-02
3.385000000000e+02 1.003089822189e-02
3.390000000000e+02 7.210764620075e-03
3.395000000000e+02 5.030114958122e-03
3.400000000000e+02 3.408866044389e-03
3.405000000000e+02 2.248151475655e-03
3.410000000000e+02 1.442495822523e-03
3.415000000000e+02 8.921296727816e-04
3.420000000000e+02 5.142622698240e-04
3.425000000000e+02 2.522083337246e-04
3.430000000000e+02 8.146449662928e-05
3.435000000000e+02 1.213079222738e-05
3.440000000000e+02 8.744213421015e-05
3.445000000000e+02 3.785720770366e-04
3.450000000000e+02 9.762505213210e-04
3.455000000000e+02 1.980054827439e-03
3.460000000000e+02 3.486454907750e-03
3.465000000000e+02 5.576795284776e-03
3.470000000000e+02 8.306374440168e-03
3.475000000000e+02 1.169564311082e-02
3.480000000000e+02 1.572431063353e-02
3.485000000000e+02 2.032885302435e-02
3.490000000000e+02 2.540359317960e-02
3.495000000000e+02 3.080520651876e-02
3.500000000000e+02 3.636022388489e-02
3.505000000000e+02 4.187487939307e-02
3.510000000000e+02 4.714649751128e-02
3.515000000000e+02 5.197553576655e-02
3.520000000000e+02 5.617739478235e-02
3.525000000000e+02 5.959316800658e-02
3.530000000000e+02 6.209861808082e-02
3.535000000000e+02 6.361082217603e-02
3.540000000000e+02 6.409211116709e-02
3.545000000000e+02 6.355112420823e-02
3.550000000000e+02 6.204099908778e-02
3.555000000000e+02 5.965490884327e-02
3.560000000000e+02 5.651932672267e-02
3.565000000000e+02 5.278554591467e-02
3.570000000000e+02 4.862008955928e-02
3.575000000000e+02 4.419471347488e-02
3.580000000000e+02 3.967672318506e-02
3.585000000000e+02 3.522029458175e-02
3.590000000000e+02 3.095940306206e-02
3.595000000000e+02 2.700283200056e-02
3.600000000000e+02 2.343155511760e-02
3.605000000000e+02 2.029858052780e-02
3.610000000000e+02 1.763112338791e-02
3.615000000000e+02 1.543475906002e-02
3.620000000000e+02 1.369902131125e-02
3.625000000000e+02 1.240377145042e-02
3.630000000000e+02 1.152559215802e-02
3.635000000000e+02 1.104346554287e-02
3.640000000000e+02 1.094308157060e-02
3.645000000000e+02 1.121928358758e-02
3.650000000000e+02 1.187637575461e-02
3.655000000000e+02 1.292626842790e-02
3.660000000000e+02 1.438469267024e-02
3.665000000000e+02 1.626594401169e-02
3.670000000000e+02 1.857679147112e-02
3.675000000000e+02 2.131029077961e-02
3.680000000000e+02 2.444026035905e-02
3.685000000000e+02 2.791711496964e-02
3.690000000000e+02 3.166561511611e-02
3.695000000000e+02 3.558489818862e-02
3.700000000000e+02 3.955093280920e-02
3.705000000000e+02 4.342130547862e-02
3.710000000000e+02 4.704203149107e-02
3.715000000000e+02 5.025589946153e-02
3.720000000000e+02 5.291172452711e-02
3.725000000000e+02 5.487380727258e-02
3.730000000000e+02 5.603087588085e-02
3.735000000000e+02 5.630382536128e-02
3.740000000000e+02 5.565165364190e-02
3.745000000000e+02 5.407512128678e-02
3.750000000000e+02 5.161781951402e-02
3.755000000000e+02 4.836450961542e-02
3.760000000000e+02 4.443678520956e-02
3.765000000000e+02 3.998629649195e-02
3.770000000000e+02 3.518595248579e-02
3.775000000000e+02 3.021967285877e-02
3.780000000000e+02 2.527138492139e-02
3.785000000000e+02 2.051404387753e-02
3.790000000000e+02 1.609948610460e-02
3.795000000000e+02 1.214989859717e-02
3.800000000000e+02 8.751598131796e-03
3.805000000000e+02 5.951660845499e-03
3.810000000000e+02 3.757732050114e-03
3.815000000000e+02 2.141089144283e-03
3.820000000000e+02 1.042746196373e-03
3.825000000000e+02 3.821020935790e-04
3.830000000000e+02 6.737424744413e-05
3.835000000000e+02 6.857006135060e-06
3.840000000000e+02 1.199256537606e-04
3.845000000000e+02 3.466935241663e-04
3.850000000000e+02 6.553307001398e-04
3.855000000000e+02 1.046263701489e-03
3.860000000000e+02 1.552777799666e-03
3.865000000000e+02 2.237905587070e-03
3.870000000000e+02 3.187866604063e-03
3.875000000000e+02 4.502679059694e-03
3.880000000000e+02 6.284854612387e-03
3.885000000000e+02 8.627278068350e-03
3.890000000000e+02 1.160144614706e-02
3.895000000000e+02 1.524718897489e-02
3.900000000000e+02 1.956483571028e-02
3.905000000000e+02 2.451053527833e-02
3.910000000000e+02 2.999513662392e-02
3.915000000000e+02 3.588670556815e-02
3.920000000000e+02 4.201644124505e-02
3.925000000000e+02 4.818748277694e-02
3.930000000000e+02 5.418588693739e-02
3.935000000000e+02 5.979292179539e-02
3.940000000000e+02 6.479776272419e-02
3.945000000000e+02 6.900969159500e-02
3.950000000000e+02 7.226897789896e-02
3.955000000000e+02 7.445574921488e-02
3.960000000000e+02 7.549632378926e-02
3.965000000000e+02 7.536666597533e-02
3.970000000000e+02 7.409282299813e-02
3.975000000000e+02 7.174839757327e-02
3.980000000000e+02 6.844929553640e-02
3.985000000000e+02 6.434615249381e-02
3.990000000000e+02 5.961498133769e-02
3.995000000000e+02 5.444668690843e-02
4.000000000000e+02 4.903615948012e-02
4.005000000000e+02 4.357168035259e-02
4.010000000000e+02 3.822534717270e-02
4.015000000000e+02 3.314515216866e-02
4.020000000000e+02 2.844922454428e-02
4.025000000000e+02 2.422258368887e-02
4.030000000000e+02 2.051655174779e-02
4.035000000000e+02 1.735075600675e-02
4.040000000000e+02 1.471743104399e-02
4.045000000000e+02 1.258752809490e-02
4.050000000000e+02 1.091797578887e-02
4.055000000000e+02 9.659331865778e-03
4.060000000000e+02 8.763034532076e-03
4.065000000000e+02 8.187512367129e-03
4.070000000000e+02 7.902541463793e-03
4.075000000000e+02 7.891436133594e-03
4.080000000000e+02 8.150904186381e-03
4.085000000000e+02 8.688661820574e-03
4.090000000000e+02 9.519155623362e-03
4.095000000000e+02 1.065795023050e-02
4.100000000000e+02 1.211548529797e-02
4.105000000000e+02 1.389096874386e-02
4.110000000000e+02 1.596714959427e-02
4.115000000000e+02 1.830660901160e-02
4.120000000000e+02 2.085003754412e-02
4.125000000000e+02 2.351675244238e-02
4.130000000000e+02 2.620747654411e-02
4.135000000000e+02 2.880917503380e-02
4.140000000000e+02 3.120155041260e-02
4.145000000000e+02 3.326464600645e-02
4.150000000000e+02 3.488691460421e-02
4.155000000000e+02 3.597307514179e-02
4.160000000000e+02 3.645110486964e-02
4.165000000000e+02 3.627779070414e-02
4.170000000000e+02 3.544238203666e-02
4.175000000000e+02 3.396803698124e-02
4.180000000000e+02 3.191092307260e-02
4.185000000000e+02 2.935701015886e-02
4.190000000000e+02 2.641676653859e-02
4.195000000000e+02 2.321812888146e-02
4.200000000000e+02 1.989825249616e-02
4.205000000000e+02 1.659465212838e-02
4.210000000000e+02 1.343640670002e-02
4.215000000000e+02 1.053611746014e-02
4.220000000000e+02 7.983273080436e-03
4.225000000000e+02 5.839585171903e-03
4.230000000000e+02 4.136715199235e-03
4.235000000000e+02 2.876625132704e-03
4.240000000000e+02 2.034561030772e-03
4.245000000000e+02 1.564438066430e-03
4.250000000000e+02 1.406158860462e-03
4.255000000000e+02 1.494188866178e-03
4.260000000000e+02 1.766557764711e-03
4.265000000000e+02 2.173376261475e-03
4.270000000000e+02 2.683968764399e-03
4.275000000000e+02 3.291830101174e-03
4.280000000000e+02 4.016813032748e-03
4.285000000000e+02 4.904225133801e-03
4.290000000000e+02 6.020830367339e-03
4.295000000000e+02 7.448076834416e-03
4.300000000000e+02 9.273169725331e-03
4.305000000000e+02 1.157884229168e-02
4.310000000000e+02 1.443282055782e-02
4.315000000000e+02 1.787801407139e-02
4.320000000000e+02 2.192439355616e-02
4.325000000000e+02 2.654334841233e-02
4.330000000000e+02 3.166507521909e-02
4.335000000000e+02 3.717926236635e-02
4.340000000000e+02 4.293903799159e-02
4.345000000000e+02 4.876786904254e-02
4.350000000000e+02 5.446886372660e-02
4.355000000000e+02 5.983575552306e-02
4.360000000000e+02 6.466474355134e-02
4.365000000000e+02 6.876633264387e-02
4.370000000000e+02 7.197635162934e-02
4.375000000000e+02 7.416541989621e-02
4.380000000000e+02 7.524626745223e-02
4.385000000000e+02 7.517847863427e-02
4.390000000000e+02 7.397041100271e-02
4.395000000000e+02 7.167822687838e-02
4.400000000000e+02 6.840215526972e-02
4.405000000000e+02 6.428026823439e-02
4.410000000000e+02 5.948020118805e-02
4.415000000000e+02 5.418936564632e-02
4.420000000000e+02 4.860429042550e-02
4.425000000000e+02 4.291977908982e-02
4.430000000000e+02 3.731858361255e-02
4.435000000000e+02 3.196226389527e-02
4.440000000000e+02 2.698382839050e-02
4.445000000000e+02 2.248263333489e-02
4.450000000000e+02 1.852186067595e-02
4.455000000000e+02 1.512870522283e-02
4.460000000000e+02 1.229719154862e-02
4.465000000000e+02 9.993326499190e-03
4.470000000000e+02 8.162092790988e-03
4.475000000000e+02 6.735623557352e-03
4.480000000000e+02 5.641786450012e-03
4.485000000000e+02 4.812364960447e-03
4.490000000000e+02 4.190063422406e-03
4.495000000000e+02 3.733681385641e-03
4.500000000000e+02 3.420993450984e-03
4.505000000000e+02 3.249113327232e-03
4.510000000000e+02 3.232389195224e-03
4.515000000000e+02 3.398140492825e-03
4.520000000000e+02 3.780772972834e-03
4.525000000000e+02 4.414972779021e-03
4.530000000000e+02 5.328763053463e-03
4.535000000000e+02 6.537200711613e-03
4.540000000000e+02 8.037400434180e-03
4.545000000000e+02 9.805411929095e-03
4.550000000000e+02 1.179526707213e-02
4.555000000000e+02 1.394028178339e-02
4.560000000000e+02 1.615646982381e-02
4.565000000000e+02 1.834772550577e-02
4.570000000000e+02 2.041227741377e-02
4.575000000000e+02 2.224981665584e-02
4.580000000000e+02 2.376866490868e-02
4.585000000000e+02 2.489236732837e-02
4.590000000000e+02 2.556516615452e-02
4.595000000000e+02 2.575592212361e-02
4.600000000000e+02 2.546019052567e-02
4.605000000000e+02 2.470031440525e-02
4.610000000000e+02 2.352355704255e-02
4.615000000000e+02 2.199844864145e-02
4.620000000000e+02 2.020965855595e-02
4.625000000000e+02 1.825181631498e-02
4.630000000000e+02 1.622278538840e-02
4.635000000000e+02 1.421693766598e-02
4.640000000000e+02 1.231898013340e-02
4.645000000000e+02 1.059884613540e-02
4.650000000000e+02 9.108082183643e-03
4.655000000000e+02 7.878040593026e-03
4.660000000000e+02 6.920034808858e-03
4.665000000000e+02 6.227438304726e-03
4.670000000000e+02 5.779523160404e-03
4.675000000000e+02 5.546657575797e-03
4.680000000000e+02 5.496330998445e-03
4.685000000000e+02 5.599369297719e-03
4.690000000000e+02 5.835655926121e-03
4.695000000000e+02 6.198698534057e-03
4.700000000000e+02 6.698476980667e-03
4.705000000000e+02 7.362172299022e-03
4.710000000000e+02 8.232592139985e-03
4.715000000000e+02 9.364354006766e-03
4.720000000000e+02 1.081813544097e-02
4.725000000000e+02 1.265352101168e-02
4.730000000000e+02 1.492114279459e-02
4.735000000000e+02 1.765490383576e-02
4.740000000000e+02 2.086508210399e-02
4.745000000000e+02 2.453303563890e-02
4.750000000000e+02 2.860807854523e-02
4.755000000000e+02 3.300689129420e-02
4.760000000000e+02 3.761559202160e-02
4.765000000000e+02 4.229435457566e-02
4.770000000000e+02 4.688423858390e-02
4.775000000000e+02 5.121571677522e-02
4.780000000000e+02 5.511825876929e-02
4.785000000000e+02 5.843026496371e-02
4.790000000000e+02 6.100863874823e-02
4.795000000000e+02 6.273733434960e-02
4.800000000000e+02 6.353431156921e-02
4.805000000000e+02 6.335645591057e-02
4.810000000000e+02 6.220217092987e-02
4.815000000000e+02 6.011150769474e-02
4.820000000000e+02 5.716385392487e-02
4.825000000000e+02 5.347335455063e-02
4.830000000000e+02 4.918236947973e-02
4.835000000000e+02 4.445338823246e-02
4.840000000000e+02 3.945991066001e-02
4.845000000000e+02 3.437686480802e-02
4.850000000000e+02 2.937116400657e-02
4.855000000000e+02 2.459300278868e-02
4.860000000000e+02 2.016845314098e-02
4.865000000000e+02 1.619384781472e-02
4.870000000000e+02 1.273232668125e-02
4.875000000000e+02 9.812778625510e-03
4.880000000000e+02 7.431241681041e-03
4.885000000000e+02 5.554638129488e-03
4.890000000000e+02 4.126532759029e-03
4.895000000000e+02 3.074427998503e-03
4.900000000000e+02 2.317967200555e-03
4.905000000000e+02 1.777324329611e-03
4.910000000000e+02 1.381028946249e-03
4.915000000000e+02 1.072518170630e-03
4.920000000000e+02 8.148229106543e-04
4.925000000000e+02 5.929757015807e-04
4.930000000000e+02 4.139548079631e-04
4.935000000000e+02 3.042294114461e-04
4.940000000000e+02 3.052152487322e-04
4.945000000000e+02 4.671603154125e-04
4.950000000000e+02 8.421315887127e-04
4.955000000000e+02 1.476849177641e-03
4.960000000000e+02 2.406106976527e-03
4.965000000000e+02 3.647432640998e-03
4.970000000000e+02 5.197488135556e-03
4.975000000000e+02 7.030516076662e-03
4.980000000000e+02 9.098921288087e-03
4.985000000000e+02 1.133586625736e-02
4.990000000000e+02 1.365957530189e-02
4.995000000000e+02 1.597890156758e-02
5.000000000000e+02 1.819962317614e-02
5.005000000000e+02 2.023090282292e-02
5.010000000000e+02 2.199136585197e-02
5.015000000000e+02 2.341431768368e-02
5.020000000000e+02 2.445172190211e-02
5.025000000000e+02 2.507668346305e-02
5.030000000000e+02 2.528431548336e-02
5.035000000000e+02 2.509100202641e-02
5.040000000000e+02 2.453219376719e-02
5.045000000000e+02 2.365898079648e-02
5.050000000000e+02 2.253377114378e-02
5.055000000000e+02 2.122546062711e-02
5.060000000000e+02 1.980450658084e-02
5.065000000000e+02 1.833831352899e-02
5.070000000000e+02 1.688730313165e-02
5.075000000000e+02 1.550197550540e-02
5.080000000000e+02 1.422117795831e-02
5.085000000000e+02 1.307168596910e-02
5.090000000000e+02 1.206907770928e-02
5.095000000000e+02 1.121975735899e-02
5.100000000000e+02 1.052386521619e-02
5.105000000000e+02 9.978716097128e-03
5.110000000000e+02 9.582343152154e-03
5.115000000000e+02 9.336701295378e-03
5.120000000000e+02 9.250108699318e-03
5.125000000000e+02 9.338577046811e-03
5.130000000000e+02 9.625796539636e-03
5.135000000000e+02 1.014168931911e-02
5.140000000000e+02 1.091960930822e-02
5.145000000000e+02 1.199242872293e-02
5.150000000000e+02 1.338789204265e-02
5.155000000000e+02 1.512371956944e-02
5.160000000000e+02 1.720299187911e-02
5.165000000000e+02 1.961033712901e-02
5.170000000000e+02 2.230937638037e-02
5.175000000000e+02 2.524176614103e-02
5.180000000000e+02 2.832802630119e-02
5.185000000000e+02 3.147017328542e-02
5.190000000000e+02 3.455601122672e-02
5.195000000000e+02 3.746478559193e-02
5.200000000000e+02 4.007378748434e-02
5.205000000000e+02 4.226542176979e-02
5.210000000000e+02 4.393422175631e-02
5.215000000000e+02 4.499330618830e-02
5.220000000000e+02 4.537982564239e-02
5.225000000000e+02 4.505902722925e-02
5.230000000000e+02 4.402666973862e-02
5.235000000000e+02 4.230963675609e-02
5.240000000000e+02 3.996471437100e-02
5.245000000000e+02 3.707561562653e-02
5.250000000000e+02 3.374844010425e-02
5.255000000000e+02 3.010584953435e-02
5.260000000000e+02 2.628031580197e-02
5.265000000000e+02 2.240685357469e-02
5.270000000000e+02 1.861568389971e-02
5.275000000000e+02 1.502528564766e-02
5.280000000000e+02 1.173627692194e-02
5.285000000000e+02 8.826527339572e-03
5.290000000000e+02 6.347833963642e-03
5.295000000000e+02 4.324399586190e-03
5.300000000000e+02 2.753234900005e-03
5.305000000000e+02 1.606471200627e-03
5.310000000000e+02 8.354257532152e-04
5.315000000000e+02 3.761186413550e-04
5.320000000000e+02 1.558106875347e-04
5.325000000000e+02 1.000307473307e-04
5.330000000000e+02 1.395004743004e-04
5.335000000000e+02 2.163559975673e-04
5.340000000000e+02 2.891146504758e-04
5.345000000000e+02 3.359404544082e-04
5.350000000000e+02 3.559168824075e-04
5.355000000000e+02 3.682249762763e-04
5.360000000000e+02 4.093291525340e-04
5.365000000000e+02 5.284689913885e-04
5.370000000000e+02 7.819201536049e-04
5.375000000000e+02 1.226602062962e-03
5.380000000000e+02 1.913661315351e-03
5.385000000000e+02 2.882643395306e-03
5.390000000000e+02 4.156785421831e-03
5.395000000000e+02 5.739831339039e-03
5.400000000000e+02 7.614605907245e-03
5.405000000000e+02 9.743405552564e-03
5.410000000000e+02 1.207009287226e-02
5.415000000000e+02 1.452363480381e-02
5.420000000000e+02 1.702271481054e-02
5.425000000000e+02 1.948098392918e-02
5.430000000000e+02 2.181249547479e-02
5.435000000000e+02 2.393689010102e-02
5.440000000000e+02 2.578395455732e-02
5.445000000000e+02 2.729725955443e-02
5.450000000000e+02 2.843667949626e-02
5.455000000000e+02 2.917969968468e-02
5.460000000000e+02 2.952151632611e-02
5.465000000000e+02 2.947402426389e-02
5.470000000000e+02 2.906386159535e-02
5.475000000000e+02 2.832973574122e-02
5.480000000000e+02 2.731929012132e-02
5.485000000000e+02 2.608578382302e-02
5.490000000000e+02 2.468484897920e-02
5.495000000000e+02 2.317156355923e-02
5.500000000000e+02 2.159803334242e-02
5.505000000000e+02 2.001161931297e-02
5.510000000000e+02 1.845387979293e-02
5.515000000000e+02 1.696022534658e-02
5.520000000000e+02 1.556021455027e-02
5.525000000000e+02 1.427835622545e-02
5.530000000000e+02 1.313523472188e-02
5.535000000000e+02 1.214874470009e-02
5.540000000000e+02 1.133521463457e-02
5.545000000000e+02 1.071021593010e-02
5.550000000000e+02 1.028889649171e-02
5.555000000000e+02 1.008574027865e-02
5.560000000000e+02 1.011373145043e-02
5.565000000000e+02 1.038298454415e-02
5.570000000000e+02 1.089898077274e-02
5.575000000000e+02 1.166061505271e-02
5.580000000000e+02 1.265830022688e-02
5.585000000000e+02 1.387238828927e-02
5.590000000000e+02 1.527215101415e-02
5.595000000000e+02 1.681551601129e-02
5.600000000000e+02 1.844968430128e-02
5.605000000000e+02 2.011267040315e-02
5.610000000000e+02 2.173571555768e-02
5.615000000000e+02 2.324643920953e-02
5.620000000000e+02 2.457252214164e-02
5.625000000000e+02 2.564566340145e-02
5.630000000000e+02 2.640552624859e-02
5.635000000000e+02 2.680338666871e-02
5.640000000000e+02 2.680521986154e-02
5.645000000000e+02 2.639400173534e-02
5.650000000000e+02 2.557105886853e-02
5.655000000000e+02 2.435636613472e-02
5.660000000000e+02 2.278776092660e-02
5.665000000000e+02 2.091911195441e-02
5.670000000000e+02 1.881754508514e-02
5.675000000000e+02 1.655988567293e-02
5.680000000000e+02 1.422852412691e-02
5.685000000000e+02 1.190694747728e-02
5.690000000000e+02 9.675203191003e-03
5.695000000000e+02 7.605571418831e-03
5.700000000000e+02 5.758717287227e-03
5.705000000000e+02 4.180574962170e-03
5.710000000000e+02 2.900179509745e-03
5.715000000000e+02 1.928611113721e-03
5.720000000000e+02 1.259149962030e-03
5.725000000000e+02 8.686613658425e-04
5.730000000000e+02 7.201432692973e-04
5.735000000000e+02 7.662778197231e-04
5.740000000000e+02 9.537422473226e-04
5.745000000000e+02 1.227960228701e-03
5.750000000000e+02 1.537921794681e-03
5.755000000000e+02 1.840675536852e-03
5.760000000000e+02 2.105107204983e-03
5.765000000000e+02 2.314666347028e-03
5.770000000000e+02 2.468785843634e-03
5.775000000000e+02 2.582851823445e-03
5.780000000000e+02 2.686713041700e-03
5.785000000000e+02 2.821855610947e-03
5.790000000000e+02 3.037495743619e-03
5.795000000000e+02 3.385945249546e-03
5.800000000000e+02 3.917670051466e-03
5.805000000000e+02 4.676483641454e-03
5.810000000000e+02 5.695293545514e-03
5.815000000000e+02 6.992753634741e-03
5.820000000000e+02 8.571077684679e-03
5.825000000000e+02 1.041515254674e-02
5.830000000000e+02 1.249296676452e-02
5.835000000000e+02 1.475725595546e-02
5.840000000000e+02 1.714817100545e-02
5.845000000000e+02 1.959670680701e-02
5.850000000000e+02 2.202859160896e-02
5.855000000000e+02 2.436832987040e-02
5.860000000000e+02 2.654311139840e-02
5.865000000000e+02 2.848634082765e-02
5.870000000000e+02 3.014059722103e-02
5.875000000000e+02 3.145989664529e-02
5.880000000000e+02 3.241119439721e-02
5.885000000000e+02 3.297512271379e-02
5.890000000000e+02 3.314601025656e-02
5.895000000000e+02 3.293126887104e-02
5.900000000000e+02 3.235025994905e-02
5.905000000000e+02 3.143276716527e-02
5.910000000000e+02 3.021720542210e-02
5.915000000000e+02 2.874868914922e-02
5.920000000000e+02 2.707706876581e-02
5.925000000000e+02 2.525502446715e-02
5.930000000000e+02 2.333628395490e-02
5.935000000000e+02 2.137400762897e-02
5.940000000000e+02 1.941936323692e-02
5.945000000000e+02 1.752029385058e-02
5.950000000000e+02 1.572046968808e-02
5.955000000000e+02 1.405840656118e-02
5.960000000000e+02 1.256673182102e-02
5.965000000000e+02 1.127158214318e-02
5.970000000000e+02 1.019212524373e-02
5.975000000000e+02 9.340207980404e-03
5.980000000000e+02 8.720144235710e-03
5.985000000000e+02 8.328665315082e-03
5.990000000000e+02 8.155061313500e-03
5.995000000000e+02 8.181542456161e-03
6.000000000000e+02 8.383843979763e-03
6.005000000000e+02 8.732086750408e-03
6.010000000000e+02 9.191889490863e-03
6.015000000000e+02 9.725708965424e-03
6.020000000000e+02 1.029436406767e-02
6.025000000000e+02 1.085868094399e-02
6.030000000000e+02 1.138118139212e-02
6.035000000000e+02 1.182772759340e-02
6.040000000000e+02 1.216903383676e-02
6.045000000000e+02 1.238196048757e-02
6.050000000000e+02 1.245051648329e-02
6.055000000000e+02 1.236651288476e-02
6.060000000000e+02 1.212982987479e-02
6.065000000000e+02 1.174828132221e-02
6.070000000000e+02 1.123708296354e-02
6.075000000000e+02 1.061795100462e-02
6.080000000000e+02 9.917876484072e-03
6.085000000000e+02 9.167636420625e-03
6.090000000000e+02 8.400115266439e-03
6.095000000000e+02 7.648519423305e-03
6.100000000000e+02 6.944573576211e-03
6.105000000000e+02 6.316790395629e-03
6.110000000000e+02 5.788904710398e-03
6.115000000000e+02 5.378559384909e-03
6.120000000000e+02 5.096322542645e-03
6.125000000000e+02 4.945104092954e-03
6.130000000000e+02 4.920023382381e-03
6.135000000000e+02 5.008759019448e-03
6.140000000000e+02 5.192386646447e-03
6.145000000000e+02 5.446681269433e-03
6.150000000000e+02 5.743828940620e-03
6.155000000000e+02 6.054460021665e-03
6.160000000000e+02 6.349885512817e-03
6.165000000000e+02 6.604392069418e-03
6.170000000000e+02 6.797433638643e-03
6.175000000000e+02 6.915551233674e-03
6.180000000000e+02 6.953859652543e-03
6.185000000000e+02 6.916962203561e-03
6.190000000000e+02 6.819191384428e-03
6.195000000000e+02 6.684122803438e-03
6.200000000000e+02 6.543367431651e-03
6.205000000000e+02 6.434708040178e-03
6.210000000000e+02 6.399703037315e-03
6.215000000000e+02 6.480928475280e-03
6.220000000000e+02 6.719061245660e-03
6.225000000000e+02 7.150019670695e-03
6.230000000000e+02 7.802370412495e-03
6.235000000000e+02 8.695184036659e-03
6.240000000000e+02 9.836479221646e-03
6.245000000000e+02 1.122234284901e-02
6.250000000000e+02 1.283675637500e-02
6.255000000000e+02 1.465210427572e-02
6.260000000000e+02 1.663029346158e-02
6.265000000000e+02 1.872437728919e-02
6.270000000000e+02 2.088055622563e-02
6.275000000000e+02 2.304041945907e-02
6.280000000000e+02 2.514329627563e-02
6.285000000000e+02 2.712860007331e-02
6.290000000000e+02 2.893806805512e-02
6.295000000000e+02 3.051782237085e-02
6.300000000000e+02 3.182020058940e-02
6.305000000000e+02 3.280532234575e-02
6.310000000000e+02 3.344237320843e-02
6.315000000000e+02 3.371059558137e-02
6.320000000000e+02 3.359998002532e-02
6.325000000000e+02 3.311164976838e-02
6.330000000000e+02 3.225792801132e-02
6.335000000000e+02 3.106207385317e-02
6.340000000000e+02 2.955767046612e-02
6.345000000000e+02 2.778765048498e-02
6.350000000000e+02 2.580295014448e-02
6.355000000000e+02 2.366079655597e-02
6.360000000000e+02 2.142265192736e-02
6.365000000000e+02 1.915186378980e-02
6.370000000000e+02 1.691109964156e-02
6.375000000000e+02 1.475967505351e-02
6.380000000000e+02 1.275091254489e-02
6.385000000000e+02 1.092969024258e-02
6.390000000000e+02 9.330350240095e-03
6.395000000000e+02 7.975133024855e-03
6.400000000000e+02 6.873283907311e-03
6.405000000000e+02 6.020939481254e-03
6.410000000000e+02 5.401848449335e-03
6.415000000000e+02 4.988915725345e-03
6.420000000000e+02 4.746487764788e-03
6.425000000000e+02 4.633228237906e-03
6.430000000000e+02 4.605374575629e-03
6.435000000000e+02 4.620125018333e-03
6.440000000000e+02 4.638888138793e-03
6.445000000000e+02 4.630135179314e-03
6.450000000000e+02 4.571629445542e-03
6.455000000000e+02 4.451862709423e-03
6.460000000000e+02 4.270599705387e-03
6.465000000000e+02 4.038510283440e-03
6.470000000000e+02 3.775946053897e-03
6.475000000000e+02 3.510986578518e-03
6.480000000000e+02 3.276933174374e-03
6.485000000000e+02 3.109462358112e-03
6.490000000000e+02 3.043664536282e-03
6.495000000000e+02 3.111187734951e-03
6.500000000000e+02 3.337683788662e-03
6.505000000000e+02 3.740719492128e-03
6.510000000000e+02 4.328272275203e-03
6.515000000000e+02 5.097883404474e-03
6.520000000000e+02 6.036495397081e-03
6.525000000000e+02 7.120957274865e-03
6.530000000000e+02 8.319143589273e-03
6.535000000000e+02 9.591602043854e-03
6.540000000000e+02 1.089362054184e-02
6.545000000000e+02 1.217758762096e-02
6.550000000000e+02 1.339551021170e-02
6.555000000000e+02 1.450154911111e-02
6.560000000000e+02 1.545443511987e-02
6.565000000000e+02 1.621963720114e-02
6.570000000000e+02 1.677116806206e-02
6.575000000000e+02 1.709293204214e-02
6.580000000000e+02 1.717954477315e-02
6.585000000000e+02 1.703658313255e-02
6.590000000000e+02 1.668025649995e-02
6.595000000000e+02 1.613652467979e-02
6.600000000000e+02 1.543972196689e-02
6.605000000000e+02 1.463077816204e-02
6.610000000000e+02 1.375515311767e-02
6.615000000000e+02 1.286061891951e-02
6.620000000000e+02 1.199503090030e-02
6.625000000000e+02 1.120422401764e-02
6.630000000000e+02 1.053015462884e-02
6.635000000000e+02 1.000938067668e-02
6.640000000000e+02 9.671938464792e-03
6.645000000000e+02 9.540635370920e-03
6.650000000000e+02 9.630739497628e-03
6.655000000000e+02 9.950013884826e-03
6.660000000000e+02 1.049901839752e-02
6.665000000000e+02 1.127158942271e-02
6.670000000000e+02 1.225540715412e-02
6.675000000000e+02 1.343257189628e-02
6.680000000000e+02 1.478013226714e-02
6.685000000000e+02 1.627053604281e-02
6.690000000000e+02 1.787200458240e-02
6.695000000000e+02 1.954886016489e-02
6.700000000000e+02 2.126185845178e-02
6.705000000000e+02 2.296859282576e-02
6.710000000000e+02 2.462404183254e-02
6.715000000000e+02 2.618132482664e-02
6.720000000000e+02 2.759271479892e-02
6.725000000000e+02 2.881093276550e-02
6.730000000000e+02 2.979071730322e-02
6.735000000000e+02 3.049062855366e-02
6.740000000000e+02 3.087501129906e-02
6.745000000000e+02 3.091600960380e-02
6.750000000000e+02 3.059549903612e-02
6.755000000000e+02 2.990678439800e-02
6.760000000000e+02 2.885590368415e-02
6.765000000000e+02 2.746238458980e-02
6.770000000000e+02 2.575931966680e-02
6.775000000000e+02 2.379266056966e-02
6.780000000000e+02 2.161968013172e-02
6.785000000000e+02 1.930661126925e-02
6.790000000000e+02 1.692554046713e-02
6.795000000000e+02 1.455070584684e-02
6.800000000000e+02 1.225441914196e-02
6.805000000000e+02 1.010288987337e-02
6.810000000000e+02 8.152270812731e-03
6.815000000000e+02 6.445259188623e-03
6.820000000000e+02 5.008572385916e-03
6.825000000000e+02 3.851567273180e-03
6.830000000000e+02 2.966189656578e-03
6.835000000000e+02 2.328329916657e-03
6.840000000000e+02 1.900532191632e-03
6.845000000000e+02 1.635870640137e-03
6.850000000000e+02 1.482682599110e-03
6.855000000000e+02 1.389750191418e-03
6.860000000000e+02 1.311462307678e-03
6.865000000000e+02 1.212476754915e-03
6.870000000000e+02 1.071440746501e-03
6.875000000000e+02 8.834133190316e-04
6.880000000000e+02 6.607561172682e-04
6.885000000000e+02 4.324050299907e-04
6.890000000000e+02 2.415875891948e-04
6.895000000000e+02 1.421929916278e-04
6.900000000000e+02 1.941184393021e-04
6.905000000000e+02 4.579966289078e-04
6.910000000000e+02 9.897490732157e-04
6.915000000000e+02 1.835408077777e-03
6.920000000000e+02 3.026610701106e-03
6.925000000000e+02 4.577098300653e-03
6.930000000000e+02 6.480464622791e-03
6.935000000000e+02 8.709293646964e-03
6.940000000000e+02 1.121572467967e-02
6.945000000000e+02 1.393338419110e-02
6.950000000000e+02 1.678053737172e-02
6.955000000000e+02 1.966424121489e-02
6.960000000000e+02 2.248522723071e-02
6.965000000000e+02 2.514320647157e-02
6.970000000000e+02 2.754227226023e-02
6.975000000000e+02 2.959607625069e-02
6.980000000000e+02 3.123247030380e-02
6.985000000000e+02 3.239733916216e-02
6.990000000000e+02 3.305739593261e-02
6.995000000000e+02 3.320177254213e-02
7.000000000000e+02 3.284230872093e-02
7.005000000000e+02 3.201252296647e-02
7.010000000000e+02 3.076533360360e-02
7.015000000000e+02 2.916968261149e-02
7.020000000000e+02 2.730629334463e-02
7.025000000000e+02 2.526285899338e-02
7.030000000000e+02 2.312900478318e-02
7.035000000000e+02 2.099138743842e-02
7.040000000000e+02 1.892928593944e-02
7.045000000000e+02 1.701099633574e-02
7.050000000000e+02 1.529127198332e-02
7.055000000000e+02 1.380995442263e-02
7.060000000000e+02 1.259182809309e-02
7.065000000000e+02 1.164761578959e-02
7.070000000000e+02 1.097592412441e-02
7.075000000000e+02 1.056586179013e-02
7.080000000000e+02 1.039999839718e-02
7.085000000000e+02 1.045731459195e-02
7.090000000000e+02 1.071581670785e-02
7.095000000000e+02 1.115454795450e-02
7.100000000000e+02 1.175481515913e-02
7.105000000000e+02 1.250055407477e-02
7.110000000000e+02 1.337786438035e-02
7.115000000000e+02 1.437384504880e-02
7.120000000000e+02 1.547494091272e-02
7.125000000000e+02 1.666506425833e-02
7.130000000000e+02 1.792377706276e-02
7.135000000000e+02 1.922480973387e-02
7.140000000000e+02 2.053515393022e-02
7.145000000000e+02 2.181490574041e-02
7.150000000000e+02 2.301795829241e-02
7.155000000000e+02 2.409355751249e-02
7.160000000000e+02 2.498864890263e-02
7.165000000000e+02 2.565086380241e-02
7.170000000000e+02 2.603192655383e-02
7.175000000000e+02 2.609121398283e-02
7.180000000000e+02 2.579916911330e-02
7.185000000000e+02 2.514026431431e-02
7.190000000000e+02 2.411522622956e-02
7.195000000000e+02 2.274227579074e-02
7.200000000000e+02 2.105720003641e-02
7.205000000000e+02 1.911215557103e-02
7.210000000000e+02 1.697320197230e-02
7.215000000000e+02 1.471667120547e-02
7.220000000000e+02 1.242458831294e-02
7.225000000000e+02 1.017945999859e-02
7.230000000000e+02 8.058830899872e-03
7.235000000000e+02 6.130061926043e-03
7.240000000000e+02 4.445801715354e-03
7.245000000000e+02 3.040594254583e-03
7.250000000000e+02 1.928990231137e-03
7.255000000000e+02 1.105409204191e-03
7.260000000000e+02 5.458425361802e-04
7.265000000000e+02 2.113073488071e-04
7.270000000000e+02 5.277831444386e-05
7.275000000000e+02 1.715818047736e-05
7.280000000000e+02 5.372056645961e-05
7.285000000000e+02 1.203873500304e-04
7.290000000000e+02 1.891991171924e-04
7.295000000000e+02 2.504035539405e-04
7.300000000000e+02 3.147170085531e-04
7.305000000000e+02 4.134940478528e-04
7.310000000000e+02 5.967476626043e-04
7.315000000000e+02 9.291746835639e-04
7.320000000000e+02 1.484533149222e-03
7.325000000000e+02 2.338870663090e-03
7.330000000000e+02 3.563201138837e-03
7.335000000000e+02 5.216265096377e-03
7.340000000000e+02 7.337986619795e-03
7.345000000000e+02 9.944165377035e-03
7.350000000000e+02 1.302282647441e-02
7.355000000000e+02 1.653250858327e-02
7.360000000000e+02 2.040261634605e-02
7.365000000000e+02 2.453580992104e-02
7.370000000000e+02 2.881226362022e-02
7.375000000000e+02 3.309550509678e-02
7.380000000000e+02 3.723945157284e-02
7.385000000000e+02 4.109619291400e-02
7.390000000000e+02 4.452403363611e-02
7.395000000000e+02 4.739529661430e-02
7.400000000000e+02 4.960340899799e-02
7.405000000000e+02 5.106883387134e-02
7.410000000000e+02 5.174347753251e-02
7.415000000000e+02 5.161328964785e-02
7.420000000000e+02 5.069887902978e-02
7.425000000000e+02 4.905408770869e-02
7.430000000000e+02 4.676259520626e-02
7.435000000000e+02 4.393275685725e-02
7.440000000000e+02 4.069100643048e-02
7.445000000000e+02 3.717426450323e-02
7.450000000000e+02 3.352187969317e-02
7.455000000000e+02 2.986767983114e-02
7.460000000000e+02 2.633271598419e-02
7.465000000000e+02 2.301923858212e-02
7.470000000000e+02 2.000635092022e-02
7.475000000000e+02 1.734764578012e-02
7.480000000000e+02 1.507095650378e-02
7.485000000000e+02 1.318016063222e-02
7.490000000000e+02 1.165878210843e-02
7.495000000000e+02 1.047496848130e-02
7.500000000000e+02 9.587292538217e-03
7.505000000000e+02 8.950758993563e-03
7.510000000000e+02 8.522395031454e-03
7.515000000000e+02 8.265869049313e-03
7.520000000000e+02 8.154706694267e-03
7.525000000000e+02 8.173841612452e-03
7.530000000000e+02 8.319429533247e-03
7.535000000000e+02 8.597045602319e-03
7.540000000000e+02 9.018554606911e-03
7.545000000000e+02 9.598074197721e-03
7.550000000000e+02 1.034753061061e-02
7.555000000000e+02 1.127232975589e-02
7.560000000000e+02 1.236763558184e-02
7.565000000000e+02 1.361566965916e-02
7.570000000000e+02 1.498433231054e-02
7.575000000000e+02 1.642730983981e-02
7.580000000000e+02 1.788568842487e-02
7.585000000000e+02 1.929095597482e-02
7.590000000000e+02 2.056914966710e-02
7.595000000000e+02 2.164580745017e-02
7.600000000000e+02 2.245131239566e-02
7.605000000000e+02 2.292618277656e-02
7.610000000000e+02 2.302585941951e-02
7.615000000000e+02 2.272457457643e-02
7.620000000000e+02 2.201795110350e-02
7.625000000000e+02 2.092407343683e-02
7.630000000000e+02 1.948288755819e-02
7.635000000000e+02 1.775391915004e-02
7.640000000000e+02 1.581243913158e-02
7.645000000000e+02 1.374434383703e-02
7.650000000000e+02 1.164014202517e-02
7.655000000000e+02 9.588540753582e-03
7.660000000000e+02 7.670185207805e-03
7.665000000000e+02 5.952123738880e-03
7.670000000000e+02 4.483531652229e-03
7.675000000000e+02 3.293133507204e-03
7.680000000000e+02 2.388617656123e-03
7.685000000000e+02 1.758149086299e-03
7.690000000000e+02 1.373874423632e-03
7.695000000000e+02 1.197098478973e-03
7.700000000000e+02 1.184619921757e-03
7.705000000000e+02 1.295568914725e-03
7.710000000000e+02 1.498011971149e-03
7.715000000000e+02 1.774591472654e-03
7.720000000000e+02 2.126551878462e-03
7.725000000000e+02 2.575663563309e-03
7.730000000000e+02 3.163770489255e-03
7.735000000000e+02 3.949934257316e-03
7.740000000000e+02 5.005395604052e-03
7.745000000000e+02 6.406796800974e-03
7.750000000000e+02 8.228280844163e-03
7.755000000000e+02 1.053318940585e-02
7.760000000000e+02 1.336611381021e-02
7.765000000000e+02 1.674601337899e-02
7.770000000000e+02 2.066101266607e-02
7.775000000000e+02 2.506533820126e-02
7.780000000000e+02 2.987867416709e-02
7.785000000000e+02 3.498802317098e-02
7.790000000000e+02 4.025196950766e-02
7.795000000000e+02 4.550707168540e-02
7.800000000000e+02 5.057596844608e-02
7.805000000000e+02 5.527667434842e-02
7.810000000000e+02 5.943247033640e-02
7.815000000000e+02 6.288176212698e-02
7.820000000000e+02 6.548728362347e-02
7.825000000000e+02 6.714406168821e-02
7.830000000000e+02 6.778562965918e-02
7.835000000000e+02 6.738807672798e-02
7.840000000000e+02 6.597164503009e-02
7.845000000000e+02 6.359973147852e-02
7.850000000000e+02 6.037531140158e-02
7.855000000000e+02 5.643496866468e-02
7.860000000000e+02 5.194088312694e-02
7.865000000000e+02 4.707128009538e-02
7.870000000000e+02 4.200997554872e-02
7.875000000000e+02 3.693574235752e-02
7.880000000000e+02 3.201226433595e-02
7.885000000000e+02 2.737942694198e-02
7.890000000000e+02 2.314661038002e-02
7.895000000000e+02 1.938850337698e-02
7.900000000000e+02 1.614375194517e-02
7.905000000000e+02 1.341651261204e-02
7.910000000000e+02 1.118071631255e-02
7.915000000000e+02 9.386594579763e-03
7.920000000000e+02 7.968802535625e-03
7.925000000000e+02 6.855319767962e-03
7.930000000000e+02 5.976240424421e-03
7.935000000000e+02 5.271587967943e-03
7.940000000000e+02 4.697406591408e-03
7.945000000000e+02 4.229577008354e-03
7.950000000000e+02 3.865055855824e-03
7.955000000000e+02 3.620515175647e-03
7.960000000000e+02 3.528628921646e-03
7.965000000000e+02 3.632486932870e-03
7.970000000000e+02 3.978789253258e-03
7.975000000000e+02 4.610569929290e-03
7.980000000000e+02 5.560214416401e-03
7.985000000000e+02 6.843473065831e-03
7.990000000000e+02 8.455047363163e-03
7.995000000000e+02 1.036615355178e-02
8.000000000000e+02 1.252427041359e-02
8.005000000000e+02 1.485507466252e-02
8.010000000000e+02 1.726637670263e-02
8.015000000000e+02 1.965370605204e-02
8.020000000000e+02 2.190706981711e-02
8.025000000000e+02 2.391832543003e-02
8.030000000000e+02 2.558857283186e-02
8.035000000000e+02 2.683498061780e-02
8.040000000000e+02 2.759651235914e-02
8.045000000000e+02 2.783810834191e-02
8.050000000000e+02 2.755299809090e-02
8.055000000000e+02 2.676296270487e-02
8.060000000000e+02 2.551652458877e-02
8.065000000000e+02 2.388520580368e-02
8.070000000000e+02 2.195815404566e-02
8.075000000000e+02 1.983557541579e-02
8.080000000000e+02 1.762152351039e-02
8.085000000000e+02 1.541666337151e-02
8.090000000000e+02 1.331164670758e-02
8.095000000000e+02 1.138169504549e-02
8.100000000000e+02 9.682888443103e-03
8.105000000000e+02 8.250503497031e-03
8.110000000000e+02 7.099546807468e-03
8.115000000000e+02 6.227406522054e-03
8.120000000000e+02 5.618318001260e-03
8.125000000000e+02 5.249135760630e-03
8.130000000000e+02 5.095747908284e-03
8.135000000000e+02 5.139382424449e-03
8.140000000000e+02 5.372050395013e-03
8.145000000000e+02 5.800453198728e-03
8.150000000000e+02 6.447841057903e-03
8.155000000000e+02 7.353531288731e-03
8.160000000000e+02 8.570050103577e-03
8.165000000000e+02 1.015812171276e-02
8.170000000000e+02 1.217996268881e-02
8.175000000000e+02 1.469152223304e-02
8.180000000000e+02 1.773442183018e-02
8.185000000000e+02 2.132838184385e-02
8.190000000000e+02 2.546487868237e-02
8.195000000000e+02 3.010266352456e-02
8.200000000000e+02 3.516560796588e-02
8.205000000000e+02 4.054314257400e-02
8.210000000000e+02 4.609334145271e-02
8.215000000000e+02 5.164849824998e-02
8.220000000000e+02 5.702285227029e-02
8.225000000000e+02 6.202196917013e-02
8.230000000000e+02 6.645316670304e-02
8.235000000000e+02 7.013630595251e-02
8.240000000000e+02 7.291424321644e-02
8.245000000000e+02 7.466225570765e-02
8.250000000000e+02 7.529581257045e-02
8.255000000000e+02 7.477615744799e-02
8.260000000000e+02 7.311329539367e-02
8.265000000000e+02 7.036613003252e-02
8.270000000000e+02 6.663967039897e-02
8.275000000000e+02 6.207941340162e-02
8.280000000000e+02 5.686319838071e-02
8.285000000000e+02 5.119101390496e-02
8.290000000000e+02 4.527340118815e-02
8.295000000000e+02 3.931922943771e-02
8.300000000000e+02 3.352370189749e-02
8.305000000000e+02 2.805747441558e-02
8.310000000000e+02 2.305772119288e-02
8.315000000000e+02 1.862186041473e-02
8.320000000000e+02 1.480445816528e-02
8.325000000000e+02 1.161757341596e-02
8.330000000000e+02 9.034509561428e-03
8.335000000000e+02 6.996626353657e-03
8.340000000000e+02 5.422572597077e-03
8.345000000000e+02 4.219058405956e-03
8.350000000000e+02 3.292126559713e-03
8.355000000000e+02 2.557827829479e-03
8.360000000000e+02 1.951265339955e-03
8.365000000000e+02 1.433144081835e-03
8.370000000000e+02 9.932252271886e-04
8.375000000000e+02 6.504105025839e-04
8.380000000000e+02 4.495313114006e-04
8.385000000000e+02 4.552500571097e-04
8.390000000000e+02 7.437601438931e-04
8.395000000000e+02 1.393167748604e-03
8.400000000000e+02 2.473535723004e-03
8.405000000000e+02 4.037563947383e-03
8.410000000000e+02 6.112779403570e-03
8.415000000000e+02 8.695931240540e-03
8.420000000000e+02 1.175005556222e-02
8.425000000000e+02 1.520441848556e-02
8.430000000000e+02 1.895729017207e-02
8.435000000000e+02 2.288126936655e-02
8.440000000000e+02 2.683068457323e-02
8.445000000000e+02 3.065045548343e-02
8.450000000000e+02 3.418571214721e-02
8.455000000000e+02 3.729144011997e-02
8.460000000000e+02 3.984144424780e-02
8.465000000000e+02 4.173599585131e-02
8.470000000000e+02 4.290764021787e-02
8.475000000000e+02 4.332478480149e-02
8.480000000000e+02 4.299285398671e-02
8.485000000000e+02 4.195297397941e-02
8.490000000000e+02 4.027833090426e-02
8.495000000000e+02 3.806851584073e-02
8.500000000000e+02 3.544232100853e-02
8.505000000000e+02 3.252957043647e-02
8.510000000000e+02 2.946264554615e-02
8.515000000000e+02 2.636839218080e-02
8.520000000000e+02 2.336106458806e-02
8.525000000000e+02 2.053687187447e-02
8.530000000000e+02 1.797054706882e-02
8.535000000000e+02 1.571416792931e-02
8.540000000000e+02 1.379823795945e-02
8.545000000000e+02 1.223480692736e-02
8.550000000000e+02 1.102219692713e-02
8.555000000000e+02 1.015072747031e-02
8.560000000000e+02 9.608723084142e-03
8.565000000000e+02 9.388054901349e-03
8.570000000000e+02 9.488520237190e-03
8.575000000000e+02 9.920497116485e-03
8.580000000000e+02 1.070550966492e-02
8.585000000000e+02 1.187458208301e-02
8.590000000000e+02 1.346451492957e-02
8.595000000000e+02 1.551245755062e-02
8.600000000000e+02 1.804934727853e-02
8.605000000000e+02 2.109291839315e-02
8.610000000000e+02 2.464103943201e-02
8.615000000000e+02 2.866611356963e-02
8.620000000000e+02 3.311117998711e-02
8.625000000000e+02 3.788819832755e-02
8.630000000000e+02 4.287880222938e-02
8.635000000000e+02 4.793759244623e-02
8.640000000000e+02 5.289782547265e-02
8.645000000000e+02 5.757915772714e-02
8.650000000000e+02 6.179694211812e-02
8.655000000000e+02 6.537245287432e-02
8.660000000000e+02 6.814334114974e-02
8.665000000000e+02 6.997359977855e-02
8.670000000000e+02 7.076233935925e-02
8.675000000000e+02 7.045074613697e-02
8.680000000000e+02 6.902670006392e-02
8.685000000000e+02 6.652667297829e-02
8.690000000000e+02 6.303469524842e-02
8.695000000000e+02 5.867836671207e-02
8.700000000000e+02 5.362208537312e-02
8.705000000000e+02 4.805786476044e-02
8.710000000000e+02 4.219429621941e-02
8.715000000000e+02 3.624437239531e-02
8.720000000000e+02 3.041300862399e-02
8.725000000000e+02 2.488516587120e-02
8.730000000000e+02 1.981547994946e-02
8.735000000000e+02 1.532022831149e-02
8.740000000000e+02 1.147231475815e-02
8.745000000000e+02 8.299728429747e-03
8.750000000000e+02 5.787649832935e-03
8.755000000000e+02 3.884055616992e-03
8.760000000000e+02 2.508345323980e-03
8.765000000000e+02 1.562212230116e-03
8.770000000000e+02 9.417422703206e-04
8.775000000000e+02 5.495812446703e-04
8.780000000000e+02 3.059831884148e-04
8.785000000000e+02 1.576507116303e-04
8.790000000000e+02 8.349443996320e-05
8.795000000000e+02 9.675102757007e-05
8.800000000000e+02 2.432723343147e-04
8.805000000000e+02 5.961890106888e-04
8.810000000000e+02 1.247514850194e-03
8.815000000000e+02 2.297553359801e-03
8.820000000000e+02 3.843164615013e-03
8.825000000000e+02 5.966031794032e-03
8.830000000000e+02 8.722030906447e-03
8.835000000000e+02 1.213266601771e-02
8.840000000000e+02 1.617930837908e-02
8.845000000000e+02 2.080070060847e-02
8.850000000000e+02 2.589388790558e-02
8.855000000000e+02 3.131844686005e-02
8.860000000000e+02 3.690362349636e-02
8.865000000000e+02 4.245778389419e-02
8.870000000000e+02 4.777943393174e-02
8.875000000000e+02 5.266898355449e-02
8.880000000000e+02 5.694041398564e-02
8.885000000000e+02 6.043204780214e-02
8.890000000000e+02 6.301571352482e-02
8.895000000000e+02 6.460372844481e-02
8.900000000000e+02 6.515328564155e-02
8.905000000000e+02 6.466801306376e-02
8.910000000000e+02 6.319666412432e-02
8.915000000000e+02 6.082909026574e-02
8.920000000000e+02 5.768982647787e-02
8.925000000000e+02 5.392978047511e-02
8.930000000000e+02 4.971664512656e-02
8.935000000000e+02 4.522474198009e-02
8.940000000000e+02 4.062504283460e-02
8.945000000000e+02 3.607609986182e-02
8.950000000000e+02 3.171653983144e-02
8.955000000000e+02 2.765964617094e-02
8.960000000000e+02 2.399037104045e-02
8.965000000000e+02 2.076490143567e-02
8.970000000000e+02 1.801266709508e-02
8.975000000000e+02 1.574044642730e-02
8.980000000000e+02 1.393802434671e-02
8.985000000000e+02 1.258470626615e-02
8.990000000000e+02 1.165591453751e-02
8.995000000000e+02 1.112909888013e-02
9.000000000000e+02 1.098828262050e-02
9.005000000000e+02 1.122673314098e-02
9.010000000000e+02 1.184746918918e-02
9.015000000000e+02 1.286157349433e-02
9.020000000000e+02 1.428453629152e-02
9.025000000000e+02 1.613108387183e-02
9.030000000000e+02 1.840912037734e-02
9.035000000000e+02 2.111351253649e-02
9.040000000000e+02 2.422046719156e-02
9.045000000000e+02 2.768319163527e-02
9.050000000000e+02 3.142939727111e-02
9.055000000000e+02 3.536102511409e-02
9.060000000000e+02 3.935635834500e-02
9.065000000000e+02 4.327446486360e-02
9.070000000000e+02 4.696170240430e-02
9.075000000000e+02 5.025983766238e-02
9.080000000000e+02 5.301519197508e-02
9.085000000000e+02 5.508813732478e-02
9.090000000000e+02 5.636223113676e-02
9.095000000000e+02 5.675229592112e-02
9.100000000000e+02 5.621081653104e-02
9.105000000000e+02 5.473213778761e-02
9.110000000000e+02 5.235409095989e-02
9.115000000000e+02 4.915685050042e-02
9.120000000000e+02 4.525901307202e-02
9.125000000000e+02 4.081108885881e-02
9.130000000000e+02 3.598678910129e-02
9.135000000000e+02 3.097267143866e-02
9.140000000000e+02 2.595685288363e-02
9.145000000000e+02 2.111760580152e-02
9.150000000000e+02 1.661270252271e-02
9.155000000000e+02 1.257035871182e-02
9.160000000000e+02 9.082537684537e-03
9.165000000000e+02 6.201216474027e-03
9.170000000000e+02 3.937985838308e-03
9.175000000000e+02 2.267074964307e-03
9.180000000000e+02 1.131580059311e-03
9.185000000000e+02 4.523638137480e-04
9.190000000000e+02 1.388134986869e-04
9.195000000000e+02 1.004330369839e-04
9.200000000000e+02 2.581278640950e-04
9.205000000000e+02 5.540406214721e-04
9.210000000000e+02 9.589173036256e-04
9.215000000000e+02 1.476218753177e-03
9.220000000000e+02 2.142517649236e-03
9.225000000000e+02 3.024100302175e-03
9.230000000000e+02 4.210082097451e-03
9.235000000000e+02 5.802700387465e-03
9.240000000000e+02 7.905729142713e-03
9.245000000000e+02 1.061213624414e-02
9.250000000000e+02 1.399216151555e-02
9.255000000000e+02 1.808293120301e-02
9.260000000000e+02 2.288055637816e-02
9.265000000000e+02 2.833541332820e-02
9.270000000000e+02 3.435100453859e-02
9.275000000000e+02 4.078648242765e-02
9.280000000000e+02 4.746261526467e-02
9.285000000000e+02 5.417071097489e-02
9.290000000000e+02 6.068380779335e-02
9.295000000000e+02 6.676930119218e-02
9.300000000000e+02 7.220210721347e-02
9.305000000000e+02 7.677746033267e-02
9.310000000000e+02 8.032250219173e-02
9.315000000000e+02 8.270592615168e-02
9.320000000000e+02 8.384509068617e-02
9.325000000000e+02 8.371019100555e-02
9.330000000000e+02 8.232527223236e-02
9.335000000000e+02 7.976606865961e-02
9.340000000000e+02 7.615485254966e-02
9.345000000000e+02 7.165266307102e-02
9.350000000000e+02 6.644945200856e-02
9.355000000000e+02 6.075281844465e-02
9.360000000000e+02 5.477610050591e-02
9.365000000000e+02 4.872664001072e-02
9.370000000000e+02 4.279502847881e-02
9.375000000000e+02 3.714607627150e-02
9.380000000000e+02 3.191212027648e-02
9.385000000000e+02 2.718910437660e-02
9.390000000000e+02 2.303564161417e-02
9.395000000000e+02 1.947501413551e-02
9.400000000000e+02 1.649980856304e-02
9.405000000000e+02 1.407864560647e-02
9.410000000000e+02 1.216426947368e-02
9.415000000000e+02 1.070213819693e-02
9.420000000000e+02 9.638617475151e-03
9.425000000000e+02 8.927935947767e-03
9.430000000000e+02 8.537205765321e-03
9.435000000000e+02 8.449034251689e-03
9.440000000000e+02 8.661525700751e-03
9.445000000000e+02 9.185765347021e-03
9.450000000000e+02 1.004115611474e-02
9.455000000000e+02 1.124921082023e-02
9.460000000000e+02 1.282656252648e-02
9.465000000000e+02 1.477802788773e-02
9.470000000000e+02 1.709053811948e-02
9.475000000000e+02 1.972864640846e-02
9.480000000000e+02 2.263214525777e-02
9.485000000000e+02 2.571610511138e-02
9.490000000000e+02 2.887340226204e-02
9.495000000000e+02 3.197956487908e-02
9.500000000000e+02 3.489955318922e-02
9.505000000000e+02 3.749592060250e-02
9.510000000000e+02 3.963768805433e-02
9.515000000000e+02 4.120920932549e-02
9.520000000000e+02 4.211831041044e-02
9.525000000000e+02 4.230304677687e-02
9.530000000000e+02 4.173653100987e-02
9.535000000000e+02 4.042943029339e-02
9.540000000000e+02 3.842990766461e-02
9.545000000000e+02 3.582097154495e-02
9.550000000000e+02 3.271539294819e-02
9.555000000000e+02 2.924853705412e-02
9.560000000000e+02 2.556962344216e-02
9.565000000000e+02 2.183206527078e-02
9.570000000000e+02 1.818363061918e-02
9.575000000000e+02 1.475720890524e-02
9.580000000000e+02 1.166294385856e-02
9.585000000000e+02 8.982407706311e-03
9.590000000000e+02 6.765339727165e-03
9.595000000000e+02 5.029263059275e-03
9.600000000000e+02 3.762040433386e-03
9.605000000000e+02 2.927152922899e-03
9.610000000000e+02 2.471212032395e-03
9.615000000000e+02 2.332973890017e-03
9.620000000000e+02 2.452944196078e-03
9.625000000000e+02 2.782568973685e-03
9.630000000000e+02 3.292015884796e-03
9.635000000000e+02 3.975669189827e-03
9.640000000000e+02 4.854680203029e-03
9.645000000000e+02 5.976212862523e-03
9.650000000000e+02 7.409368328058e-03
9.655000000000e+02 9.238124011789e-03
9.660000000000e+02 1.155194038008e-02
9.665000000000e+02 1.443493686461e-02
9.670000000000e+02 1.795468916080e-02
9.675000000000e+02 2.215173980467e-02
9.680000000000e+02 2.703084195515e-02
9.685000000000e+02 3.255478564608e-02
9.690000000000e+02 3.864140981275e-02
9.695000000000e+02 4.516411171339e-02
9.700000000000e+02 5.195585980286e-02
9.705000000000e+02 5.881642619640e-02
9.710000000000e+02 6.552230517136e-02
9.715000000000e+02 7.183859207595e-02
9.720000000000e+02 7.753197234885e-02
9.725000000000e+02 8.238391573829e-02
9.730000000000e+02 8.620318287582e-02
9.735000000000e+02 8.883682254647e-02
9.740000000000e+02 9.017895800627e-02
9.745000000000e+02 9.017681816822e-02
9.750000000000e+02 8.883365283573e-02
9.755000000000e+02 8.620836954958e-02
9.760000000000e+02 8.241193282885e-02
9.765000000000e+02 7.760076525493e-02
9.770000000000e+02 7.196757502806e-02
9.775000000000e+02 6.573019758467e-02
9.780000000000e+02 5.911917084147e-02
9.785000000000e+02 5.236485593392e-02
9.790000000000e+02 4.568495968152e-02
9.795000000000e+02 3.927330432946e-02
9.800000000000e+02 3.329061955848e-02
9.805000000000e+02 2.785800005017e-02
9.810000000000e+02 2.305348260166e-02
9.815000000000e+02 1.891195938906e-02
9.820000000000e+02 1.542837435077e-02
9.825000000000e+02 1.256386954270e-02
9.830000000000e+02 1.025428398499e-02
9.835000000000e+02 8.420187074975e-03
9.840000000000e+02 6.977478606908e-03
9.845000000000e+02 5.847528901148e-03
9.850000000000e+02 4.965877412251e-03
9.855000000000e+02 4.288656546200e-03
9.860000000000e+02 3.796146355294e-03
9.865000000000e+02 3.493170288780e-03
9.870000000000e+02 3.406378044949e-03
9.875000000000e+02 3.578789942513e-03
9.880000000000e+02 4.062260047692e-03
9.885000000000e+02 4.908720672632e-03
9.890000000000e+02 6.161177415361e-03
9.895000000000e+02 7.845423328512e-03
9.900000000000e+02 9.963338252776e-03
9.905000000000e+02 1.248845184964e-02
9.910000000000e+02 1.536420204255e-02
9.915000000000e+02 1.850504449234e-02
9.920000000000e+02 2.180029372980e-02
9.925000000000e+02 2.512032950073e-02
9.930000000000e+02 2.832460363291e-02
9.935000000000e+02 3.127074681329e-02
9.940000000000e+02 3.382400696501e-02
9.945000000000e+02 3.586625074239e-02
9.950000000000e+02 3.730382075654e-02
9.955000000000e+02 3.807365363491e-02
9.960000000000e+02 3.814721575028e-02
9.965000000000e+02 3.753199133314e-02
9.970000000000e+02 3.627044860932e-02
9.975000000000e+02 3.443660099688e-02
9.980000000000e+02 3.213046041140e-02
9.985000000000e+02 2.947083742664e-02
9.990000000000e+02 2.658706840788e-02
9.995000000000e+02 2.361033387735e-02
1.000000000000e+03 2.066526792824e-02
