# time(fs)  |c_e1|^2/n0  (N=1, n0=1e-4, NVIB=2)
0.000000000000e+00 0.000000000000e+00
5.000000000000e-01 3.322240258490e-07
1.000000000000e+00 5.279489009030e-06
1.500000000000e+00 2.642533924311e-05
2.000000000000e+00 8.219685533562e-05
2.500000000000e+00 1.965990935239e-04
3.000000000000e+00 3.975457162958e-04
3.500000000000e+00 7.148815230600e-04
4.000000000000e+00 1.178210758508e-03
4.500000000000e+00 1.814657042440e-03
5.000000000000e+00 2.646685864783e-03
5.500000000000e+00 3.690118523633e-03
6.000000000000e+00 4.952457236691e-03
6.500000000000e+00 6.431625390586e-03
7.000000000000e+00 8.115205326175e-03
7.500000000000e+00 9.980229820844e-03
8.000000000000e+00 1.199355390288e-02
8.500000000000e+00 1.411280237825e-02
9.000000000000e+00 1.628785713083e-02
9.500000000000e+00 1.846281853518e-02
1.000000000000e+01 2.057834879468e-02
1.050000000000e+01 2.257428309788e-02
1.100000000000e+01 2.439237839639e-02
1.150000000000e+01 2.597906022792e-02
1.200000000000e+01 2.728802583085e-02
1.250000000000e+01 2.828256706475e-02
1.300000000000e+01 2.893748911780e-02
1.350000000000e+01 2.924051999180e-02
1.400000000000e+01 2.919313042721e-02
1.450000000000e+01 2.881071299904e-02
1.500000000000e+01 2.812210107982e-02
1.550000000000e+01 2.716844160403e-02
1.600000000000e+01 2.600146836352e-02
1.650000000000e+01 2.468125321596e-02
1.700000000000e+01 2.327353950651e-02
1.750000000000e+01 2.184678377923e-02
1.800000000000e+01 2.046904734782e-02
1.850000000000e+01 1.920488768063e-02
1.900000000000e+01 1.811240037967e-02
1.950000000000e+01 1.724055572788e-02
2.000000000000e+01 1.662695967521e-02
2.050000000000e+01 1.629614843785e-02
2.100000000000e+01 1.625849964524e-02
2.150000000000e+01 1.650981253100e-02
2.200000000000e+01 1.703157655758e-02
2.250000000000e+01 1.779191381194e-02
2.300000000000e+01 1.874714724459e-02
2.350000000000e+01 1.984391602848e-02
2.400000000000e+01 2.102173256906e-02
2.450000000000e+01 2.221585437548e-02
2.500000000000e+01 2.336032915467e-02
2.550000000000e+01 2.439106386586e-02
2.600000000000e+01 2.524876843517e-02
2.650000000000e+01 2.588163234583e-02
2.700000000000e+01 2.624760696887e-02
2.750000000000e+01 2.631618749233e-02
2.800000000000e+01 2.606961453220e-02
2.850000000000e+01 2.550344558522e-02
2.900000000000e+01 2.462647883928e-02
2.950000000000e+01 2.346004481184e-02
3.000000000000e+01 2.203671313032e-02
3.050000000000e+01 2.039849086056e-02
3.100000000000e+01 1.859461365552e-02
3.150000000000e+01 1.667905035770e-02
3.200000000000e+01 1.470785458036e-02
3.250000000000e+01 1.273650261887e-02
3.300000000000e+01 1.081735550293e-02
3.350000000000e+01 8.997374260276e-03
3.400000000000e+01 7.316202038480e-03
3.450000000000e+01 5.804705445762e-03
3.500000000000e+01 4.484041514696e-03
3.550000000000e+01 3.365287467292e-03
3.600000000000e+01 2.449639516121e-03
3.650000000000e+01 1.729155944021e-03
3.700000000000e+01 1.187990309540e-03
3.750000000000e+01 8.040343892375e-04
3.800000000000e+01 5.508687804344e-04
3.850000000000e+01 3.999030939535e-04
3.900000000000e+01 3.225782051404e-04
3.950000000000e+01 2.925005927294e-04
4.000000000000e+01 2.873834931481e-04
4.050000000000e+01 2.906811658962e-04
4.100000000000e+01 2.928203683501e-04
4.150000000000e+01 2.919562068795e-04
4.200000000000e+01 2.942066170141e-04
4.250000000000e+01 3.133493576951e-04
4.300000000000e+01 3.699959811472e-04
4.350000000000e+01 4.902871040172e-04
4.400000000000e+01 7.041808300675e-04
4.450000000000e+01 1.043429868010e-03
4.500000000000e+01 1.539361448617e-03
4.550000000000e+01 2.220586546806e-03
4.600000000000e+01 3.110770466435e-03
4.650000000000e+01 4.226595210339e-03
4.700000000000e+01 5.576035286037e-03
4.750000000000e+01 7.157053125597e-03
4.800000000000e+01 8.956798914170e-03
4.850000000000e+01 1.095137343690e-02
4.900000000000e+01 1.310618293743e-02
4.950000000000e+01 1.537688349089e-02
5.000000000000e+01 1.771088069342e-02
5.050000000000e+01 2.004932023870e-02
5.100000000000e+01 2.232947780981e-02
5.150000000000e+01 2.448743411060e-02
5.200000000000e+01 2.646090401911e-02
5.250000000000e+01 2.819207868879e-02
5.300000000000e+01 2.963033655692e-02
5.350000000000e+01 3.073468382523e-02
5.400000000000e+01 3.147579683784e-02
5.450000000000e+01 3.183755738727e-02
5.500000000000e+01 3.181799637276e-02
5.550000000000e+01 3.142959018027e-02
5.600000000000e+01 3.069888618865e-02
5.650000000000e+01 2.966546729665e-02
5.700000000000e+01 2.838029858381e-02
5.750000000000e+01 2.690353045053e-02
5.800000000000e+01 2.530186021544e-02
5.850000000000e+01 2.364557674465e-02
5.900000000000e+01 2.200542907173e-02
5.950000000000e+01 2.044946927780e-02
6.000000000000e+01 1.904002164484e-02
6.050000000000e+01 1.783092416642e-02
6.100000000000e+01 1.686517519242e-02
6.150000000000e+01 1.617309797265e-02
6.200000000000e+01 1.577111016827e-02
6.250000000000e+01 1.566115534015e-02
6.300000000000e+01 1.583082052821e-02
6.350000000000e+01 1.625413001764e-02
6.400000000000e+01 1.689297196341e-02
6.450000000000e+01 1.769908342302e-02
6.500000000000e+01 1.861649214618e-02
6.550000000000e+01 1.958429154000e-02
6.600000000000e+01 2.053960966584e-02
6.650000000000e+01 2.142062473008e-02
6.700000000000e+01 2.216947867596e-02
6.750000000000e+01 2.273494717582e-02
6.800000000000e+01 2.307473817619e-02
6.850000000000e+01 2.315731140341e-02
6.900000000000e+01 2.296313680775e-02
6.950000000000e+01 2.248533945257e-02
7.000000000000e+01 2.172971028778e-02
7.050000000000e+01 2.071409491114e-02
7.100000000000e+01 1.946720411835e-02
7.150000000000e+01 1.802691913256e-02
7.200000000000e+01 1.643818939585e-02
7.250000000000e+01 1.475064042052e-02
7.300000000000e+01 1.301602245579e-02
7.350000000000e+01 1.128563699414e-02
7.400000000000e+01 9.607877117417e-03
7.450000000000e+01 8.026009487221e-03
7.500000000000e+01 6.576310926819e-03
7.550000000000e+01 5.286651783619e-03
7.600000000000e+01 4.175592819297e-03
7.650000000000e+01 3.252033577023e-03
7.700000000000e+01 2.515419574427e-03
7.750000000000e+01 1.956484936790e-03
7.800000000000e+01 1.558477828048e-03
7.850000000000e+01 1.298789832898e-03
7.900000000000e+01 1.150888681420e-03
7.950000000000e+01 1.086437543734e-03
8.000000000000e+01 1.077474412019e-03
8.050000000000e+01 1.098522342284e-03
8.100000000000e+01 1.128505688063e-03
8.150000000000e+01 1.152358683577e-03
8.200000000000e+01 1.162230218294e-03
8.250000000000e+01 1.158211446510e-03
8.300000000000e+01 1.148539766137e-03
8.350000000000e+01 1.149262235678e-03
8.400000000000e+01 1.183372081832e-03
8.450000000000e+01 1.279461927296e-03
8.500000000000e+01 1.469965123277e-03
8.550000000000e+01 1.789080586329e-03
8.600000000000e+01 2.270495497072e-03
8.650000000000e+01 2.945033081563e-03
8.700000000000e+01 3.838358726296e-03
8.750000000000e+01 4.968876510695e-03
8.800000000000e+01 6.345939899703e-03
8.850000000000e+01 7.968485217650e-03
8.900000000000e+01 9.824175386288e-03
8.950000000000e+01 1.188911534008e-02
9.000000000000e+01 1.412817088312e-02
9.050000000000e+01 1.649589107241e-02
9.100000000000e+01 1.893800216498e-02
9.150000000000e+01 2.139341044462e-02
9.200000000000e+01 2.379662347649e-02
9.250000000000e+01 2.608047600677e-02
9.300000000000e+01 2.817902908181e-02
9.350000000000e+01 3.003050000295e-02
9.400000000000e+01 3.158007702769e-02
9.450000000000e+01 3.278247654742e-02
9.500000000000e+01 3.360411168623e-02
9.550000000000e+01 3.402475931902e-02
9.600000000000e+01 3.403863648184e-02
9.650000000000e+01 3.365482588422e-02
9.700000000000e+01 3.289702225785e-02
9.750000000000e+01 3.180260493794e-02
9.800000000000e+01 3.042107566171e-02
9.850000000000e+01 2.881193235491e-02
9.900000000000e+01 2.704207801888e-02
9.950000000000e+01 2.518288726380e-02
1.000000000000e+02 2.330707034212e-02
1.005000000000e+02 2.148548482211e-02
1.010000000000e+02 1.978404776418e-02
1.015000000000e+02 1.826089627764e-02
1.020000000000e+02 1.696393189299e-02
1.025000000000e+02 1.592886492416e-02
1.030000000000e+02 1.517784990428e-02
1.035000000000e+02 1.471877355921e-02
1.040000000000e+02 1.454522414380e-02
1.045000000000e+02 1.463713700872e-02
1.050000000000e+02 1.496207772704e-02
1.055000000000e+02 1.547709269152e-02
1.060000000000e+02 1.613102943814e-02
1.065000000000e+02 1.686720644114e-02
1.070000000000e+02 1.762629587043e-02
1.075000000000e+02 1.834927366137e-02
1.080000000000e+02 1.898028960020e-02
1.085000000000e+02 1.946931602673e-02
1.090000000000e+02 1.977444685283e-02
1.095000000000e+02 1.986373815239e-02
1.100000000000e+02 1.971650653354e-02
1.105000000000e+02 1.932403052373e-02
1.110000000000e+02 1.868963173844e-02
1.115000000000e+02 1.782814500381e-02
1.120000000000e+02 1.676481816324e-02
1.125000000000e+02 1.553371137661e-02
1.130000000000e+02 1.417569081486e-02
1.135000000000e+02 1.273613147856e-02
1.140000000000e+02 1.126245743367e-02
1.145000000000e+02 9.801654379971e-03
1.150000000000e+02 8.397888867816e-03
1.155000000000e+02 7.090360743082e-03
1.160000000000e+02 5.911500970148e-03
1.165000000000e+02 4.885606678118e-03
1.170000000000e+02 4.027980235715e-03
1.175000000000e+02 3.344610698658e-03
1.180000000000e+02 2.832405664897e-03
1.185000000000e+02 2.479951037313e-03
1.190000000000e+02 2.268747052956e-03
1.195000000000e+02 2.174842763031e-03
1.200000000000e+02 2.170769331775e-03
1.205000000000e+02 2.227656226551e-03
1.210000000000e+02 2.317404465118e-03
1.215000000000e+02 2.414788098352e-03
1.220000000000e+02 2.499359196834e-03
1.225000000000e+02 2.557042560994e-03
1.230000000000e+02 2.581323603743e-03
1.235000000000e+02 2.573955444851e-03
1.240000000000e+02 2.545138000102e-03
1.245000000000e+02 2.513151313695e-03
1.250000000000e+02 2.503455993483e-03
1.255000000000e+02 2.547303720814e-03
1.260000000000e+02 2.679928782998e-03
1.265000000000e+02 2.938415917007e-03
1.270000000000e+02 3.359359120550e-03
1.275000000000e+02 3.976439400420e-03
1.280000000000e+02 4.818055951255e-03
1.285000000000e+02 5.905144589645e-03
1.290000000000e+02 7.249309380668e-03
1.295000000000e+02 8.851378668664e-03
1.300000000000e+02 1.070047588448e-02
1.305000000000e+02 1.277366960626e-02
1.310000000000e+02 1.503623773191e-02
1.315000000000e+02 1.744254881330e-02
1.320000000000e+02 1.993753126355e-02
1.325000000000e+02 2.245866997545e-02
1.330000000000e+02 2.493844152459e-02
1.335000000000e+02 2.730707508010e-02
1.340000000000e+02 2.949550769591e-02
1.345000000000e+02 3.143839082051e-02
1.350000000000e+02 3.307700028082e-02
1.355000000000e+02 3.436190496044e-02
1.360000000000e+02 3.525525983404e-02
1.365000000000e+02 3.573260640004e-02
1.370000000000e+02 3.578408700470e-02
1.375000000000e+02 3.541500796738e-02
1.380000000000e+02 3.464571830030e-02
1.385000000000e+02 3.351080454329e-02
1.390000000000e+02 3.205763611352e-02
1.395000000000e+02 3.034432784653e-02
1.400000000000e+02 2.843721541203e-02
1.405000000000e+02 2.640796353982e-02
1.410000000000e+02 2.433044523441e-02
1.415000000000e+02 2.227754144658e-02
1.420000000000e+02 2.031801442384e-02
1.425000000000e+02 1.851360398378e-02
1.430000000000e+02 1.691648445260e-02
1.435000000000e+02 1.556720158022e-02
1.440000000000e+02 1.449318434125e-02
1.445000000000e+02 1.370789742000e-02
1.450000000000e+02 1.321066786914e-02
1.455000000000e+02 1.298718559244e-02
1.460000000000e+02 1.301064368839e-02
1.465000000000e+02 1.324345301823e-02
1.470000000000e+02 1.363943727272e-02
1.475000000000e+02 1.414639173617e-02
1.480000000000e+02 1.470887202282e-02
1.485000000000e+02 1.527106916315e-02
1.490000000000e+02 1.577962500364e-02
1.495000000000e+02 1.618624699768e-02
1.500000000000e+02 1.644999382459e-02
1.505000000000e+02 1.653912215902e-02
1.510000000000e+02 1.643240928450e-02
1.515000000000e+02 1.611989479085e-02
1.520000000000e+02 1.560301578164e-02
1.525000000000e+02 1.489414218834e-02
1.530000000000e+02 1.401555024063e-02
1.535000000000e+02 1.299790123044e-02
1.540000000000e+02 1.187831791436e-02
1.545000000000e+02 1.069817092692e-02
1.550000000000e+02 9.500701406753e-03
1.555000000000e+02 8.328612990049e-03
1.560000000000e+02 7.221766078169e-03
1.565000000000e+02 6.215099900789e-03
1.570000000000e+02 5.336893832228e-03
1.575000000000e+02 4.607459456405e-03
1.580000000000e+02 4.038330101652e-03
1.585000000000e+02 3.631986373347e-03
1.590000000000e+02 3.382126085010e-03
1.595000000000e+02 3.274456563404e-03
1.600000000000e+02 3.287958227917e-03
1.605000000000e+02 3.396542155507e-03
1.610000000000e+02 3.571002453943e-03
1.615000000000e+02 3.781147845334e-03
1.620000000000e+02 3.997986788231e-03
1.625000000000e+02 4.195837282071e-03
1.630000000000e+02 4.354236378198e-03
1.635000000000e+02 4.459535168243e-03
1.640000000000e+02 4.506082068045e-03
1.645000000000e+02 4.496919664198e-03
1.650000000000e+02 4.443947049908e-03
1.655000000000e+02 4.367529031349e-03
1.660000000000e+02 4.295564271438e-03
1.665000000000e+02 4.262054700834e-03
1.670000000000e+02 4.305246758051e-03
1.675000000000e+02 4.465439696159e-03
1.680000000000e+02 4.782575951835e-03
1.685000000000e+02 5.293742359999e-03
1.690000000000e+02 6.030718010689e-03
1.695000000000e+02 7.017704362406e-03
1.700000000000e+02 8.269365821665e-03
1.705000000000e+02 9.789294691556e-03
1.710000000000e+02 1.156899387944e-02
1.715000000000e+02 1.358744508201e-02
1.720000000000e+02 1.581130063099e-02
1.725000000000e+02 1.819570530582e-02
1.730000000000e+02 2.068572185090e-02
1.735000000000e+02 2.321830236812e-02
1.740000000000e+02 2.572471884358e-02
1.745000000000e+02 2.813334133322e-02
1.750000000000e+02 3.037263308956e-02
1.755000000000e+02 3.237421919617e-02
1.760000000000e+02 3.407587978919e-02
1.765000000000e+02 3.542432101142e-02
1.770000000000e+02 3.637758641352e-02
1.775000000000e+02 3.690698814523e-02
1.780000000000e+02 3.699846010429e-02
1.785000000000e+02 3.665326315583e-02
1.790000000000e+02 3.588800416091e-02
1.795000000000e+02 3.473396423673e-02
1.800000000000e+02 3.323576570535e-02
1.805000000000e+02 3.144943986458e-02
1.810000000000e+02 2.943998730617e-02
1.815000000000e+02 2.727854752272e-02
1.820000000000e+02 2.503931369494e-02
1.825000000000e+02 2.279634084541e-02
1.830000000000e+02 2.062040035421e-02
1.835000000000e+02 1.857603091057e-02
1.840000000000e+02 1.671892548075e-02
1.845000000000e+02 1.509377635449e-02
1.850000000000e+02 1.373267670449e-02
1.855000000000e+02 1.265414858922e-02
1.860000000000e+02 1.186283542989e-02
1.865000000000e+02 1.134986335757e-02
1.870000000000e+02 1.109384220256e-02
1.875000000000e+02 1.106244502353e-02
1.880000000000e+02 1.121447659674e-02
1.885000000000e+02 1.150231765606e-02
1.890000000000e+02 1.187461410069e-02
1.895000000000e+02 1.227906975272e-02
1.900000000000e+02 1.266519803835e-02
1.905000000000e+02 1.298689231040e-02
1.910000000000e+02 1.320468615307e-02
1.915000000000e+02 1.328759322273e-02
1.920000000000e+02 1.321443998299e-02
1.925000000000e+02 1.297463278628e-02
1.930000000000e+02 1.256833161831e-02
1.935000000000e+02 1.200603479780e-02
1.940000000000e+02 1.130761030996e-02
1.945000000000e+02 1.050083858694e-02
1.950000000000e+02 9.619556900265e-03
1.955000000000e+02 8.701515781616e-03
1.960000000000e+02 7.786071997378e-03
1.965000000000e+02 6.911849862582e-03
1.970000000000e+02 6.114502751785e-03
1.975000000000e+02 5.424699602166e-03
1.980000000000e+02 4.866447413304e-03
1.985000000000e+02 4.455841026226e-03
1.990000000000e+02 4.200306903520e-03
1.995000000000e+02 4.098379551375e-03
2.000000000000e+02 4.140019182983e-03
2.005000000000e+02 4.307448816655e-03
2.010000000000e+02 4.576459880370e-03
2.015000000000e+02 4.918109122617e-03
2.020000000000e+02 5.300707610652e-03
2.025000000000e+02 5.691986019295e-03
2.030000000000e+02 6.061310164400e-03
2.035000000000e+02 6.381817370136e-03
2.040000000000e+02 6.632347968246e-03
2.045000000000e+02 6.799056824456e-03
2.050000000000e+02 6.876606721259e-03
2.055000000000e+02 6.868867809368e-03
2.060000000000e+02 6.789073993990e-03
2.065000000000e+02 6.659416640284e-03
2.070000000000e+02 6.510086800545e-03
2.075000000000e+02 6.377807646033e-03
2.080000000000e+02 6.303927306800e-03
2.085000000000e+02 6.332167358472e-03
2.090000000000e+02 6.506142372654e-03
2.095000000000e+02 6.866780201604e-03
2.100000000000e+02 7.449780172045e-03
2.105000000000e+02 8.283246671044e-03
2.110000000000e+02 9.385628687340e-03
2.115000000000e+02 1.076408197213e-02
2.120000000000e+02 1.241335032644e-02
2.125000000000e+02 1.431523709546e-02
2.130000000000e+02 1.643870853485e-02
2.135000000000e+02 1.874063881582e-02
2.140000000000e+02 2.116717369172e-02
2.145000000000e+02 2.365565795021e-02
2.150000000000e+02 2.613704237536e-02
2.155000000000e+02 2.853866058051e-02
2.160000000000e+02 3.078724607848e-02
2.165000000000e+02 3.281204639523e-02
2.170000000000e+02 3.454788464158e-02
2.175000000000e+02 3.593802010598e-02
2.180000000000e+02 3.693666810224e-02
2.185000000000e+02 3.751105508913e-02
2.190000000000e+02 3.764290720481e-02
2.195000000000e+02 3.732929773247e-02
2.200000000000e+02 3.658281024394e-02
2.205000000000e+02 3.543100766330e-02
2.210000000000e+02 3.391523158269e-02
2.215000000000e+02 3.208878909069e-02
2.220000000000e+02 3.001461444165e-02
2.225000000000e+02 2.776251858579e-02
2.230000000000e+02 2.540615956769e-02
2.235000000000e+02 2.301988006101e-02
2.240000000000e+02 2.067556416287e-02
2.245000000000e+02 1.843966372627e-02
2.250000000000e+02 1.637053506965e-02
2.255000000000e+02 1.451621036630e-02
2.260000000000e+02 1.291270525097e-02
2.265000000000e+02 1.158293637829e-02
2.270000000000e+02 1.053629128126e-02
2.275000000000e+02 9.768859546832e-03
2.280000000000e+02 9.264300783585e-03
2.285000000000e+02 8.995292857406e-03
2.290000000000e+02 8.925475060295e-03
2.295000000000e+02 9.011776756117e-03
2.300000000000e+02 9.207003842990e-03
2.305000000000e+02 9.462543993252e-03
2.310000000000e+02 9.731047649639e-03
2.315000000000e+02 9.968945322127e-03
2.320000000000e+02 1.013867258397e-02
2.325000000000e+02 1.021049170604e-02
2.330000000000e+02 1.016382210019e-02
2.335000000000e+02 9.988019384534e-03
2.340000000000e+02 9.682573435668e-03
2.345000000000e+02 9.256727600306e-03
2.350000000000e+02 8.728552591429e-03
2.355000000000e+02 8.123537816008e-03
2.360000000000e+02 7.472788422934e-03
2.365000000000e+02 6.810936875521e-03
2.370000000000e+02 6.173892275641e-03
2.375000000000e+02 5.596558260740e-03
2.380000000000e+02 5.110650696843e-03
2.385000000000e+02 4.742739621292e-03
2.390000000000e+02 4.512626349036e-03
2.395000000000e+02 4.432147123829e-03
2.400000000000e+02 4.504470238655e-03
2.405000000000e+02 4.723925518120e-03
2.410000000000e+02 5.076374972566e-03
2.415000000000e+02 5.540102934563e-03
2.420000000000e+02 6.087174711505e-03
2.425000000000e+02 6.685186318254e-03
2.430000000000e+02 7.299305623257e-03
2.435000000000e+02 7.894488425385e-03
2.440000000000e+02 8.437742508284e-03
2.445000000000e+02 8.900309150847e-03
2.450000000000e+02 9.259635112707e-03
2.455000000000e+02 9.501018589407e-03
2.460000000000e+02 9.618829501993e-03
2.465000000000e+02 9.617226870216e-03
2.470000000000e+02 9.510322744415e-03
2.475000000000e+02 9.321771834122e-03
2.480000000000e+02 9.083797008440e-03
2.485000000000e+02 8.835691616305e-03
2.490000000000e+02 8.621868450800e-03
2.495000000000e+02 8.489550622390e-03
2.500000000000e+02 8.486220252979e-03
2.505000000000e+02 8.656955642601e-03
2.510000000000e+02 9.041795558487e-03
2.515000000000e+02 9.673270111779e-03
2.520000000000e+02 1.057423123119e-02
2.525000000000e+02 1.175610226028e-02
2.530000000000e+02 1.321764639284e-02
2.535000000000e+02 1.494432849037e-02
2.540000000000e+02 1.690831554013e-02
2.545000000000e+02 1.906912912071e-02
2.550000000000e+02 2.137493036466e-02
2.555000000000e+02 2.376438572394e-02
2.560000000000e+02 2.616903201344e-02
2.565000000000e+02 2.851603327525e-02
2.570000000000e+02 3.073120131914e-02
2.575000000000e+02 3.274213743950e-02
2.580000000000e+02 3.448134555202e-02
2.585000000000e+02 3.588916723735e-02
2.590000000000e+02 3.691639694535e-02
2.595000000000e+02 3.752645054254e-02
2.600000000000e+02 3.769698174099e-02
2.605000000000e+02 3.742086765662e-02
2.610000000000e+02 3.670651548111e-02
2.615000000000e+02 3.557747546248e-02
2.620000000000e+02 3.407137937448e-02
2.625000000000e+02 3.223825669847e-02
2.630000000000e+02 3.013831115494e-02
2.635000000000e+02 2.783926646953e-02
2.640000000000e+02 2.541341097499e-02
2.645000000000e+02 2.293448479449e-02
2.650000000000e+02 2.047456020321e-02
2.655000000000e+02 1.810106497710e-02
2.660000000000e+02 1.587409016519e-02
2.665000000000e+02 1.384410820929e-02
2.670000000000e+02 1.205020550062e-02
2.675000000000e+02 1.051890645294e-02
2.680000000000e+02 9.263635401335e-03
2.685000000000e+02 8.284829716921e-03
2.690000000000e+02 7.570684184376e-03
2.695000000000e+02 7.098474656923e-03
2.700000000000e+02 6.836379962829e-03
2.705000000000e+02 6.745696484310e-03
2.710000000000e+02 6.783321039645e-03
2.715000000000e+02 6.904365625802e-03
2.720000000000e+02 7.064762827293e-03
2.725000000000e+02 7.223723455574e-03
2.730000000000e+02 7.345918081238e-03
2.735000000000e+02 7.403270957575e-03
2.740000000000e+02 7.376277457193e-03
2.745000000000e+02 7.254783324524e-03
2.750000000000e+02 7.038194276808e-03
2.755000000000e+02 6.735116125779e-03
2.760000000000e+02 6.362456927819e-03
2.765000000000e+02 5.944052011055e-03
2.770000000000e+02 5.508898499587e-03
2.775000000000e+02 5.089106785057e-03
2.780000000000e+02 4.717691183434e-03
2.785000000000e+02 4.426329991321e-03
2.790000000000e+02 4.243225923038e-03
2.795000000000e+02 4.191191459933e-03
2.800000000000e+02 4.286070358960e-03
2.805000000000e+02 4.535587193839e-03
2.810000000000e+02 4.938692417474e-03
2.815000000000e+02 5.485442371114e-03
2.820000000000e+02 6.157423456358e-03
2.825000000000e+02 6.928698987754e-03
2.830000000000e+02 7.767227682251e-03
2.835000000000e+02 8.636675971228e-03
2.840000000000e+02 9.498523740964e-03
2.845000000000e+02 1.031434595217e-02
2.850000000000e+02 1.104814181449e-02
2.855000000000e+02 1.166857934768e-02
2.860000000000e+02 1.215102649291e-02
2.865000000000e+02 1.247925028396e-02
2.870000000000e+02 1.264668241017e-02
2.875000000000e+02 1.265717193097e-02
2.880000000000e+02 1.252517276330e-02
2.885000000000e+02 1.227534345082e-02
2.890000000000e+02 1.194156806910e-02
2.895000000000e+02 1.156543827460e-02
2.900000000000e+02 1.119426582442e-02
2.905000000000e+02 1.087872083056e-02
2.910000000000e+02 1.067021218021e-02
2.915000000000e+02 1.061814182468e-02
2.920000000000e+02 1.076717318588e-02
2.925000000000e+02 1.115465526101e-02
2.930000000000e+02 1.180833800069e-02
2.935000000000e+02 1.274450148558e-02
2.940000000000e+02 1.396660195790e-02
2.945000000000e+02 1.546451281047e-02
2.950000000000e+02 1.721440949695e-02
2.955000000000e+02 1.917931544690e-02
2.960000000000e+02 2.131029306813e-02
2.965000000000e+02 2.354823148031e-02
2.970000000000e+02 2.582615240525e-02
2.975000000000e+02 2.807192918804e-02
2.980000000000e+02 3.021129260190e-02
2.985000000000e+02 3.217098199983e-02
2.990000000000e+02 3.388189230861e-02
2.995000000000e+02 3.528206674698e-02
3.000000000000e+02 3.631939204601e-02
3.005000000000e+02 3.695386702599e-02
3.010000000000e+02 3.715933594496e-02
3.015000000000e+02 3.692460405221e-02
3.020000000000e+02 3.625388295865e-02
3.025000000000e+02 3.516654624251e-02
3.030000000000e+02 3.369620946601e-02
3.035000000000e+02 3.188918182787e-02
3.040000000000e+02 2.980236729281e-02
3.045000000000e+02 2.750071968150e-02
3.050000000000e+02 2.505437752229e-02
3.055000000000e+02 2.253561938432e-02
3.060000000000e+02 2.001578816111e-02
3.065000000000e+02 1.756233297822e-02
3.070000000000e+02 1.523611006184e-02
3.075000000000e+02 1.308906942083e-02
3.080000000000e+02 1.116243332807e-02
3.085000000000e+02 9.485446435859e-03
3.090000000000e+02 8.074747298154e-03
3.095000000000e+02 6.934378675762e-03
3.100000000000e+02 6.056420969066e-03
3.105000000000e+02 5.422201187548e-03
3.110000000000e+02 5.004000694992e-03
3.115000000000e+02 4.767160092441e-03
3.120000000000e+02 4.672460305144e-03
3.125000000000e+02 4.678646225980e-03
3.130000000000e+02 4.744953773853e-03
3.135000000000e+02 4.833503206543e-03
3.140000000000e+02 4.911430845148e-03
3.145000000000e+02 4.952647473775e-03
3.150000000000e+02 4.939133673728e-03
3.155000000000e+02 4.861709028032e-03
3.160000000000e+02 4.720242006547e-03
3.165000000000e+02 4.523298796585e-03
3.170000000000e+02 4.287260654571e-03
3.175000000000e+02 4.034968820957e-03
3.180000000000e+02 3.793982069270e-03
3.185000000000e+02 3.594553145768e-03
3.190000000000e+02 3.467445561475e-03
3.195000000000e+02 3.441720615875e-03
3.200000000000e+02 3.542625723788e-03
3.205000000000e+02 3.789709040162e-03
3.210000000000e+02 4.195272383036e-03
3.215000000000e+02 4.763255266437e-03
3.220000000000e+02 5.488618530146e-03
3.225000000000e+02 6.357267934142e-03
3.230000000000e+02 7.346527693312e-03
3.235000000000e+02 8.426142921648e-03
3.240000000000e+02 9.559760051705e-03
3.245000000000e+02 1.070680705574e-02
3.250000000000e+02 1.182467224732e-02
3.255000000000e+02 1.287106285075e-02
3.260000000000e+02 1.380641328024e-02
3.265000000000e+02 1.459620886474e-02
3.270000000000e+02 1.521309379842e-02
3.275000000000e+02 1.563864224933e-02
3.280000000000e+02 1.586468830839e-02
3.285000000000e+02 1.589413293720e-02
3.290000000000e+02 1.574117310409e-02
3.295000000000e+02 1.543092846968e-02
3.300000000000e+02 1.499847271626e-02
3.305000000000e+02 1.448730824354e-02
3.310000000000e+02 1.394735281689e-02
3.315000000000e+02 1.343253327890e-02
3.320000000000e+02 1.299810322062e-02
3.325000000000e+02 1.269781740281e-02
3.330000000000e+02 1.258110485472e-02
3.335000000000e+02 1.269038446307e-02
3.340000000000e+02 1.305866137660e-02
3.345000000000e+02 1.370752991497e-02
3.350000000000e+02 1.464568951635e-02
3.355000000000e+02 1.586805555916e-02
3.360000000000e+02 1.735551786490e-02
3.365000000000e+02 1.907536779320e-02
3.370000000000e+02 2.098238172189e-02
3.375000000000e+02 2.302051601551e-02
3.380000000000e+02 2.512513799405e-02
3.385000000000e+02 2.722569047676e-02
3.390000000000e+02 2.924866556381e-02
3.395000000000e+02 3.112074754978e-02
3.400000000000e+02 3.277197604537e-02
3.405000000000e+02 3.413877897259e-02
3.410000000000e+02 3.516673117556e-02
3.415000000000e+02 3.581290765462e-02
3.420000000000e+02 3.604772022275e-02
3.425000000000e+02 3.585615170466e-02
3.430000000000e+02 3.523833138038e-02
3.435000000000e+02 3.420942772120e-02
3.440000000000e+02 3.279886792315e-02
3.445000000000e+02 3.104892667118e-02
3.450000000000e+02 2.901275725061e-02
3.455000000000e+02 2.675196501822e-02
3.460000000000e+02 2.433384503097e-02
3.465000000000e+02 2.182842116487e-02
3.470000000000e+02 1.930543257637e-02
3.475000000000e+02 1.683141445384e-02
3.480000000000e+02 1.446701362854e-02
3.485000000000e+02 1.226466611386e-02
3.490000000000e+02 1.026674373603e-02
3.495000000000e+02 8.504251757294e-03
3.500000000000e+02 6.996130101249e-03
3.505000000000e+02 5.749179006666e-03
3.510000000000e+02 4.758597329922e-03
3.515000000000e+02 4.009089998051e-03
3.520000000000e+02 3.476471949094e-03
3.525000000000e+02 3.129670813913e-03
3.530000000000e+02 2.933010903184e-03
3.535000000000e+02 2.848647797316e-03
3.540000000000e+02 2.839016669374e-03
3.545000000000e+02 2.869158711210e-03
3.550000000000e+02 2.908798582062e-03
3.555000000000e+02 2.934061168037e-03
3.560000000000e+02 2.928737281708e-03
3.565000000000e+02 2.885034056424e-03
3.570000000000e+02 2.803775272456e-03
3.575000000000e+02 2.694048075878e-03
3.580000000000e+02 2.572323802645e-03
3.585000000000e+02 2.461110197835e-03
3.590000000000e+02 2.387218606046e-03
3.595000000000e+02 2.379751269952e-03
3.600000000000e+02 2.467929537016e-03
3.605000000000e+02 2.678892688254e-03
3.610000000000e+02 3.035598786265e-03
3.615000000000e+02 3.554953305493e-03
3.620000000000e+02 4.246278668841e-03
3.625000000000e+02 5.110218865818e-03
3.630000000000e+02 6.138149101301e-03
3.635000000000e+02 7.312132249741e-03
3.640000000000e+02 8.605433307397e-03
3.645000000000e+02 9.983571688536e-03
3.650000000000e+02 1.140586083514e-02
3.655000000000e+02 1.282735686634e-02
3.660000000000e+02 1.420111433355e-02
3.665000000000e+02 1.548062893494e-02
3.670000000000e+02 1.662233526484e-02
3.675000000000e+02 1.758802292287e-02
3.680000000000e+02 1.834703694534e-02
3.685000000000e+02 1.887813838761e-02
3.690000000000e+02 1.917091748662e-02
3.695000000000e+02 1.922667431466e-02
3.700000000000e+02 1.905870902739e-02
3.705000000000e+02 1.869199428920e-02
3.710000000000e+02 1.816223463387e-02
3.715000000000e+02 1.751434970132e-02
3.720000000000e+02 1.680044879523e-02
3.725000000000e+02 1.607739142959e-02
3.730000000000e+02 1.540405104611e-02
3.735000000000e+02 1.483841569728e-02
3.740000000000e+02 1.443466932157e-02
3.745000000000e+02 1.424039976147e-02
3.750000000000e+02 1.429407473993e-02
3.755000000000e+02 1.462291482368e-02
3.760000000000e+02 1.524127361312e-02
3.765000000000e+02 1.614961092007e-02
3.770000000000e+02 1.733411574890e-02
3.775000000000e+02 1.876700400104e-02
3.780000000000e+02 2.040748254881e-02
3.785000000000e+02 2.220333835495e-02
3.790000000000e+02 2.409308035209e-02
3.795000000000e+02 2.600853437663e-02
3.800000000000e+02 2.787776896931e-02
3.805000000000e+02 2.962821344248e-02
3.810000000000e+02 3.118982009588e-02
3.815000000000e+02 3.249812031299e-02
3.820000000000e+02 3.349702959113e-02
3.825000000000e+02 3.414126907343e-02
3.830000000000e+02 3.439829022266e-02
3.835000000000e+02 3.424961393499e-02
3.840000000000e+02 3.369152438758e-02
3.845000000000e+02 3.273508977744e-02
3.850000000000e+02 3.140551523491e-02
3.855000000000e+02 2.974086590960e-02
3.860000000000e+02 2.779022887329e-02
3.865000000000e+02 2.561140952059e-02
3.870000000000e+02 2.326828024482e-02
3.875000000000e+02 2.082791516366e-02
3.880000000000e+02 1.835765381705e-02
3.885000000000e+02 1.592223860382e-02
3.890000000000e+02 1.358116518555e-02
3.895000000000e+02 1.138637247283e-02
3.900000000000e+02 9.380379816963e-03
3.905000000000e+02 7.594954634189e-03
3.910000000000e+02 6.050365189947e-03
3.915000000000e+02 4.755242157674e-03
3.920000000000e+02 3.707040474014e-03
3.925000000000e+02 2.893061625461e-03
3.930000000000e+02 2.291967468771e-03
3.935000000000e+02 1.875691535235e-03
3.940000000000e+02 1.611633818268e-03
3.945000000000e+02 1.465011340573e-03
3.950000000000e+02 1.401230060231e-03
3.955000000000e+02 1.388144243433e-03
3.960000000000e+02 1.398077260085e-03
3.965000000000e+02 1.409492409932e-03
3.970000000000e+02 1.408223054215e-03
3.975000000000e+02 1.388196881265e-03
3.980000000000e+02 1.351618172898e-03
3.985000000000e+02 1.308602877825e-03
3.990000000000e+02 1.276292442695e-03
3.995000000000e+02 1.277501993315e-03
4.000000000000e+02 1.338984974510e-03
4.005000000000e+02 1.489418286296e-03
4.010000000000e+02 1.757228089120e-03
4.015000000000e+02 2.168385897973e-03
4.020000000000e+02 2.744306815796e-03
4.025000000000e+02 3.499976635833e-03
4.030000000000e+02 4.442422337682e-03
4.035000000000e+02 5.569621868594e-03
4.040000000000e+02 6.869925045538e-03
4.045000000000e+02 8.322029241640e-03
4.050000000000e+02 9.895522749652e-03
4.055000000000e+02 1.155197705459e-02
4.060000000000e+02 1.324653837480e-02
4.065000000000e+02 1.492994044369e-02
4.070000000000e+02 1.655083621951e-02
4.075000000000e+02 1.805832723085e-02
4.080000000000e+02 1.940455675413e-02
4.085000000000e+02 2.054722766041e-02
4.090000000000e+02 2.145190780059e-02
4.095000000000e+02 2.209399524740e-02
4.100000000000e+02 2.246023205011e-02
4.105000000000e+02 2.254967755190e-02
4.110000000000e+02 2.237407961279e-02
4.115000000000e+02 2.195761284746e-02
4.120000000000e+02 2.133598561756e-02
4.125000000000e+02 2.055495030305e-02
4.130000000000e+02 1.966828259966e-02
4.135000000000e+02 1.873532361271e-02
4.140000000000e+02 1.781820187107e-02
4.145000000000e+02 1.697886984454e-02
4.150000000000e+02 1.627610019071e-02
4.155000000000e+02 1.576259022745e-02
4.160000000000e+02 1.548231882958e-02
4.165000000000e+02 1.546828830207e-02
4.170000000000e+02 1.574076538044e-02
4.175000000000e+02 1.630611127769e-02
4.180000000000e+02 1.715626185607e-02
4.185000000000e+02 1.826888706958e-02
4.190000000000e+02 1.960822536461e-02
4.195000000000e+02 2.112655545608e-02
4.200000000000e+02 2.276623652951e-02
4.205000000000e+02 2.446221999568e-02
4.210000000000e+02 2.614491285871e-02
4.215000000000e+02 2.774325571519e-02
4.220000000000e+02 2.918786820870e-02
4.225000000000e+02 3.041411191782e-02
4.230000000000e+02 3.136492527698e-02
4.235000000000e+02 3.199329695909e-02
4.240000000000e+02 3.226426256621e-02
4.245000000000e+02 3.215633352821e-02
4.250000000000e+02 3.166229556821e-02
4.255000000000e+02 3.078934550714e-02
4.260000000000e+02 2.955856795428e-02
4.265000000000e+02 2.800378591020e-02
4.270000000000e+02 2.616984986125e-02
4.275000000000e+02 2.411045702770e-02
4.280000000000e+02 2.188561468812e-02
4.285000000000e+02 1.955887784755e-02
4.290000000000e+02 1.719450113958e-02
4.295000000000e+02 1.485464726633e-02
4.300000000000e+02 1.259678944382e-02
4.305000000000e+02 1.047143347543e-02
4.310000000000e+02 8.520266876755e-03
4.315000000000e+02 6.774818882481e-03
4.320000000000e+02 5.255687426016e-03
4.325000000000e+02 3.972358749152e-03
4.330000000000e+02 2.923613769867e-03
4.335000000000e+02 2.098484363905e-03
4.340000000000e+02 1.477693928431e-03
4.345000000000e+02 1.035491506170e-03
4.350000000000e+02 7.417686771045e-04
4.355000000000e+02 5.643344298961e-04
4.360000000000e+02 4.712160416362e-04
4.365000000000e+02 4.328540043916e-04
4.370000000000e+02 4.240662291202e-04
4.375000000000e+02 4.256707406486e-04
4.380000000000e+02 4.256760976944e-04
4.385000000000e+02 4.199737420210e-04
4.390000000000e+02 4.124950448724e-04
4.395000000000e+02 4.148264240087e-04
4.400000000000e+02 4.453068798268e-04
4.405000000000e+02 5.276619459422e-04
4.410000000000e+02 6.892547415660e-04
4.415000000000e+02 9.590570723349e-04
4.420000000000e+02 1.365460116312e-03
4.425000000000e+02 1.934054219834e-03
4.430000000000e+02 2.685510138445e-03
4.435000000000e+02 3.633689506633e-03
4.440000000000e+02 4.784100623829e-03
4.445000000000e+02 6.132797411674e-03
4.450000000000e+02 7.665795598368e-03
4.455000000000e+02 9.359052093455e-03
4.460000000000e+02 1.117902265005e-02
4.465000000000e+02 1.308378093826e-02
4.470000000000e+02 1.502465080001e-02
4.475000000000e+02 1.694827447854e-02
4.480000000000e+02 1.879901452920e-02
4.485000000000e+02 2.052156733979e-02
4.490000000000e+02 2.206365287949e-02
4.495000000000e+02 2.337863905820e-02
4.500000000000e+02 2.442796043280e-02
4.505000000000e+02 2.518319986486e-02
4.510000000000e+02 2.562771761841e-02
4.515000000000e+02 2.575773457780e-02
4.520000000000e+02 2.558280354961e-02
4.525000000000e+02 2.512563358663e-02
4.530000000000e+02 2.442126532002e-02
4.535000000000e+02 2.351562867555e-02
4.540000000000e+02 2.246354633172e-02
4.545000000000e+02 2.132627517451e-02
4.550000000000e+02 2.016870230204e-02
4.555000000000e+02 1.905633055817e-02
4.560000000000e+02 1.805220016210e-02
4.565000000000e+02 1.721389714299e-02
4.570000000000e+02 1.659079576442e-02
4.575000000000e+02 1.622167111728e-02
4.580000000000e+02 1.613280012448e-02
4.585000000000e+02 1.633664527575e-02
4.590000000000e+02 1.683118672283e-02
4.595000000000e+02 1.759993637645e-02
4.600000000000e+02 1.861263398881e-02
4.605000000000e+02 1.982659162515e-02
4.610000000000e+02 2.118862109881e-02
4.615000000000e+02 2.263745046320e-02
4.620000000000e+02 2.410651199102e-02
4.625000000000e+02 2.552696636366e-02
4.630000000000e+02 2.683081691980e-02
4.635000000000e+02 2.795396428482e-02
4.640000000000e+02 2.883905565872e-02
4.645000000000e+02 2.943799423623e-02
4.650000000000e+02 2.971399206071e-02
4.655000000000e+02 2.964307313337e-02
4.660000000000e+02 2.921496159008e-02
4.665000000000e+02 2.843332077866e-02
4.670000000000e+02 2.731534153658e-02
4.675000000000e+02 2.589071023090e-02
4.680000000000e+02 2.420001755460e-02
4.685000000000e+02 2.229269615377e-02
4.690000000000e+02 2.022459752531e-02
4.695000000000e+02 1.805533517822e-02
4.700000000000e+02 1.584553100447e-02
4.705000000000e+02 1.365410466907e-02
4.710000000000e+02 1.153574150278e-02
4.715000000000e+02 9.538663149795e-03
4.720000000000e+02 7.702807682360e-03
4.725000000000e+02 6.058502981660e-03
4.730000000000e+02 4.625690119417e-03
4.735000000000e+02 3.413723676206e-03
4.740000000000e+02 2.421744962312e-03
4.745000000000e+02 1.639593589458e-03
4.750000000000e+02 1.049194376525e-03
4.755000000000e+02 6.263316549440e-04
4.760000000000e+02 3.427029801067e-04
4.765000000000e+02 1.681301121037e-04
4.770000000000e+02 7.279765176566e-05
4.775000000000e+02 2.938930439858e-05
4.780000000000e+02 1.499841755959e-05
4.785000000000e+02 1.270285170538e-05
4.790000000000e+02 1.271367519815e-05
4.795000000000e+02 1.303159108776e-05
4.800000000000e+02 1.957308985620e-05
4.805000000000e+02 4.575856180994e-05
4.810000000000e+02 1.115853556217e-04
4.815000000000e+02 2.422383566495e-04
4.820000000000e+02 4.663174571319e-04
4.825000000000e+02 8.137838174191e-04
4.830000000000e+02 1.313743814138e-03
4.835000000000e+02 1.992200073694e-03
4.840000000000e+02 2.869902380028e-03
4.845000000000e+02 3.960427289965e-03
4.850000000000e+02 5.268604155370e-03
4.855000000000e+02 6.789387496276e-03
4.860000000000e+02 8.507252216024e-03
4.865000000000e+02 1.039616023765e-02
4.870000000000e+02 1.242011625931e-02
4.875000000000e+02 1.453429813605e-02
4.880000000000e+02 1.668671563403e-02
4.885000000000e+02 1.882032169104e-02
4.890000000000e+02 2.087547450656e-02
4.895000000000e+02 2.279262814806e-02
4.900000000000e+02 2.451511506708e-02
4.905000000000e+02 2.599187681621e-02
4.910000000000e+02 2.717999974307e-02
4.915000000000e+02 2.804692049678e-02
4.920000000000e+02 2.857218152342e-02
4.925000000000e+02 2.874863851833e-02
4.930000000000e+02 2.858304891503e-02
4.935000000000e+02 2.809600155182e-02
4.940000000000e+02 2.732118103385e-02
4.945000000000e+02 2.630399424770e-02
4.950000000000e+02 2.509961921588e-02
4.955000000000e+02 2.377056628292e-02
4.960000000000e+02 2.238386693874e-02
4.965000000000e+02 2.100802508180e-02
4.970000000000e+02 1.970987818398e-02
4.975000000000e+02 1.855152097886e-02
4.980000000000e+02 1.758744168823e-02
4.985000000000e+02 1.686201056290e-02
4.990000000000e+02 1.640744318844e-02
4.995000000000e+02 1.624233747958e-02
5.000000000000e+02 1.637085479796e-02
5.005000000000e+02 1.678258364675e-02
5.010000000000e+02 1.745309056583e-02
5.015000000000e+02 1.834512889855e-02
5.020000000000e+02 1.941044378865e-02
5.025000000000e+02 2.059208271137e-02
5.030000000000e+02 2.182709648922e-02
5.035000000000e+02 2.304949733413e-02
5.040000000000e+02 2.419332886842e-02
5.045000000000e+02 2.519569884718e-02
5.050000000000e+02 2.599962859674e-02
5.055000000000e+02 2.655658377134e-02
5.060000000000e+02 2.682856831529e-02
5.065000000000e+02 2.678968656812e-02
5.070000000000e+02 2.642710604793e-02
5.075000000000e+02 2.574138415298e-02
5.080000000000e+02 2.474615424980e-02
5.085000000000e+02 2.346719871875e-02
5.090000000000e+02 2.194096687844e-02
5.095000000000e+02 2.021262277195e-02
5.100000000000e+02 1.833373024044e-02
5.105000000000e+02 1.635969941946e-02
5.110000000000e+02 1.434712895056e-02
5.115000000000e+02 1.235118138053e-02
5.120000000000e+02 1.042312527469e-02
5.125000000000e+02 8.608166762008e-03
5.130000000000e+02 6.943676192072e-03
5.135000000000e+02 5.457893200255e-03
5.140000000000e+02 4.169166946564e-03
5.145000000000e+02 3.085759037143e-03
5.150000000000e+02 2.206206162808e-03
5.155000000000e+02 1.520209408357e-03
5.160000000000e+02 1.009989071639e-03
5.165000000000e+02 6.520191549792e-04
5.170000000000e+02 4.190357492395e-04
5.175000000000e+02 2.821993726153e-04
5.180000000000e+02 2.132837019947e-04
5.185000000000e+02 1.867624531054e-04
5.190000000000e+02 1.816724709589e-04
5.195000000000e+02 1.831440605155e-04
5.200000000000e+02 1.835085394438e-04
5.205000000000e+02 1.829169285942e-04
5.210000000000e+02 1.894313421483e-04
5.215000000000e+02 2.185805159525e-04
5.220000000000e+02 2.924014146184e-04
5.225000000000e+02 4.380183328000e-04
5.230000000000e+02 6.858377401019e-04
5.235000000000e+02 1.067459840202e-03
5.240000000000e+02 1.613425146881e-03
5.245000000000e+02 2.350925337273e-03
5.250000000000e+02 3.301611577489e-03
5.255000000000e+02 4.479630148228e-03
5.260000000000e+02 5.890004644733e-03
5.265000000000e+02 7.527466797986e-03
5.270000000000e+02 9.375814932692e-03
5.275000000000e+02 1.140785143931e-02
5.280000000000e+02 1.358591984698e-02
5.285000000000e+02 1.586302977922e-02
5.290000000000e+02 1.818452598649e-02
5.295000000000e+02 2.049022750974e-02
5.300000000000e+02 2.271693649278e-02
5.305000000000e+02 2.480119467001e-02
5.310000000000e+02 2.668215031083e-02
5.315000000000e+02 2.830439027364e-02
5.320000000000e+02 2.962059133458e-02
5.325000000000e+02 3.059385213232e-02
5.330000000000e+02 3.119958161963e-02
5.335000000000e+02 3.142684113697e-02
5.340000000000e+02 3.127906400780e-02
5.345000000000e+02 3.077410752292e-02
5.350000000000e+02 2.994362573402e-02
5.355000000000e+02 2.883178586200e-02
5.360000000000e+02 2.749338453626e-02
5.365000000000e+02 2.599145076830e-02
5.370000000000e+02 2.439444891557e-02
5.375000000000e+02 2.277321552641e-02
5.380000000000e+02 2.119777779129e-02
5.385000000000e+02 1.973420763604e-02
5.390000000000e+02 1.844166395277e-02
5.395000000000e+02 1.736976615772e-02
5.400000000000e+02 1.655642568857e-02
5.405000000000e+02 1.602623907396e-02
5.410000000000e+02 1.578951803799e-02
5.415000000000e+02 1.584200019551e-02
5.420000000000e+02 1.616524993497e-02
5.425000000000e+02 1.672772481317e-02
5.430000000000e+02 1.748644994830e-02
5.435000000000e+02 1.838921321136e-02
5.440000000000e+02 1.937716895687e-02
5.445000000000e+02 2.038771883186e-02
5.450000000000e+02 2.135752583764e-02
5.455000000000e+02 2.222551283613e-02
5.460000000000e+02 2.293569928520e-02
5.465000000000e+02 2.343973995437e-02
5.470000000000e+02 2.369904612907e-02
5.475000000000e+02 2.368639243242e-02
5.480000000000e+02 2.338693965956e-02
5.485000000000e+02 2.279863448721e-02
5.490000000000e+02 2.193197899643e-02
5.495000000000e+02 2.080919497098e-02
5.500000000000e+02 1.946283826816e-02
5.505000000000e+02 1.793394566670e-02
5.510000000000e+02 1.626981912484e-02
5.515000000000e+02 1.452156921127e-02
5.520000000000e+02 1.274154982429e-02
5.525000000000e+02 1.098081968321e-02
5.530000000000e+02 9.286762376317e-03
5.535000000000e+02 7.700986257924e-03
5.540000000000e+02 6.257608734377e-03
5.545000000000e+02 4.982007468940e-03
5.550000000000e+02 3.890094888255e-03
5.555000000000e+02 2.988143483939e-03
5.560000000000e+02 2.273159326146e-03
5.565000000000e+02 1.733771479149e-03
5.570000000000e+02 1.351577211593e-03
5.575000000000e+02 1.102858472646e-03
5.580000000000e+02 9.605653385688e-04
5.585000000000e+02 8.964480589662e-04
5.590000000000e+02 8.832116906879e-04
5.595000000000e+02 8.965665083715e-04
5.600000000000e+02 9.170534763381e-04
5.605000000000e+02 9.315367480130e-04
5.610000000000e+02 9.342737702466e-04
5.615000000000e+02 9.274971380936e-04
5.620000000000e+02 9.214696352696e-04
5.625000000000e+02 9.340034570865e-04
5.630000000000e+02 9.894648731092e-04
5.635000000000e+02 1.117314926405e-03
5.640000000000e+02 1.350263586810e-03
5.645000000000e+02 1.722137613414e-03
5.650000000000e+02 2.265579974133e-03
5.655000000000e+02 3.009710002620e-03
5.660000000000e+02 3.977877882659e-03
5.665000000000e+02 5.185644223669e-03
5.670000000000e+02 6.639105503554e-03
5.675000000000e+02 8.333669463933e-03
5.680000000000e+02 1.025336197820e-02
5.685000000000e+02 1.237071962096e-02
5.690000000000e+02 1.464729156306e-02
5.695000000000e+02 1.703474210640e-02
5.700000000000e+02 1.947651287111e-02
5.705000000000e+02 2.190997308205e-02
5.710000000000e+02 2.426895922663e-02
5.715000000000e+02 2.648658306579e-02
5.720000000000e+02 2.849817079225e-02
5.725000000000e+02 3.024418697414e-02
5.730000000000e+02 3.167299536444e-02
5.735000000000e+02 3.274331485145e-02
5.740000000000e+02 3.342624244701e-02
5.745000000000e+02 3.370673568636e-02
5.750000000000e+02 3.358447307209e-02
5.755000000000e+02 3.307404188549e-02
5.760000000000e+02 3.220443623406e-02
5.765000000000e+02 3.101788287091e-02
5.770000000000e+02 2.956804628720e-02
5.775000000000e+02 2.791769606434e-02
5.780000000000e+02 2.613594682678e-02
5.785000000000e+02 2.429520292163e-02
5.790000000000e+02 2.246795502160e-02
5.795000000000e+02 2.072358341123e-02
5.800000000000e+02 1.912532238009e-02
5.805000000000e+02 1.772753193043e-02
5.810000000000e+02 1.657340735092e-02
5.815000000000e+02 1.569323493979e-02
5.820000000000e+02 1.510327445607e-02
5.825000000000e+02 1.480531719323e-02
5.830000000000e+02 1.478693456832e-02
5.835000000000e+02 1.502239756003e-02
5.840000000000e+02 1.547421403401e-02
5.845000000000e+02 1.609520065077e-02
5.850000000000e+02 1.683098020228e-02
5.855000000000e+02 1.762277521994e-02
5.860000000000e+02 1.841035545451e-02
5.865000000000e+02 1.913499101124e-02
5.870000000000e+02 1.974226475825e-02
5.875000000000e+02 2.018460691900e-02
5.880000000000e+02 2.042343096224e-02
5.885000000000e+02 2.043077209702e-02
5.890000000000e+02 2.019035664780e-02
5.895000000000e+02 1.969806087318e-02
5.900000000000e+02 1.896174979457e-02
5.905000000000e+02 1.800051863923e-02
5.910000000000e+02 1.684338991728e-02
5.915000000000e+02 1.552754638563e-02
5.920000000000e+02 1.409620283534e-02
5.925000000000e+02 1.259623664104e-02
5.930000000000e+02 1.107570752304e-02
5.935000000000e+02 9.581400531232e-03
5.940000000000e+02 8.156522719168e-03
5.945000000000e+02 6.838673642257e-03
5.950000000000e+02 5.658193271026e-03
5.955000000000e+02 4.636969047298e-03
5.960000000000e+02 3.787757875657e-03
5.965000000000e+02 3.114050175886e-03
5.970000000000e+02 2.610473243954e-03
5.975000000000e+02 2.263701684286e-03
5.980000000000e+02 2.053815096004e-03
5.985000000000e+02 1.956018979101e-03
5.990000000000e+02 1.942625233514e-03
5.995000000000e+02 1.985174678153e-03
6.000000000000e+02 2.056576448361e-03
6.005000000000e+02 2.133138339527e-03
6.010000000000e+02 2.196368201308e-03
6.015000000000e+02 2.234439045761e-03
6.020000000000e+02 2.243228967083e-03
6.025000000000e+02 2.226870325693e-03
6.030000000000e+02 2.197769710600e-03
6.035000000000e+02 2.176089535628e-03
6.040000000000e+02 2.188712205291e-03
6.045000000000e+02 2.267737010531e-03
6.050000000000e+02 2.448586701318e-03
6.055000000000e+02 2.767823595403e-03
6.060000000000e+02 3.260792859563e-03
6.065000000000e+02 3.959222222580e-03
6.070000000000e+02 4.888912179561e-03
6.075000000000e+02 6.067648386395e-03
6.080000000000e+02 7.503458460833e-03
6.085000000000e+02 9.193319224048e-03
6.090000000000e+02 1.112239832197e-02
6.095000000000e+02 1.326388725569e-02
6.100000000000e+02 1.557945250053e-02
6.105000000000e+02 1.802029917275e-02
6.110000000000e+02 2.052880929889e-02
6.115000000000e+02 2.304068586988e-02
6.120000000000e+02 2.548750617240e-02
6.125000000000e+02 2.779956488106e-02
6.130000000000e+02 2.990887033687e-02
6.135000000000e+02 3.175214730522e-02
6.140000000000e+02 3.327369686842e-02
6.145000000000e+02 3.442796920390e-02
6.150000000000e+02 3.518171767369e-02
6.155000000000e+02 3.551562219875e-02
6.160000000000e+02 3.542529543535e-02
6.165000000000e+02 3.492161550844e-02
6.170000000000e+02 3.403036239526e-02
6.175000000000e+02 3.279116979128e-02
6.180000000000e+02 3.125583864011e-02
6.185000000000e+02 2.948609064978e-02
6.190000000000e+02 2.755086837168e-02
6.195000000000e+02 2.552331130315e-02
6.200000000000e+02 2.347755378191e-02
6.205000000000e+02 2.148549931101e-02
6.210000000000e+02 1.961372691931e-02
6.215000000000e+02 1.792067817521e-02
6.220000000000e+02 1.645425890245e-02
6.225000000000e+02 1.524996826930e-02
6.230000000000e+02 1.432964086698e-02
6.235000000000e+02 1.370085609156e-02
6.240000000000e+02 1.335703524468e-02
6.245000000000e+02 1.327821205430e-02
6.250000000000e+02 1.343242860185e-02
6.255000000000e+02 1.377767767601e-02
6.260000000000e+02 1.426428597261e-02
6.265000000000e+02 1.483761164629e-02
6.270000000000e+02 1.544091555531e-02
6.275000000000e+02 1.601825882399e-02
6.280000000000e+02 1.651728030414e-02
6.285000000000e+02 1.689171606023e-02
6.290000000000e+02 1.710353859080e-02
6.295000000000e+02 1.712461522215e-02
6.300000000000e+02 1.693781176980e-02
6.305000000000e+02 1.653749769695e-02
6.310000000000e+02 1.592944098412e-02
6.315000000000e+02 1.513011305678e-02
6.320000000000e+02 1.416545471145e-02
6.325000000000e+02 1.306918144705e-02
6.330000000000e+02 1.188072954397e-02
6.335000000000e+02 1.064296149016e-02
6.340000000000e+02 9.399760096850e-03
6.345000000000e+02 8.193644386970e-03
6.350000000000e+02 7.063536957057e-03
6.355000000000e+02 6.042802279355e-03
6.360000000000e+02 5.157658933314e-03
6.365000000000e+02 4.426046936232e-03
6.370000000000e+02 3.857005433829e-03
6.375000000000e+02 3.450587367441e-03
6.380000000000e+02 3.198307892426e-03
6.385000000000e+02 3.084093888724e-03
6.390000000000e+02 3.085674395554e-03
6.395000000000e+02 3.176327677045e-03
6.400000000000e+02 3.326881138197e-03
6.405000000000e+02 3.507846475009e-03
6.410000000000e+02 3.691564978699e-03
6.415000000000e+02 3.854237210746e-03
6.420000000000e+02 3.977717363146e-03
6.425000000000e+02 4.050965204081e-03
6.430000000000e+02 4.071066935086e-03
6.435000000000e+02 4.043759598617e-03
6.440000000000e+02 3.983420668782e-03
6.445000000000e+02 3.912513725880e-03
6.450000000000e+02 3.860511120885e-03
6.455000000000e+02 3.862343717054e-03
6.460000000000e+02 3.956454586891e-03
6.465000000000e+02 4.182556514554e-03
6.470000000000e+02 4.579211075983e-03
6.475000000000e+02 5.181358911715e-03
6.480000000000e+02 6.017935909795e-03
6.485000000000e+02 7.109708033334e-03
6.490000000000e+02 8.467448456998e-03
6.495000000000e+02 1.009056494142e-02
6.500000000000e+02 1.196626370552e-02
6.505000000000e+02 1.406930952138e-02
6.510000000000e+02 1.636241168807e-02
6.515000000000e+02 1.879723347160e-02
6.520000000000e+02 2.131599018359e-02
6.525000000000e+02 2.385357000227e-02
6.530000000000e+02 2.634008355773e-02
6.535000000000e+02 2.870372470999e-02
6.540000000000e+02 3.087380712642e-02
6.545000000000e+02 3.278383020679e-02
6.550000000000e+02 3.437442426868e-02
6.555000000000e+02 3.559602894098e-02
6.560000000000e+02 3.641117028934e-02
6.565000000000e+02 3.679622079448e-02
6.570000000000e+02 3.674255102272e-02
6.575000000000e+02 3.625701137400e-02
6.580000000000e+02 3.536171523726e-02
6.585000000000e+02 3.409312951720e-02
6.590000000000e+02 3.250051299525e-02
6.595000000000e+02 3.064377558946e-02
6.600000000000e+02 2.859086058218e-02
6.605000000000e+02 2.641477574778e-02
6.610000000000e+02 2.419041679003e-02
6.615000000000e+02 2.199133666532e-02
6.620000000000e+02 1.988661668166e-02
6.625000000000e+02 1.793798960058e-02
6.630000000000e+02 1.619735162609e-02
6.635000000000e+02 1.470477984787e-02
6.640000000000e+02 1.348714548993e-02
6.645000000000e+02 1.255738258959e-02
6.650000000000e+02 1.191443812052e-02
6.655000000000e+02 1.154389485241e-02
6.660000000000e+02 1.141922424283e-02
6.665000000000e+02 1.150359515559e-02
6.670000000000e+02 1.175213685326e-02
6.675000000000e+02 1.211453292215e-02
6.680000000000e+02 1.253780764538e-02
6.685000000000e+02 1.296915861988e-02
6.690000000000e+02 1.335868943589e-02
6.695000000000e+02 1.366190391038e-02
6.700000000000e+02 1.384183823609e-02
6.705000000000e+02 1.387072858701e-02
6.710000000000e+02 1.373113801522e-02
6.715000000000e+02 1.341649643095e-02
6.720000000000e+02 1.293103943819e-02
6.725000000000e+02 1.228916407659e-02
6.730000000000e+02 1.151425037259e-02
6.735000000000e+02 1.063702540412e-02
6.740000000000e+02 9.693569889293e-03
6.745000000000e+02 8.723084933353e-03
6.750000000000e+02 7.765547641513e-03
6.755000000000e+02 6.859388309983e-03
6.760000000000e+02 6.039318716232e-03
6.765000000000e+02 5.334430898353e-03
6.770000000000e+02 4.766669343747e-03
6.775000000000e+02 4.349757644601e-03
6.780000000000e+02 4.088634655175e-03
6.785000000000e+02 3.979426388379e-03
6.790000000000e+02 4.009949905809e-03
6.795000000000e+02 4.160715865917e-03
6.800000000000e+02 4.406368770929e-03
6.805000000000e+02 4.717479754352e-03
6.810000000000e+02 5.062587234272e-03
6.815000000000e+02 5.410366945158e-03
6.820000000000e+02 5.731805464960e-03
6.825000000000e+02 6.002250755325e-03
6.830000000000e+02 6.203219458338e-03
6.835000000000e+02 6.323853418368e-03
6.840000000000e+02 6.361936461895e-03
6.845000000000e+02 6.324405909931e-03
6.850000000000e+02 6.227320402508e-03
6.855000000000e+02 6.095274978945e-03
6.860000000000e+02 5.960284451202e-03
6.865000000000e+02 5.860185360301e-03
6.870000000000e+02 5.836633692489e-03
6.875000000000e+02 5.932798616495e-03
6.880000000000e+02 6.190870551857e-03
6.885000000000e+02 6.649513930987e-03
6.890000000000e+02 7.341400339423e-03
6.895000000000e+02 8.290956021106e-03
6.900000000000e+02 9.512448998992e-03
6.905000000000e+02 1.100852566068e-02
6.910000000000e+02 1.276928534491e-02
6.915000000000e+02 1.477195525006e-02
6.920000000000e+02 1.698119817706e-02
6.925000000000e+02 1.935005371729e-02
6.930000000000e+02 2.182148112485e-02
6.935000000000e+02 2.433044093410e-02
6.940000000000e+02 2.680642402132e-02
6.945000000000e+02 2.917631275709e-02
6.950000000000e+02 3.136744043967e-02
6.955000000000e+02 3.331070335120e-02
6.960000000000e+02 3.494357521615e-02
6.965000000000e+02 3.621287687441e-02
6.970000000000e+02 3.707716452251e-02
6.975000000000e+02 3.750861745284e-02
6.980000000000e+02 3.749433000249e-02
6.985000000000e+02 3.703694121555e-02
6.990000000000e+02 3.615456807087e-02
6.995000000000e+02 3.488004242700e-02
7.000000000000e+02 3.325948630156e-02
7.005000000000e+02 3.135029294384e-02
7.010000000000e+02 2.921861069270e-02
7.015000000000e+02 2.693645128557e-02
7.020000000000e+02 2.457856280071e-02
7.025000000000e+02 2.221921879333e-02
7.030000000000e+02 1.992907882311e-02
7.035000000000e+02 1.777227126685e-02
7.040000000000e+02 1.580383728240e-02
7.045000000000e+02 1.406765567206e-02
7.050000000000e+02 1.259494318991e-02
7.055000000000e+02 1.140339488450e-02
7.060000000000e+02 1.049699594660e-02
7.065000000000e+02 9.866502005644e-03
7.070000000000e+02 9.490550702370e-03
7.075000000000e+02 9.337335476226e-03
7.080000000000e+02 9.366744510907e-03
7.085000000000e+02 9.532845150748e-03
7.090000000000e+02 9.786577990520e-03
7.095000000000e+02 1.007851608405e-02
7.100000000000e+02 1.036154370320e-02
7.105000000000e+02 1.059331579256e-02
7.110000000000e+02 1.073837330622e-02
7.115000000000e+02 1.076981012746e-02
7.120000000000e+02 1.067041310639e-02
7.125000000000e+02 1.043322646059e-02
7.130000000000e+02 1.006152372648e-02
7.135000000000e+02 9.568202874975e-03
7.140000000000e+02 8.974651360704e-03
7.145000000000e+02 8.309156089908e-03
7.150000000000e+02 7.604957075911e-03
7.155000000000e+02 6.898061665859e-03
7.160000000000e+02 6.224947752229e-03
7.165000000000e+02 5.620288774159e-03
7.170000000000e+02 5.114830404579e-03
7.175000000000e+02 4.733538843940e-03
7.180000000000e+02 4.494124210529e-03
7.185000000000e+02 4.406020563714e-03
7.190000000000e+02 4.469877876964e-03
7.195000000000e+02 4.677592212171e-03
7.200000000000e+02 5.012870038371e-03
7.205000000000e+02 5.452292705517e-03
7.210000000000e+02 5.966819145657e-03
7.215000000000e+02 6.523640388091e-03
7.220000000000e+02 7.088279750009e-03
7.225000000000e+02 7.626818623709e-03
7.230000000000e+02 8.108120344541e-03
7.235000000000e+02 8.505924071360e-03
7.240000000000e+02 8.800686965603e-03
7.245000000000e+02 8.981065873151e-03
7.250000000000e+02 9.044948519208e-03
7.255000000000e+02 8.999967939956e-03
7.260000000000e+02 8.863461263894e-03
7.265000000000e+02 8.661863600011e-03
7.270000000000e+02 8.429558151941e-03
7.275000000000e+02 8.207233180518e-03
7.280000000000e+02 8.039823549522e-03
7.285000000000e+02 7.974137889330e-03
7.290000000000e+02 8.056290664321e-03
7.295000000000e+02 8.329070678505e-03
7.300000000000e+02 8.829383101833e-03
7.305000000000e+02 9.585900600047e-03
7.310000000000e+02 1.061705066333e-02
7.315000000000e+02 1.192945107959e-02
7.320000000000e+02 1.351688441474e-02
7.325000000000e+02 1.535987638695e-02
7.330000000000e+02 1.742591341010e-02
7.335000000000e+02 1.967030280829e-02
7.340000000000e+02 2.203764687919e-02
7.345000000000e+02 2.446387073993e-02
7.350000000000e+02 2.687871532575e-02
7.355000000000e+02 2.920858250919e-02
7.360000000000e+02 3.137960034635e-02
7.365000000000e+02 3.332076395111e-02
7.370000000000e+02 3.496700214545e-02
7.375000000000e+02 3.626202216863e-02
7.380000000000e+02 3.716079430590e-02
7.385000000000e+02 3.763155489445e-02
7.390000000000e+02 3.765722900267e-02
7.395000000000e+02 3.723620200862e-02
7.400000000000e+02 3.638240096706e-02
7.405000000000e+02 3.512468045704e-02
7.410000000000e+02 3.350554180928e-02
7.415000000000e+02 3.157924748212e-02
7.420000000000e+02 2.940942219000e-02
7.425000000000e+02 2.706625765771e-02
7.430000000000e+02 2.462345723226e-02
7.435000000000e+02 2.215506902647e-02
7.440000000000e+02 1.973236113182e-02
7.445000000000e+02 1.742088945316e-02
7.450000000000e+02 1.527789802961e-02
7.455000000000e+02 1.335017386777e-02
7.460000000000e+02 1.167245425747e-02
7.465000000000e+02 1.026645553446e-02
7.470000000000e+02 9.140559829217e-03
7.475000000000e+02 8.290162215356e-03
7.480000000000e+02 7.698646656858e-03
7.485000000000e+02 7.338927050688e-03
7.490000000000e+02 7.175461179453e-03
7.495000000000e+02 7.166622023767e-03
7.500000000000e+02 7.267293863480e-03
7.505000000000e+02 7.431550807252e-03
7.510000000000e+02 7.615273300964e-03
7.515000000000e+02 7.778563841319e-03
7.520000000000e+02 7.887836219566e-03
7.525000000000e+02 7.917472343697e-03
7.530000000000e+02 7.850965938663e-03
7.535000000000e+02 7.681501778177e-03
7.540000000000e+02 7.411950916879e-03
7.545000000000e+02 7.054294918175e-03
7.550000000000e+02 6.628523525531e-03
7.555000000000e+02 6.161078891941e-03
7.560000000000e+02 5.682943820510e-03
7.565000000000e+02 5.227490185007e-03
7.570000000000e+02 4.828215818303e-03
7.575000000000e+02 4.516503073246e-03
7.580000000000e+02 4.319529768346e-03
7.585000000000e+02 4.258453529246e-03
7.590000000000e+02 4.346974213732e-03
7.595000000000e+02 4.590357106864e-03
7.600000000000e+02 4.984973137808e-03
7.605000000000e+02 5.518382961424e-03
7.610000000000e+02 6.169961001945e-03
7.615000000000e+02 6.912025113584e-03
7.620000000000e+02 7.711409059057e-03
7.625000000000e+02 8.531390034027e-03
7.630000000000e+02 9.333863300889e-03
7.635000000000e+02 1.008164173952e-02
7.640000000000e+02 1.074075046242e-02
7.645000000000e+02 1.128258601285e-02
7.650000000000e+02 1.168581606975e-02
7.655000000000e+02 1.193790867524e-02
7.660000000000e+02 1.203619908697e-02
7.665000000000e+02 1.198842643609e-02
7.670000000000e+02 1.181270018295e-02
7.675000000000e+02 1.153688645968e-02
7.680000000000e+02 1.119743520994e-02
7.685000000000e+02 1.083769898340e-02
7.690000000000e+02 1.050582176401e-02
7.695000000000e+02 1.025229987798e-02
7.700000000000e+02 1.012733560861e-02
7.705000000000e+02 1.017811666972e-02
7.710000000000e+02 1.044616046590e-02
7.715000000000e+02 1.096486078612e-02
7.720000000000e+02 1.175736626458e-02
7.725000000000e+02 1.283490494746e-02
7.730000000000e+02 1.419564836602e-02
7.735000000000e+02 1.582418266228e-02
7.740000000000e+02 1.769162479374e-02
7.745000000000e+02 1.975639012096e-02
7.750000000000e+02 2.196558535809e-02
7.755000000000e+02 2.425696954347e-02
7.760000000000e+02 2.656139695389e-02
7.765000000000e+02 2.880563120354e-02
7.770000000000e+02 3.091540040540e-02
7.775000000000e+02 3.281855023963e-02
7.780000000000e+02 3.444814576954e-02
7.785000000000e+02 3.574537422226e-02
7.790000000000e+02 3.666210968644e-02
7.795000000000e+02 3.716301638825e-02
7.800000000000e+02 3.722708914531e-02
7.805000000000e+02 3.684855667885e-02
7.810000000000e+02 3.603710437313e-02
7.815000000000e+02 3.481740627138e-02
7.820000000000e+02 3.322798989252e-02
7.825000000000e+02 3.131949013464e-02
7.830000000000e+02 2.915237846694e-02
7.835000000000e+02 2.679427922720e-02
7.840000000000e+02 2.431700481109e-02
7.845000000000e+02 2.179345484916e-02
7.850000000000e+02 1.929453038573e-02
7.855000000000e+02 1.688621229546e-02
7.860000000000e+02 1.462694376893e-02
7.865000000000e+02 1.256544015032e-02
7.870000000000e+02 1.073902657478e-02
7.875000000000e+02 9.172575923696e-03
7.880000000000e+02 7.878088060967e-03
7.885000000000e+02 6.854917799595e-03
7.890000000000e+02 6.090625350593e-03
7.895000000000e+02 5.562390916808e-03
7.900000000000e+02 5.238906321599e-03
7.905000000000e+02 5.082632632256e-03
7.910000000000e+02 5.052294929514e-03
7.915000000000e+02 5.105474617796e-03
7.920000000000e+02 5.201156528416e-03
7.925000000000e+02 5.302092665514e-03
7.930000000000e+02 5.376856512865e-03
7.935000000000e+02 5.401480648835e-03
7.940000000000e+02 5.360594944750e-03
7.945000000000e+02 5.248011481697e-03
7.950000000000e+02 5.066733884391e-03
7.955000000000e+02 4.828401299039e-03
7.960000000000e+02 4.552208928353e-03
7.965000000000e+02 4.263376136150e-03
7.970000000000e+02 3.991258055538e-03
7.975000000000e+02 3.767216025003e-03
7.980000000000e+02 3.622374996589e-03
7.985000000000e+02 3.585401640592e-03
7.990000000000e+02 3.680434946664e-03
7.995000000000e+02 3.925291841405e-03
8.000000000000e+02 4.330054263160e-03
8.005000000000e+02 4.896122177394e-03
8.010000000000e+02 5.615790420262e-03
8.015000000000e+02 6.472377518895e-03
8.020000000000e+02 7.440903375515e-03
8.025000000000e+02 8.489281659131e-03
8.030000000000e+02 9.579963622776e-03
8.035000000000e+02 1.067194437959e-02
8.040000000000e+02 1.172302188349e-02
8.045000000000e+02 1.269218403585e-02
8.050000000000e+02 1.354199124530e-02
8.055000000000e+02 1.424082087420e-02
8.060000000000e+02 1.476484630955e-02
8.065000000000e+02 1.509963656369e-02
8.070000000000e+02 1.524128163924e-02
8.075000000000e+02 1.519697335909e-02
8.080000000000e+02 1.498499967698e-02
8.085000000000e+02 1.463414116700e-02
8.090000000000e+02 1.418248984029e-02
8.095000000000e+02 1.367574102342e-02
8.100000000000e+02 1.316503716917e-02
8.105000000000e+02 1.270446670366e-02
8.110000000000e+02 1.234834009457e-02
8.115000000000e+02 1.214837825583e-02
8.120000000000e+02 1.215095451800e-02
8.125000000000e+02 1.239453037146e-02
8.130000000000e+02 1.290741703445e-02
8.135000000000e+02 1.370598001499e-02
8.140000000000e+02 1.479338297212e-02
8.145000000000e+02 1.615894132824e-02
8.150000000000e+02 1.777812653121e-02
8.155000000000e+02 1.961323009917e-02
8.160000000000e+02 2.161466415246e-02
8.165000000000e+02 2.372284367230e-02
8.170000000000e+02 2.587056679546e-02
8.175000000000e+02 2.798578450833e-02
8.180000000000e+02 2.999463139771e-02
8.185000000000e+02 3.182457565131e-02
8.190000000000e+02 3.340753997223e-02
8.195000000000e+02 3.468284583294e-02
8.200000000000e+02 3.559984153501e-02
8.205000000000e+02 3.612008949150e-02
8.210000000000e+02 3.621900929373e-02
8.215000000000e+02 3.588689942958e-02
8.220000000000e+02 3.512929068594e-02
8.225000000000e+02 3.396661681311e-02
8.230000000000e+02 3.243322133134e-02
8.235000000000e+02 3.057575170864e-02
8.240000000000e+02 2.845102195952e-02
8.245000000000e+02 2.612345046290e-02
8.250000000000e+02 2.366220014162e-02
8.255000000000e+02 2.113816207011e-02
8.260000000000e+02 1.862093034480e-02
8.265000000000e+02 1.617591528848e-02
8.270000000000e+02 1.386173381031e-02
8.275000000000e+02 1.172800041439e-02
8.280000000000e+02 9.813620729388e-03
8.285000000000e+02 8.145662640422e-03
8.290000000000e+02 6.738849540980e-03
8.295000000000e+02 5.595687492945e-03
8.300000000000e+02 4.707204912877e-03
8.305000000000e+02 4.054251554313e-03
8.310000000000e+02 3.609274721395e-03
8.315000000000e+02 3.338466371402e-03
8.320000000000e+02 3.204156343048e-03
8.325000000000e+02 3.167315365458e-03
8.330000000000e+02 3.190027382263e-03
8.335000000000e+02 3.237794271477e-03
8.340000000000e+02 3.281547052352e-03
8.345000000000e+02 3.299255517721e-03
8.350000000000e+02 3.277051923518e-03
8.355000000000e+02 3.209812587569e-03
8.360000000000e+02 3.101172415948e-03
8.365000000000e+02 2.962979766409e-03
8.370000000000e+02 2.814230863173e-03
8.375000000000e+02 2.679552433420e-03
8.380000000000e+02 2.587326710602e-03
8.385000000000e+02 2.567573033524e-03
8.390000000000e+02 2.649713859473e-03
8.395000000000e+02 2.860359364479e-03
8.400000000000e+02 3.221243589550e-03
8.405000000000e+02 3.747436395593e-03
8.410000000000e+02 4.445939815432e-03
8.415000000000e+02 5.314755627008e-03
8.420000000000e+02 6.342484339390e-03
8.425000000000e+02 7.508485760128e-03
8.430000000000e+02 8.783599595264e-03
8.435000000000e+02 1.013139282633e-02
8.440000000000e+02 1.150987068088e-02
8.445000000000e+02 1.287356154009e-02
8.450000000000e+02 1.417586445559e-02
8.455000000000e+02 1.537153233253e-02
8.460000000000e+02 1.641915511198e-02
8.465000000000e+02 1.728350585753e-02
8.470000000000e+02 1.793761864927e-02
8.475000000000e+02 1.836448026715e-02
8.480000000000e+02 1.855823709644e-02
8.485000000000e+02 1.852484348264e-02
8.490000000000e+02 1.828210658725e-02
8.495000000000e+02 1.785911413180e-02
8.500000000000e+02 1.729506362220e-02
8.505000000000e+02 1.663754303889e-02
8.510000000000e+02 1.594034193016e-02
8.515000000000e+02 1.526089685746e-02
8.520000000000e+02 1.465749492842e-02
8.525000000000e+02 1.418637269005e-02
8.530000000000e+02 1.389885425833e-02
8.535000000000e+02 1.383867189699e-02
8.540000000000e+02 1.403960433823e-02
8.545000000000e+02 1.452355337867e-02
8.550000000000e+02 1.529915844212e-02
8.555000000000e+02 1.636102286294e-02
8.560000000000e+02 1.768959597286e-02
8.565000000000e+02 1.925172312795e-02
8.570000000000e+02 2.100184314704e-02
8.575000000000e+02 2.288378092554e-02
8.580000000000e+02 2.483305378181e-02
8.585000000000e+02 2.677958483759e-02
8.590000000000e+02 2.865069668693e-02
8.595000000000e+02 3.037424475758e-02
8.600000000000e+02 3.188174280501e-02
8.605000000000e+02 3.311133324653e-02
8.610000000000e+02 3.401046253335e-02
8.615000000000e+02 3.453813610564e-02
8.620000000000e+02 3.466664797430e-02
8.625000000000e+02 3.438270561429e-02
8.630000000000e+02 3.368790036945e-02
8.635000000000e+02 3.259850550106e-02
8.640000000000e+02 3.114461677942e-02
8.645000000000e+02 2.936868246451e-02
8.650000000000e+02 2.732349909165e-02
8.655000000000e+02 2.506977516572e-02
8.660000000000e+02 2.267338536592e-02
8.665000000000e+02 2.020245215787e-02
8.670000000000e+02 1.772439907953e-02
8.675000000000e+02 1.530311998239e-02
8.680000000000e+02 1.299640122402e-02
8.685000000000e+02 1.085371954508e-02
8.690000000000e+02 8.914517871274e-03
8.695000000000e+02 7.207035605990e-03
8.700000000000e+02 5.747740455989e-03
8.705000000000e+02 4.541376999235e-03
8.710000000000e+02 3.581614730050e-03
8.715000000000e+02 2.852246917163e-03
8.720000000000e+02 2.328862949497e-03
8.725000000000e+02 1.980892457427e-03
8.730000000000e+02 1.773900687541e-03
8.735000000000e+02 1.672002399817e-03
8.740000000000e+02 1.640256607296e-03
8.745000000000e+02 1.646907065618e-03
8.750000000000e+02 1.665343407704e-03
8.755000000000e+02 1.675674663492e-03
8.760000000000e+02 1.665829683758e-03
8.765000000000e+02 1.632126447212e-03
8.770000000000e+02 1.579282857942e-03
8.775000000000e+02 1.519873731038e-03
8.780000000000e+02 1.473270439853e-03
8.785000000000e+02 1.464129384364e-03
8.790000000000e+02 1.520521376087e-03
8.795000000000e+02 1.671814769868e-03
8.800000000000e+02 1.946439541286e-03
8.805000000000e+02 2.369666699474e-03
8.810000000000e+02 2.961537030523e-03
8.815000000000e+02 3.735065200524e-03
8.820000000000e+02 4.694830147838e-03
8.825000000000e+02 5.836041295052e-03
8.830000000000e+02 7.144143602608e-03
8.835000000000e+02 8.594994341005e-03
8.840000000000e+02 1.015561233141e-02
8.845000000000e+02 1.178546809022e-02
8.850000000000e+02 1.343825261762e-02
8.855000000000e+02 1.506403509837e-02
8.860000000000e+02 1.661169718400e-02
8.865000000000e+02 1.803151492461e-02
8.870000000000e+02 1.927774975126e-02
8.875000000000e+02 2.031110777507e-02
8.880000000000e+02 2.110093209731e-02
8.885000000000e+02 2.162700556720e-02
8.890000000000e+02 2.188086081699e-02
8.895000000000e+02 2.186651938467e-02
8.900000000000e+02 2.160061098766e-02
8.905000000000e+02 2.111185598811e-02
8.910000000000e+02 2.043992710314e-02
8.915000000000e+02 1.963373873039e-02
8.920000000000e+02 1.874924219216e-02
8.925000000000e+02 1.784683119467e-02
8.930000000000e+02 1.698848251205e-02
8.935000000000e+02 1.623477127425e-02
8.940000000000e+02 1.564190753632e-02
8.945000000000e+02 1.525894067602e-02
8.950000000000e+02 1.512527061770e-02
8.955000000000e+02 1.526859032009e-02
8.960000000000e+02 1.570336316026e-02
8.965000000000e+02 1.642991282185e-02
8.970000000000e+02 1.743417340530e-02
8.975000000000e+02 1.868811524903e-02
8.980000000000e+02 2.015082892492e-02
8.985000000000e+02 2.177021778088e-02
8.990000000000e+02 2.348521980005e-02
8.995000000000e+02 2.522845387843e-02
9.000000000000e+02 2.692916517347e-02
9.005000000000e+02 2.851632992678e-02
9.010000000000e+02 2.992177279465e-02
9.015000000000e+02 3.108314957165e-02
9.020000000000e+02 3.194665524948e-02
9.025000000000e+02 3.246933124061e-02
9.030000000000e+02 3.262086561008e-02
9.035000000000e+02 3.238480529180e-02
9.040000000000e+02 3.175912826485e-02
9.045000000000e+02 3.075615508557e-02
9.050000000000e+02 2.940181145595e-02
9.055000000000e+02 2.773428505961e-02
9.060000000000e+02 2.580214914675e-02
9.065000000000e+02 2.366205083725e-02
9.070000000000e+02 2.137608260270e-02
9.075000000000e+02 1.900896984192e-02
9.080000000000e+02 1.662521515426e-02
9.085000000000e+02 1.428634048827e-02
9.090000000000e+02 1.204836176206e-02
9.095000000000e+02 9.959617143949e-03
9.100000000000e+02 8.059050645632e-03
9.105000000000e+02 6.375028020489e-03
9.110000000000e+02 4.924733436205e-03
9.115000000000e+02 3.714164485709e-03
9.120000000000e+02 2.738711424206e-03
9.125000000000e+02 1.984275730019e-03
9.130000000000e+02 1.428854808623e-03
9.135000000000e+02 1.044495396655e-03
9.140000000000e+02 7.994992737026e-04
9.145000000000e+02 6.607522864337e-04
9.150000000000e+02 5.960421230412e-04
9.155000000000e+02 5.762320684700e-04
9.160000000000e+02 5.771670446194e-04
9.165000000000e+02 5.812041283337e-04
9.170000000000e+02 5.782815895921e-04
9.175000000000e+02 5.664671251497e-04
9.180000000000e+02 5.519559271100e-04
9.185000000000e+02 5.485208722905e-04
9.190000000000e+02 5.764486973962e-04
9.195000000000e+02 6.610257786395e-04
9.200000000000e+02 8.306633926055e-04
9.205000000000e+02 1.114773616557e-03
9.210000000000e+02 1.541522117253e-03
9.215000000000e+02 2.135592103301e-03
9.220000000000e+02 2.916094194992e-03
9.225000000000e+02 3.894749834575e-03
9.230000000000e+02 5.074461481820e-03
9.235000000000e+02 6.448361984489e-03
9.240000000000e+02 7.999409315529e-03
9.245000000000e+02 9.700562761202e-03
9.250000000000e+02 1.151554428976e-02
9.255000000000e+02 1.340015602112e-02
9.260000000000e+02 1.530409324374e-02
9.265000000000e+02 1.717316404952e-02
9.270000000000e+02 1.895180299756e-02
9.275000000000e+02 2.058574845416e-02
9.280000000000e+02 2.202474256280e-02
9.285000000000e+02 2.322510964318e-02
9.290000000000e+02 2.415207341306e-02
9.295000000000e+02 2.478168562702e-02
9.300000000000e+02 2.510225777788e-02
9.305000000000e+02 2.511521246111e-02
9.310000000000e+02 2.483530053115e-02
9.315000000000e+02 2.429016269259e-02
9.320000000000e+02 2.351924795929e-02
9.325000000000e+02 2.257213469344e-02
9.330000000000e+02 2.150633095609e-02
9.335000000000e+02 2.038465803742e-02
9.340000000000e+02 1.927234288071e-02
9.345000000000e+02 1.823396054311e-02
9.350000000000e+02 1.733037606611e-02
9.355000000000e+02 1.661583575592e-02
9.360000000000e+02 1.613535088888e-02
9.365000000000e+02 1.592250265451e-02
9.370000000000e+02 1.599777646318e-02
9.375000000000e+02 1.636750767726e-02
9.380000000000e+02 1.702349072259e-02
9.385000000000e+02 1.794327091610e-02
9.390000000000e+02 1.909110487669e-02
9.395000000000e+02 2.041954278232e-02
9.400000000000e+02 2.187155557124e-02
9.405000000000e+02 2.338310397549e-02
9.410000000000e+02 2.488602531341e-02
9.415000000000e+02 2.631109923321e-02
9.420000000000e+02 2.759114579099e-02
9.425000000000e+02 2.866400869945e-02
9.430000000000e+02 2.947528327190e-02
9.435000000000e+02 2.998066212471e-02
9.440000000000e+02 3.014779137328e-02
9.445000000000e+02 2.995755484529e-02
9.450000000000e+02 2.940473248232e-02
9.455000000000e+02 2.849801016452e-02
9.460000000000e+02 2.725935012184e-02
9.465000000000e+02 2.572276230424e-02
9.470000000000e+02 2.393254603993e-02
9.475000000000e+02 2.194109657732e-02
9.480000000000e+02 1.980639144822e-02
9.485000000000e+02 1.758928603458e-02
9.490000000000e+02 1.535075555630e-02
9.495000000000e+02 1.314922154356e-02
9.500000000000e+02 1.103809472683e-02
9.505000000000e+02 9.063653478694e-03
9.510000000000e+02 7.263358132614e-03
9.515000000000e+02 5.664677663443e-03
9.520000000000e+02 4.284477571320e-03
9.525000000000e+02 3.128987776438e-03
9.530000000000e+02 2.194338466994e-03
9.535000000000e+02 1.467621751358e-03
9.540000000000e+02 9.284092200505e-04
9.545000000000e+02 5.506315883341e-04
9.550000000000e+02 3.047077408816e-04
9.555000000000e+02 1.597977547550e-04
9.560000000000e+02 8.604853797692e-05
9.565000000000e+02 5.670193907032e-05
9.570000000000e+02 4.994352610362e-05
9.575000000000e+02 5.038528547520e-05
9.580000000000e+02 5.009647344995e-05
9.585000000000e+02 4.912265529857e-05
9.590000000000e+02 5.546220310132e-05
9.595000000000e+02 8.450060996984e-05
9.600000000000e+02 1.579342098984e-04
9.605000000000e+02 3.022445427959e-04
9.610000000000e+02 5.468110132810e-04
9.615000000000e+02 9.217711673841e-04
9.620000000000e+02 1.455753606582e-03
9.625000000000e+02 2.173617349420e-03
9.630000000000e+02 3.094332789546e-03
9.635000000000e+02 4.229133147741e-03
9.640000000000e+02 5.580051759243e-03
9.645000000000e+02 7.138940370849e-03
9.650000000000e+02 8.887037913480e-03
9.655000000000e+02 1.079512934974e-02
9.660000000000e+02 1.282430179599e-02
9.665000000000e+02 1.492727196891e-02
9.670000000000e+02 1.705022692482e-02
9.675000000000e+02 1.913509083138e-02
9.680000000000e+02 2.112210574292e-02
9.685000000000e+02 2.295259550222e-02
9.690000000000e+02 2.457176991526e-02
9.695000000000e+02 2.593142201091e-02
9.700000000000e+02 2.699237480676e-02
9.705000000000e+02 2.772654529986e-02
9.710000000000e+02 2.811851186842e-02
9.715000000000e+02 2.816649595955e-02
9.720000000000e+02 2.788269848647e-02
9.725000000000e+02 2.729296422826e-02
9.730000000000e+02 2.643578197159e-02
9.735000000000e+02 2.536066232551e-02
9.740000000000e+02 2.412596726779e-02
9.745000000000e+02 2.279629385583e-02
9.750000000000e+02 2.143953766972e-02
9.755000000000e+02 2.012377824848e-02
9.760000000000e+02 1.891413817819e-02
9.765000000000e+02 1.786976912606e-02
9.770000000000e+02 1.704111193373e-02
9.775000000000e+02 1.646756423647e-02
9.780000000000e+02 1.617566871190e-02
9.785000000000e+02 1.617790904780e-02
9.790000000000e+02 1.647217043793e-02
9.795000000000e+02 1.704188844189e-02
9.800000000000e+02 1.785687606062e-02
9.805000000000e+02 1.887478561768e-02
9.810000000000e+02 2.004313120498e-02
9.815000000000e+02 2.130177055079e-02
9.820000000000e+02 2.258572351308e-02
9.825000000000e+02 2.382818906210e-02
9.830000000000e+02 2.496361426939e-02
9.835000000000e+02 2.593066781965e-02
9.840000000000e+02 2.667497688010e-02
9.845000000000e+02 2.715149940465e-02
9.850000000000e+02 2.732642338166e-02
9.855000000000e+02 2.717850912088e-02
9.860000000000e+02 2.669981913633e-02
9.865000000000e+02 2.589581106397e-02
9.870000000000e+02 2.478480079255e-02
9.875000000000e+02 2.339683400131e-02
9.880000000000e+02 2.177203304278e-02
9.885000000000e+02 1.995851118837e-02
9.890000000000e+02 1.800996645012e-02
9.895000000000e+02 1.598308151124e-02
9.900000000000e+02 1.393486411966e-02
9.905000000000e+02 1.192006323663e-02
9.910000000000e+02 9.988790287426e-03
9.915000000000e+02 8.184462408072e-03
9.920000000000e+02 6.542166238843e-03
9.925000000000e+02 5.087517547109e-03
9.930000000000e+02 3.836064998433e-03
9.935000000000e+02 2.793257080225e-03
9.940000000000e+02 1.954961054506e-03
9.945000000000e+02 1.308493418590e-03
9.950000000000e+02 8.340942125509e-04
9.955000000000e+02 5.067540464467e-04
9.960000000000e+02 2.982841660170e-04
9.965000000000e+02 1.795072253949e-04
9.970000000000e+02 1.224403823942e-04
9.975000000000e+02 1.023432310423e-04
9.980000000000e+02 9.951092990341e-05
9.985000000000e+02 1.007072972794e-04
9.990000000000e+02 1.001528979781e-04
9.995000000000e+02 1.000081928855e-04
1.000000000000e+03 1.103203408451e-04
