# time(fs)  |c_e1|^2/n0  (N=1, n0=1e-2, NVIB=2)
0.000000000000e+00 0.000000000000e+00
5.000000000000e-01 3.322177157499e-07
1.000000000000e+00 5.279091285130e-06
1.500000000000e+00 2.642092182554e-05
2.000000000000e+00 8.217289952114e-05
2.500000000000e+00 1.965117965374e-04
3.000000000000e+00 3.972993023251e-04
3.500000000000e+00 7.143003714906e-04
4.000000000000e+00 1.177012793502e-03
4.500000000000e+00 1.812435295608e-03
5.000000000000e+00 2.642905324013e-03
5.500000000000e+00 3.684134125355e-03
6.000000000000e+00 4.943556208819e-03
6.500000000000e+00 6.419093441435e-03
7.000000000000e+00 8.098411916556e-03
7.500000000000e+00 9.958723658882e-03
8.000000000000e+00 1.196715652245e-02
8.500000000000e+00 1.408168587892e-02
9.000000000000e+00 1.625259223850e-02
9.500000000000e+00 1.842438131386e-02
1.000000000000e+01 2.053807841013e-02
1.050000000000e+01 2.253378858981e-02
1.100000000000e+01 2.435339874660e-02
1.150000000000e+01 2.594328823360e-02
1.200000000000e+01 2.725691156803e-02
1.250000000000e+01 2.825712021249e-02
1.300000000000e+01 2.891810050125e-02
1.350000000000e+01 2.922682118420e-02
1.400000000000e+01 2.918390616596e-02
1.450000000000e+01 2.880387502451e-02
1.500000000000e+01 2.811472457345e-02
1.550000000000e+01 2.715685772639e-02
1.600000000000e+01 2.598139956677e-02
1.650000000000e+01 2.464797307123e-02
1.700000000000e+01 2.322203655230e-02
1.750000000000e+01 2.177190981070e-02
1.800000000000e+01 2.036563463110e-02
1.850000000000e+01 1.906782632186e-02
1.900000000000e+01 1.793667560021e-02
1.950000000000e+01 1.702125386788e-02
2.000000000000e+01 1.635925996932e-02
2.050000000000e+01 1.597532360797e-02
2.100000000000e+01 1.587995099295e-02
2.150000000000e+01 1.606916373192e-02
2.200000000000e+01 1.652484459066e-02
2.250000000000e+01 1.721576577118e-02
2.300000000000e+01 1.809923917286e-02
2.350000000000e+01 1.912329587611e-02
2.400000000000e+01 2.022927570154e-02
2.450000000000e+01 2.135468862098e-02
2.500000000000e+01 2.243619895008e-02
2.550000000000e+01 2.341258098579e-02
2.600000000000e+01 2.422750085139e-02
2.650000000000e+01 2.483199303176e-02
2.700000000000e+01 2.518652024661e-02
2.750000000000e+01 2.526253042403e-02
2.800000000000e+01 2.504345291817e-02
2.850000000000e+01 2.452510602491e-02
2.900000000000e+01 2.371551762073e-02
2.950000000000e+01 2.263418887219e-02
3.000000000000e+01 2.131085617807e-02
3.050000000000e+01 1.978382782894e-02
3.100000000000e+01 1.809798861384e-02
3.150000000000e+01 1.630257737191e-02
3.200000000000e+01 1.444884912417e-02
3.250000000000e+01 1.258773500449e-02
3.300000000000e+01 1.076760994632e-02
3.350000000000e+01 9.032270349263e-03
3.400000000000e+01 7.419212178257e-03
3.450000000000e+01 5.958284643987e-03
3.500000000000e+01 4.670776356757e-03
3.550000000000e+01 3.568970264034e-03
3.600000000000e+01 2.656181473256e-03
3.650000000000e+01 1.927268998523e-03
3.700000000000e+01 1.369589436164e-03
3.750000000000e+01 9.643384919757e-04
3.800000000000e+01 6.882061719347e-04
3.850000000000e+01 5.152543426403e-04
3.900000000000e+01 4.189122593247e-04
3.950000000000e+01 3.739774651342e-04
4.000000000000e+01 3.585069124410e-04
4.050000000000e+01 3.554867257638e-04
4.100000000000e+01 3.541788760947e-04
4.150000000000e+01 3.510589537886e-04
4.200000000000e+01 3.502806002397e-04
4.250000000000e+01 3.636279856729e-04
4.300000000000e+01 4.099466514599e-04
4.350000000000e+01 5.140734463864e-04
4.400000000000e+01 7.053163835084e-04
4.450000000000e+01 1.015563185873e-03
4.500000000000e+01 1.477121313674e-03
4.550000000000e+01 2.120410821482e-03
4.600000000000e+01 2.971643248169e-03
4.650000000000e+01 4.050624064986e-03
4.700000000000e+01 5.368812631019e-03
4.750000000000e+01 6.927762239131e-03
4.800000000000e+01 8.718044259887e-03
4.850000000000e+01 1.071873558619e-02
4.900000000000e+01 1.289751892924e-02
4.950000000000e+01 1.521141257846e-02
5.000000000000e+01 1.760811185295e-02
5.050000000000e+01 2.002789045307e-02
5.100000000000e+01 2.240597811094e-02
5.150000000000e+01 2.467530305617e-02
5.200000000000e+01 2.676946538449e-02
5.250000000000e+01 2.862579169609e-02
5.300000000000e+01 3.018831330703e-02
5.350000000000e+01 3.141051052800e-02
5.400000000000e+01 3.225767410506e-02
5.450000000000e+01 3.270875172626e-02
5.500000000000e+01 3.275757181346e-02
5.550000000000e+01 3.241336758589e-02
5.600000000000e+01 3.170056012028e-02
5.650000000000e+01 3.065779800822e-02
5.700000000000e+01 2.933629118737e-02
5.750000000000e+01 2.779751533539e-02
5.800000000000e+01 2.611039860033e-02
5.850000000000e+01 2.434813222251e-02
5.900000000000e+01 2.258476884871e-02
5.950000000000e+01 2.089178551017e-02
6.000000000000e+01 1.933479131197e-02
6.050000000000e+01 1.797055246184e-02
6.100000000000e+01 1.684448963369e-02
6.150000000000e+01 1.598877579204e-02
6.200000000000e+01 1.542112811733e-02
6.250000000000e+01 1.514434774562e-02
6.300000000000e+01 1.514661823653e-02
6.350000000000e+01 1.540253079301e-02
6.400000000000e+01 1.587476405490e-02
6.450000000000e+01 1.651631133032e-02
6.500000000000e+01 1.727312057856e-02
6.550000000000e+01 1.808699387420e-02
6.600000000000e+01 1.889858435357e-02
6.650000000000e+01 1.965032993947e-02
6.700000000000e+01 2.028917388334e-02
6.750000000000e+01 2.076894116623e-02
6.800000000000e+01 2.105226535591e-02
6.850000000000e+01 2.111199058267e-02
6.900000000000e+01 2.093200567068e-02
6.950000000000e+01 2.050749997361e-02
7.000000000000e+01 1.984466113330e-02
7.050000000000e+01 1.895986215769e-02
7.100000000000e+01 1.787840765886e-02
7.150000000000e+01 1.663292602320e-02
7.200000000000e+01 1.526150539444e-02
7.250000000000e+01 1.380567670218e-02
7.300000000000e+01 1.230834702195e-02
7.350000000000e+01 1.081178195643e-02
7.400000000000e+01 9.355727313384e-03
7.450000000000e+01 7.975748985935e-03
7.500000000000e+01 6.701856437364e-03
7.550000000000e+01 5.557460304534e-03
7.600000000000e+01 4.558698948839e-03
7.650000000000e+01 3.714152783713e-03
7.700000000000e+01 3.024949232114e-03
7.750000000000e+01 2.485245482882e-03
7.800000000000e+01 2.083061047216e-03
7.850000000000e+01 1.801417706041e-03
7.900000000000e+01 1.619731084330e-03
7.950000000000e+01 1.515386177062e-03
8.000000000000e+01 1.465419170489e-03
8.050000000000e+01 1.448220423128e-03
8.100000000000e+01 1.445169114028e-03
8.150000000000e+01 1.442109438711e-03
8.200000000000e+01 1.430581856286e-03
8.250000000000e+01 1.408731117970e-03
8.300000000000e+01 1.381825745637e-03
8.350000000000e+01 1.362341080058e-03
8.400000000000e+01 1.369579437845e-03
8.450000000000e+01 1.428825408834e-03
8.500000000000e+01 1.570060673258e-03
8.550000000000e+01 1.826289443952e-03
8.600000000000e+01 2.231551102933e-03
8.650000000000e+01 2.818719112782e-03
8.700000000000e+01 3.617203232782e-03
8.750000000000e+01 4.650684053907e-03
8.800000000000e+01 5.935013803800e-03
8.850000000000e+01 7.476414591143e-03
8.900000000000e+01 9.270094567005e-03
8.950000000000e+01 1.129938418514e-02
9.000000000000e+01 1.353546963034e-02
9.050000000000e+01 1.593776981736e-02
9.100000000000e+01 1.845496874790e-02
9.150000000000e+01 2.102667835497e-02
9.200000000000e+01 2.358567034753e-02
9.250000000000e+01 2.606058110724e-02
9.300000000000e+01 2.837896344923e-02
9.350000000000e+01 3.047053492074e-02
9.400000000000e+01 3.227045587037e-02
9.450000000000e+01 3.372246295958e-02
9.500000000000e+01 3.478168589684e-02
9.550000000000e+01 3.541698711782e-02
9.600000000000e+01 3.561268566903e-02
9.650000000000e+01 3.536955668873e-02
9.700000000000e+01 3.470503526873e-02
9.750000000000e+01 3.365259613834e-02
9.800000000000e+01 3.226032620185e-02
9.850000000000e+01 3.058875287344e-02
9.900000000000e+01 2.870803457042e-02
9.950000000000e+01 2.669465790232e-02
1.000000000000e+02 2.462781647303e-02
1.005000000000e+02 2.258566663361e-02
1.010000000000e+02 2.064166439895e-02
1.015000000000e+02 1.886118420540e-02
1.020000000000e+02 1.729860419509e-02
1.025000000000e+02 1.599501508619e-02
1.030000000000e+02 1.497667209853e-02
1.035000000000e+02 1.425426427123e-02
1.040000000000e+02 1.382302584330e-02
1.045000000000e+02 1.366366355066e-02
1.050000000000e+02 1.374402520957e-02
1.055000000000e+02 1.402139213163e-02
1.060000000000e+02 1.444524362078e-02
1.065000000000e+02 1.496031826222e-02
1.070000000000e+02 1.550978527087e-02
1.075000000000e+02 1.603834025660e-02
1.080000000000e+02 1.649505282268e-02
1.085000000000e+02 1.683581703427e-02
1.090000000000e+02 1.702528778534e-02
1.095000000000e+02 1.703822379663e-02
1.100000000000e+02 1.686019839910e-02
1.105000000000e+02 1.648767944181e-02
1.110000000000e+02 1.592751685374e-02
1.115000000000e+02 1.519590827391e-02
1.120000000000e+02 1.431693803399e-02
1.125000000000e+02 1.332080160396e-02
1.130000000000e+02 1.224183604696e-02
1.135000000000e+02 1.111647742513e-02
1.140000000000e+02 9.981259311214e-03
1.145000000000e+02 8.870953924006e-03
1.150000000000e+02 7.816940461636e-03
1.155000000000e+02 6.845865626536e-03
1.160000000000e+02 5.978640719944e-03
1.165000000000e+02 5.229799429103e-03
1.170000000000e+02 4.607221672441e-03
1.175000000000e+02 4.112212384682e-03
1.180000000000e+02 3.739910342902e-03
1.185000000000e+02 3.479991164595e-03
1.190000000000e+02 3.317620278348e-03
1.195000000000e+02 3.234605625363e-03
1.200000000000e+02 3.210695648429e-03
1.205000000000e+02 3.224965320276e-03
1.210000000000e+02 3.257231199777e-03
1.215000000000e+02 3.289435579335e-03
1.220000000000e+02 3.306939687131e-03
1.225000000000e+02 3.299666815440e-03
1.230000000000e+02 3.263038508633e-03
1.235000000000e+02 3.198651017303e-03
1.240000000000e+02 3.114645590281e-03
1.245000000000e+02 3.025735248653e-03
1.250000000000e+02 2.952862717470e-03
1.255000000000e+02 2.922479188363e-03
1.260000000000e+02 2.965451248849e-03
1.265000000000e+02 3.115623010851e-03
1.270000000000e+02 3.408081239669e-03
1.275000000000e+02 3.877191895435e-03
1.280000000000e+02 4.554495525438e-03
1.285000000000e+02 5.466564879986e-03
1.290000000000e+02 6.632939512833e-03
1.295000000000e+02 8.064257697605e-03
1.300000000000e+02 9.760704754434e-03
1.305000000000e+02 1.171088832328e-02
1.310000000000e+02 1.389123509012e-02
1.315000000000e+02 1.626598049678e-02
1.320000000000e+02 1.878779392507e-02
1.325000000000e+02 2.139904821703e-02
1.330000000000e+02 2.403370598618e-02
1.335000000000e+02 2.661975810371e-02
1.340000000000e+02 2.908211429157e-02
1.345000000000e+02 3.134581421691e-02
1.350000000000e+02 3.333940202620e-02
1.355000000000e+02 3.499828980663e-02
1.360000000000e+02 3.626792749102e-02
1.365000000000e+02 3.710659925538e-02
1.370000000000e+02 3.748767985838e-02
1.375000000000e+02 3.740120837828e-02
1.380000000000e+02 3.685467046635e-02
1.385000000000e+02 3.587292192799e-02
1.390000000000e+02 3.449723392587e-02
1.395000000000e+02 3.278349067583e-02
1.400000000000e+02 3.079962104958e-02
1.405000000000e+02 2.862239278767e-02
1.410000000000e+02 2.633373882488e-02
1.415000000000e+02 2.401681660377e-02
1.420000000000e+02 2.175202075443e-02
1.425000000000e+02 1.961317542295e-02
1.430000000000e+02 1.766412400243e-02
1.435000000000e+02 1.595591120682e-02
1.440000000000e+02 1.452471656675e-02
1.445000000000e+02 1.339065171376e-02
1.450000000000e+02 1.255747936338e-02
1.455000000000e+02 1.201325346518e-02
1.460000000000e+02 1.173182169040e-02
1.465000000000e+02 1.167507747655e-02
1.470000000000e+02 1.179580312392e-02
1.475000000000e+02 1.204091123104e-02
1.480000000000e+02 1.235487140949e-02
1.485000000000e+02 1.268310402233e-02
1.490000000000e+02 1.297513267684e-02
1.495000000000e+02 1.318731124384e-02
1.500000000000e+02 1.328497704725e-02
1.505000000000e+02 1.324392648368e-02
1.510000000000e+02 1.305115903458e-02
1.515000000000e+02 1.270488652177e-02
1.520000000000e+02 1.221385272482e-02
1.525000000000e+02 1.159605073835e-02
1.530000000000e+02 1.087695897974e-02
1.535000000000e+02 1.008743970657e-02
1.540000000000e+02 9.261455372860e-03
1.545000000000e+02 8.433758192932e-03
1.550000000000e+02 7.637697843176e-03
1.555000000000e+02 6.903272976234e-03
1.560000000000e+02 6.255526347136e-03
1.565000000000e+02 5.713353356552e-03
1.570000000000e+02 5.288762259684e-03
1.575000000000e+02 4.986593579381e-03
1.580000000000e+02 4.804678472256e-03
1.585000000000e+02 4.734392523338e-03
1.590000000000e+02 4.761543732313e-03
1.595000000000e+02 4.867521762008e-03
1.600000000000e+02 5.030629753619e-03
1.605000000000e+02 5.227519600555e-03
1.610000000000e+02 5.434655572515e-03
1.615000000000e+02 5.629738422401e-03
1.620000000000e+02 5.793031335403e-03
1.625000000000e+02 5.908539095581e-03
1.630000000000e+02 5.965001637159e-03
1.635000000000e+02 5.956671982348e-03
1.640000000000e+02 5.883856051375e-03
1.645000000000e+02 5.753197919306e-03
1.650000000000e+02 5.577699070085e-03
1.655000000000e+02 5.376464596025e-03
1.660000000000e+02 5.174173798750e-03
1.665000000000e+02 5.000277985205e-03
1.670000000000e+02 4.887935044834e-03
1.675000000000e+02 4.872699053397e-03
1.680000000000e+02 4.990993786339e-03
1.685000000000e+02 5.278411380238e-03
1.690000000000e+02 5.767890834790e-03
1.695000000000e+02 6.487844623475e-03
1.700000000000e+02 7.460314152112e-03
1.705000000000e+02 8.699244786501e-03
1.710000000000e+02 1.020897727465e-02
1.715000000000e+02 1.198305337704e-02
1.720000000000e+02 1.400342838669e-02
1.725000000000e+02 1.624017146852e-02
1.730000000000e+02 1.865171625082e-02
1.735000000000e+02 2.118569938527e-02
1.740000000000e+02 2.378039488124e-02
1.745000000000e+02 2.636671845690e-02
1.750000000000e+02 2.887074090443e-02
1.755000000000e+02 3.121661480467e-02
1.760000000000e+02 3.332978725800e-02
1.765000000000e+02 3.514034501683e-02
1.770000000000e+02 3.658631970570e-02
1.775000000000e+02 3.761677151899e-02
1.780000000000e+02 3.819447123377e-02
1.785000000000e+02 3.829801319347e-02
1.790000000000e+02 3.792321607701e-02
1.795000000000e+02 3.708370290813e-02
1.800000000000e+02 3.581059525049e-02
1.805000000000e+02 3.415130653944e-02
1.810000000000e+02 3.216747305953e-02
1.815000000000e+02 2.993211478597e-02
1.820000000000e+02 2.752616854604e-02
1.825000000000e+02 2.503457909320e-02
1.830000000000e+02 2.254216640578e-02
1.835000000000e+02 2.012950704452e-02
1.840000000000e+02 1.786907177492e-02
1.845000000000e+02 1.582184994118e-02
1.850000000000e+02 1.403466348680e-02
1.855000000000e+02 1.253833148867e-02
1.860000000000e+02 1.134679221374e-02
1.865000000000e+02 1.045722763461e-02
1.870000000000e+02 9.851169437202e-03
1.875000000000e+02 9.496500645977e-03
1.880000000000e+02 9.350207914038e-03
1.885000000000e+02 9.361690780305e-03
1.890000000000e+02 9.476399487418e-03
1.895000000000e+02 9.639554899410e-03
1.900000000000e+02 9.799703947873e-03
1.905000000000e+02 9.911881680275e-03
1.910000000000e+02 9.940184780759e-03
1.915000000000e+02 9.859608474072e-03
1.920000000000e+02 9.657055092371e-03
1.925000000000e+02 9.331483705465e-03
1.930000000000e+02 8.893231266819e-03
1.935000000000e+02 8.362592064009e-03
1.940000000000e+02 7.767789806570e-03
1.945000000000e+02 7.142512244403e-03
1.950000000000e+02 6.523199709657e-03
1.955000000000e+02 5.946285563050e-03
1.960000000000e+02 5.445578577387e-03
1.965000000000e+02 5.049956298452e-03
1.970000000000e+02 4.781506798466e-03
1.975000000000e+02 4.654217051098e-03
1.980000000000e+02 4.673262843339e-03
1.985000000000e+02 4.834911189223e-03
1.990000000000e+02 5.127004892950e-03
1.995000000000e+02 5.529963022009e-03
2.000000000000e+02 6.018202741595e-03
2.005000000000e+02 6.561868606624e-03
2.010000000000e+02 7.128745569464e-03
2.015000000000e+02 7.686231401338e-03
2.020000000000e+02 8.203252009696e-03
2.025000000000e+02 8.652017744664e-03
2.030000000000e+02 9.009538323425e-03
2.035000000000e+02 9.258836347503e-03
2.040000000000e+02 9.389822440444e-03
2.045000000000e+02 9.399816888261e-03
2.050000000000e+02 9.293721726748e-03
2.055000000000e+02 9.083862440353e-03
2.060000000000e+02 8.789529215075e-03
2.065000000000e+02 8.436254062940e-03
2.070000000000e+02 8.054862583564e-03
2.075000000000e+02 7.680338576158e-03
2.080000000000e+02 7.350537340661e-03
2.085000000000e+02 7.104780593794e-03
2.090000000000e+02 6.982363690171e-03
2.095000000000e+02 7.021005261916e-03
2.100000000000e+02 7.255271085491e-03
2.105000000000e+02 7.715008113908e-03
2.110000000000e+02 8.423830850091e-03
2.115000000000e+02 9.397709792667e-03
2.120000000000e+02 1.064371939796e-02
2.125000000000e+02 1.215900945664e-02
2.130000000000e+02 1.393006749473e-02
2.135000000000e+02 1.593233936758e-02
2.140000000000e+02 1.813026951878e-02
2.145000000000e+02 2.047781070135e-02
2.150000000000e+02 2.291943517348e-02
2.155000000000e+02 2.539165591053e-02
2.160000000000e+02 2.782503828654e-02
2.165000000000e+02 3.014665159102e-02
2.170000000000e+02 3.228287773678e-02
2.175000000000e+02 3.416246397245e-02
2.180000000000e+02 3.571967985820e-02
2.185000000000e+02 3.689741865388e-02
2.190000000000e+02 3.765007175681e-02
2.195000000000e+02 3.794600364338e-02
2.200000000000e+02 3.776946496198e-02
2.205000000000e+02 3.712180327269e-02
2.210000000000e+02 3.602186390617e-02
2.215000000000e+02 3.450551603397e-02
2.220000000000e+02 3.262428907398e-02
2.225000000000e+02 3.044315894121e-02
2.230000000000e+02 2.803757887145e-02
2.235000000000e+02 2.548990166321e-02
2.240000000000e+02 2.288538527312e-02
2.245000000000e+02 2.030800805309e-02
2.250000000000e+02 1.783634040718e-02
2.255000000000e+02 1.553972400009e-02
2.260000000000e+02 1.347499670481e-02
2.265000000000e+02 1.168397135450e-02
2.270000000000e+02 1.019183054391e-02
2.275000000000e+02 9.006541012653e-03
2.280000000000e+02 8.119323515620e-03
2.285000000000e+02 7.506142389298e-03
2.290000000000e+02 7.130108662139e-03
2.295000000000e+02 6.944626961343e-03
2.300000000000e+02 6.897064704580e-03
2.305000000000e+02 6.932686328351e-03
2.310000000000e+02 6.998578536008e-03
2.315000000000e+02 7.047296169289e-03
2.320000000000e+02 7.039982044531e-03
2.325000000000e+02 6.948756012549e-03
2.330000000000e+02 6.758225159276e-03
2.335000000000e+02 6.466033834146e-03
2.340000000000e+02 6.082443674916e-03
2.345000000000e+02 5.629004307301e-03
2.350000000000e+02 5.136439468213e-03
2.355000000000e+02 4.641926146085e-03
2.360000000000e+02 4.185982235478e-03
2.365000000000e+02 3.809198794555e-03
2.370000000000e+02 3.549055381531e-03
2.375000000000e+02 3.437041729845e-03
2.380000000000e+02 3.496278159919e-03
2.385000000000e+02 3.739783699654e-03
2.390000000000e+02 4.169488789794e-03
2.395000000000e+02 4.776033026820e-03
2.400000000000e+02 5.539332066089e-03
2.405000000000e+02 6.429845716853e-03
2.410000000000e+02 7.410434979814e-03
2.415000000000e+02 8.438662058264e-03
2.420000000000e+02 9.469365988480e-03
2.425000000000e+02 1.045733822742e-02
2.430000000000e+02 1.135992698174e-02
2.435000000000e+02 1.213941502185e-02
2.440000000000e+02 1.276504114555e-02
2.445000000000e+02 1.321456771666e-02
2.450000000000e+02 1.347533281770e-02
2.455000000000e+02 1.354476249631e-02
2.460000000000e+02 1.343035344007e-02
2.465000000000e+02 1.314916673601e-02
2.470000000000e+02 1.272689722990e-02
2.475000000000e+02 1.219659927398e-02
2.480000000000e+02 1.159715789703e-02
2.485000000000e+02 1.097159508919e-02
2.490000000000e+02 1.036529498810e-02
2.495000000000e+02 9.824220941270e-03
2.500000000000e+02 9.393183628283e-03
2.505000000000e+02 9.114204749722e-03
2.510000000000e+02 9.025007172929e-03
2.515000000000e+02 9.157651492478e-03
2.520000000000e+02 9.537331822141e-03
2.525000000000e+02 1.018134077998e-02
2.530000000000e+02 1.109821487678e-02
2.535000000000e+02 1.228707606903e-02
2.540000000000e+02 1.373719176451e-02
2.545000000000e+02 1.542778239270e-02
2.550000000000e+02 1.732811094907e-02
2.555000000000e+02 1.939789094234e-02
2.560000000000e+02 2.158804648517e-02
2.565000000000e+02 2.384184988756e-02
2.570000000000e+02 2.609644773104e-02
2.575000000000e+02 2.828476636709e-02
2.580000000000e+02 3.033776317601e-02
2.585000000000e+02 3.218696245229e-02
2.590000000000e+02 3.376718667188e-02
2.595000000000e+02 3.501936768849e-02
2.600000000000e+02 3.589330076655e-02
2.605000000000e+02 3.635018980169e-02
2.610000000000e+02 3.636482675020e-02
2.615000000000e+02 3.592725378901e-02
2.620000000000e+02 3.504377380565e-02
2.625000000000e+02 3.373720339372e-02
2.630000000000e+02 3.204630155650e-02
2.635000000000e+02 3.002435473248e-02
2.640000000000e+02 2.773695173020e-02
2.645000000000e+02 2.525903706357e-02
2.650000000000e+02 2.267138401881e-02
2.655000000000e+02 2.005667532118e-02
2.660000000000e+02 1.749541549379e-02
2.665000000000e+02 1.506192138464e-02
2.670000000000e+02 1.282064323231e-02
2.675000000000e+02 1.082305654051e-02
2.680000000000e+02 9.105334802007e-03
2.685000000000e+02 7.686966097951e-03
2.690000000000e+02 6.570415610875e-03
2.695000000000e+02 5.741865265555e-03
2.700000000000e+02 5.172986212859e-03
2.705000000000e+02 4.823625506537e-03
2.710000000000e+02 4.645221047596e-03
2.715000000000e+02 4.584704264987e-03
2.720000000000e+02 4.588612756475e-03
2.725000000000e+02 4.607118572350e-03
2.730000000000e+02 4.597683645686e-03
2.735000000000e+02 4.528081844716e-03
2.740000000000e+02 4.378575148186e-03
2.745000000000e+02 4.143095718445e-03
2.750000000000e+02 3.829360988263e-03
2.755000000000e+02 3.457929194782e-03
2.760000000000e+02 3.060281639592e-03
2.765000000000e+02 2.676089090332e-03
2.770000000000e+02 2.349877683431e-03
2.775000000000e+02 2.127350167161e-03
2.780000000000e+02 2.051638603057e-03
2.785000000000e+02 2.159763703215e-03
2.790000000000e+02 2.479554532230e-03
2.795000000000e+02 3.027242661818e-03
2.800000000000e+02 3.805890682290e-03
2.805000000000e+02 4.804750873627e-03
2.810000000000e+02 5.999581014521e-03
2.815000000000e+02 7.353876059687e-03
2.820000000000e+02 8.820911773404e-03
2.825000000000e+02 1.034644371796e-02
2.830000000000e+02 1.187186565298e-02
2.835000000000e+02 1.333760765473e-02
2.840000000000e+02 1.468654706573e-02
2.845000000000e+02 1.586721443676e-02
2.850000000000e+02 1.683660042921e-02
2.855000000000e+02 1.756240567808e-02
2.860000000000e+02 1.802462057492e-02
2.865000000000e+02 1.821637199953e-02
2.870000000000e+02 1.814402520975e-02
2.875000000000e+02 1.782657751440e-02
2.880000000000e+02 1.729442254864e-02
2.885000000000e+02 1.658759719105e-02
2.890000000000e+02 1.575364552544e-02
2.895000000000e+02 1.484524488370e-02
2.900000000000e+02 1.391773810514e-02
2.905000000000e+02 1.302670484323e-02
2.910000000000e+02 1.222568507759e-02
2.915000000000e+02 1.156414252896e-02
2.920000000000e+02 1.108572741796e-02
2.925000000000e+02 1.082686992478e-02
2.930000000000e+02 1.081571053796e-02
2.935000000000e+02 1.107135342520e-02
2.940000000000e+02 1.160341545627e-02
2.945000000000e+02 1.241183717357e-02
2.950000000000e+02 1.348692251717e-02
2.955000000000e+02 1.480958035279e-02
2.960000000000e+02 1.635175103452e-02
2.965000000000e+02 1.807701311167e-02
2.970000000000e+02 1.994137648086e-02
2.975000000000e+02 2.189427648183e-02
2.980000000000e+02 2.387978676537e-02
2.985000000000e+02 2.583806591590e-02
2.990000000000e+02 2.770704328493e-02
2.995000000000e+02 2.942433360949e-02
3.000000000000e+02 3.092934890968e-02
3.005000000000e+02 3.216555179223e-02
3.010000000000e+02 3.308276908692e-02
3.015000000000e+02 3.363946151642e-02
3.020000000000e+02 3.380482671825e-02
3.025000000000e+02 3.356060205107e-02
3.030000000000e+02 3.290243238762e-02
3.035000000000e+02 3.184067797082e-02
3.040000000000e+02 3.040055891577e-02
3.045000000000e+02 2.862156555337e-02
3.050000000000e+02 2.655610601104e-02
3.055000000000e+02 2.426741160075e-02
3.060000000000e+02 2.182677333184e-02
3.065000000000e+02 1.931023514404e-02
3.070000000000e+02 1.679491687358e-02
3.075000000000e+02 1.435517821657e-02
3.080000000000e+02 1.205886012423e-02
3.085000000000e+02 9.963849058712e-03
3.090000000000e+02 8.115200403861e-03
3.095000000000e+02 6.543029522511e-03
3.100000000000e+02 5.261333503456e-03
3.105000000000e+02 4.267846178360e-03
3.110000000000e+02 3.544957581882e-03
3.115000000000e+02 3.061651977666e-03
3.120000000000e+02 2.776341924714e-03
3.125000000000e+02 2.640405964725e-03
3.130000000000e+02 2.602180401846e-03
3.135000000000e+02 2.611116495258e-03
3.140000000000e+02 2.621796983003e-03
3.145000000000e+02 2.597512207118e-03
3.150000000000e+02 2.513126209130e-03
3.155000000000e+02 2.357014939646e-03
3.160000000000e+02 2.131928197588e-03
3.165000000000e+02 1.854708542334e-03
3.170000000000e+02 1.554887598987e-03
3.175000000000e+02 1.272265820333e-03
3.180000000000e+02 1.053658968699e-03
3.185000000000e+02 9.490571943774e-04
3.190000000000e+02 1.007485774286e-03
3.195000000000e+02 1.272877179748e-03
3.200000000000e+02 1.780260920152e-03
3.205000000000e+02 2.552551268391e-03
3.210000000000e+02 3.598166049136e-03
3.215000000000e+02 4.909646245487e-03
3.220000000000e+02 6.463371492952e-03
3.225000000000e+02 8.220386513518e-03
3.230000000000e+02 1.012827432416e-02
3.235000000000e+02 1.212393946826e-02
3.240000000000e+02 1.413710372028e-02
3.245000000000e+02 1.609427172680e-02
3.250000000000e+02 1.792289763741e-02
3.255000000000e+02 1.955547721758e-02
3.260000000000e+02 2.093330297393e-02
3.265000000000e+02 2.200965081924e-02
3.270000000000e+02 2.275221284502e-02
3.275000000000e+02 2.314464792175e-02
3.280000000000e+02 2.318718553685e-02
3.285000000000e+02 2.289628357031e-02
3.290000000000e+02 2.230340273508e-02
3.295000000000e+02 2.145301474692e-02
3.300000000000e+02 2.040000423683e-02
3.305000000000e+02 1.920665334941e-02
3.310000000000e+02 1.793941143586e-02
3.315000000000e+02 1.666565014370e-02
3.320000000000e+02 1.545058767912e-02
3.325000000000e+02 1.435453739904e-02
3.330000000000e+02 1.343059839699e-02
3.335000000000e+02 1.272286322640e-02
3.340000000000e+02 1.226517440181e-02
3.345000000000e+02 1.208042074963e-02
3.350000000000e+02 1.218033042014e-02
3.355000000000e+02 1.256569197065e-02
3.360000000000e+02 1.322691988490e-02
3.365000000000e+02 1.414487655154e-02
3.370000000000e+02 1.529186826345e-02
3.375000000000e+02 1.663274642847e-02
3.380000000000e+02 1.812606425800e-02
3.385000000000e+02 1.972526072304e-02
3.390000000000e+02 2.137986427735e-02
3.395000000000e+02 2.303672586131e-02
3.400000000000e+02 2.464130159282e-02
3.405000000000e+02 2.613900875878e-02
3.410000000000e+02 2.747667363917e-02
3.415000000000e+02 2.860407676478e-02
3.420000000000e+02 2.947558184847e-02
3.425000000000e+02 3.005181111428e-02
3.430000000000e+02 3.030130495076e-02
3.435000000000e+02 3.020208093035e-02
3.440000000000e+02 2.974298945648e-02
3.445000000000e+02 2.892475347573e-02
3.450000000000e+02 2.776058003133e-02
3.455000000000e+02 2.627624325413e-02
3.460000000000e+02 2.450956192721e-02
3.465000000000e+02 2.250922910205e-02
3.470000000000e+02 2.033299431311e-02
3.475000000000e+02 1.804524762683e-02
3.480000000000e+02 1.571410515623e-02
3.485000000000e+02 1.340814332779e-02
3.490000000000e+02 1.119296956182e-02
3.495000000000e+02 9.127845800770e-03
3.500000000000e+02 7.262594938518e-03
3.505000000000e+02 5.635016148040e-03
3.510000000000e+02 4.269012306108e-03
3.515000000000e+02 3.173591681843e-03
3.520000000000e+02 2.342849056864e-03
3.525000000000e+02 1.756962256363e-03
3.530000000000e+02 1.384163933617e-03
3.535000000000e+02 1.183571458265e-03
3.540000000000e+02 1.108686513387e-03
3.545000000000e+02 1.111316892167e-03
3.550000000000e+02 1.145631621720e-03
3.555000000000e+02 1.172041195167e-03
3.560000000000e+02 1.160599807306e-03
3.565000000000e+02 1.093656412040e-03
3.570000000000e+02 9.675342900300e-04
3.575000000000e+02 7.930907013216e-04
3.580000000000e+02 5.950934172213e-04
3.585000000000e+02 4.104425602987e-04
3.590000000000e+02 2.853566937107e-04
3.595000000000e+02 2.717240311841e-04
3.600000000000e+02 4.228862586864e-04
3.605000000000e+02 7.891683748524e-04
3.610000000000e+02 1.413489548237e-03
3.615000000000e+02 2.327385693575e-03
3.620000000000e+02 3.547744857616e-03
3.625000000000e+02 5.074504180577e-03
3.630000000000e+02 6.889486515041e-03
3.635000000000e+02 8.956471435032e-03
3.640000000000e+02 1.122250588783e-02
3.645000000000e+02 1.362037096339e-02
3.650000000000e+02 1.607203977278e-02
3.655000000000e+02 1.849289309796e-02
3.660000000000e+02 2.079640904270e-02
3.665000000000e+02 2.289901360548e-02
3.670000000000e+02 2.472477261480e-02
3.675000000000e+02 2.620962166878e-02
3.680000000000e+02 2.730486794059e-02
3.685000000000e+02 2.797975270385e-02
3.690000000000e+02 2.822293180820e-02
3.695000000000e+02 2.804280774847e-02
3.700000000000e+02 2.746672570173e-02
3.705000000000e+02 2.653912111888e-02
3.710000000000e+02 2.531877273855e-02
3.715000000000e+02 2.387536764152e-02
3.720000000000e+02 2.228562071657e-02
3.725000000000e+02 2.062920760146e-02
3.730000000000e+02 1.898476730037e-02
3.735000000000e+02 1.742620933827e-02
3.740000000000e+02 1.601952303484e-02
3.745000000000e+02 1.482023703918e-02
3.750000000000e+02 1.387162032329e-02
3.755000000000e+02 1.320365649304e-02
3.760000000000e+02 1.283276664789e-02
3.765000000000e+02 1.276220672777e-02
3.770000000000e+02 1.298302706322e-02
3.775000000000e+02 1.347545721409e-02
3.780000000000e+02 1.421056924661e-02
3.785000000000e+02 1.515207699464e-02
3.790000000000e+02 1.625814583028e-02
3.795000000000e+02 1.748311412272e-02
3.800000000000e+02 1.877906021008e-02
3.805000000000e+02 2.009718319033e-02
3.810000000000e+02 2.138899812453e-02
3.815000000000e+02 2.260737270043e-02
3.820000000000e+02 2.370745025298e-02
3.825000000000e+02 2.464751158477e-02
3.830000000000e+02 2.538982481703e-02
3.835000000000e+02 2.590151933719e-02
3.840000000000e+02 2.615549874149e-02
3.845000000000e+02 2.613138136299e-02
3.850000000000e+02 2.581642905363e-02
3.855000000000e+02 2.520639905356e-02
3.860000000000e+02 2.430623366914e-02
3.865000000000e+02 2.313049116470e-02
3.870000000000e+02 2.170342100696e-02
3.875000000000e+02 2.005859852803e-02
3.880000000000e+02 1.823805809491e-02
3.885000000000e+02 1.629089858365e-02
3.890000000000e+02 1.427137773431e-02
3.895000000000e+02 1.223655915089e-02
3.900000000000e+02 1.024362292169e-02
3.905000000000e+02 8.346993332609e-03
3.910000000000e+02 6.595470274575e-03
3.915000000000e+02 5.029570606095e-03
3.920000000000e+02 3.679288809573e-03
3.925000000000e+02 2.562471002977e-03
3.930000000000e+02 1.683962637815e-03
3.935000000000e+02 1.035639639667e-03
3.940000000000e+02 5.973687054857e-04
3.945000000000e+02 3.388698353540e-04
3.950000000000e+02 2.223789563689e-04
3.955000000000e+02 2.059373285294e-04
3.960000000000e+02 2.470739504879e-04
3.965000000000e+02 3.066034044403e-04
3.970000000000e+02 3.522392388810e-04
3.975000000000e+02 3.617250521584e-04
3.980000000000e+02 3.252127429701e-04
3.985000000000e+02 2.466684854789e-04
3.990000000000e+02 1.441582039840e-04
3.995000000000e+02 4.895008940495e-05
4.000000000000e+02 3.465022211802e-06
4.005000000000e+02 5.819886142650e-05
4.010000000000e+02 2.678255807133e-04
4.015000000000e+02 6.867599715410e-04
4.020000000000e+02 1.364507179959e-03
4.025000000000e+02 2.341149586303e-03
4.030000000000e+02 3.643317506307e-03
4.035000000000e+02 5.280959187658e-03
4.040000000000e+02 7.245170095874e-03
4.045000000000e+02 9.507265962011e-03
4.050000000000e+02 1.201919446211e-02
4.055000000000e+02 1.471528367747e-02
4.060000000000e+02 1.751522903327e-02
4.065000000000e+02 2.032813146253e-02
4.070000000000e+02 2.305732462316e-02
4.075000000000e+02 2.560567345880e-02
4.080000000000e+02 2.788099406734e-02
4.085000000000e+02 2.980123778260e-02
4.090000000000e+02 3.129910073435e-02
4.095000000000e+02 3.232576228031e-02
4.100000000000e+02 3.285351818644e-02
4.105000000000e+02 3.287715252062e-02
4.110000000000e+02 3.241397993899e-02
4.115000000000e+02 3.150258099636e-02
4.120000000000e+02 3.020034052854e-02
4.125000000000e+02 2.857997675703e-02
4.130000000000e+02 2.672531102371e-02
4.135000000000e+02 2.472657067802e-02
4.140000000000e+02 2.267553788434e-02
4.145000000000e+02 2.066085403719e-02
4.150000000000e+02 1.876376396234e-02
4.155000000000e+02 1.705453881100e-02
4.160000000000e+02 1.558975573770e-02
4.165000000000e+02 1.441054149360e-02
4.170000000000e+02 1.354181206164e-02
4.175000000000e+02 1.299246769942e-02
4.180000000000e+02 1.275643811425e-02
4.185000000000e+02 1.281442095204e-02
4.190000000000e+02 1.313612196700e-02
4.195000000000e+02 1.368278912096e-02
4.200000000000e+02 1.440983563624e-02
4.205000000000e+02 1.526936711324e-02
4.210000000000e+02 1.621246211549e-02
4.215000000000e+02 1.719109980551e-02
4.220000000000e+02 1.815967726113e-02
4.225000000000e+02 1.907610775694e-02
4.230000000000e+02 1.990253467197e-02
4.235000000000e+02 2.060572965899e-02
4.240000000000e+02 2.115726535756e-02
4.245000000000e+02 2.153356076803e-02
4.250000000000e+02 2.171589147826e-02
4.255000000000e+02 2.169043872586e-02
4.260000000000e+02 2.144842363927e-02
4.265000000000e+02 2.098633960755e-02
4.270000000000e+02 2.030626093968e-02
4.275000000000e+02 1.941617414584e-02
4.280000000000e+02 1.833025338051e-02
4.285000000000e+02 1.706898712760e-02
4.290000000000e+02 1.565906126150e-02
4.295000000000e+02 1.413291508145e-02
4.300000000000e+02 1.252791119526e-02
4.305000000000e+02 1.088509524857e-02
4.310000000000e+02 9.247564199324e-03
4.315000000000e+02 7.658507884225e-03
4.320000000000e+02 6.159033189924e-03
4.325000000000e+02 4.785918235633e-03
4.330000000000e+02 3.569470970832e-03
4.335000000000e+02 2.531678690918e-03
4.340000000000e+02 1.684829644748e-03
4.345000000000e+02 1.030764217858e-03
4.350000000000e+02 5.608719854041e-04
4.355000000000e+02 2.568949242997e-04
4.360000000000e+02 9.253060307781e-05
4.365000000000e+02 3.575791022303e-05
4.370000000000e+02 5.173835216873e-05
4.375000000000e+02 1.060848900410e-04
4.380000000000e+02 1.682439949383e-04
4.385000000000e+02 2.147102884506e-04
4.390000000000e+02 2.317903432800e-04
4.395000000000e+02 2.176543989920e-04
4.400000000000e+02 1.834610459939e-04
4.405000000000e+02 1.534071889328e-04
4.410000000000e+02 1.636386076564e-04
4.415000000000e+02 2.600483782772e-04
4.420000000000e+02 4.950835122544e-04
4.425000000000e+02 9.237663758610e-04
4.430000000000e+02 1.599209216915e-03
4.435000000000e+02 2.567951085057e-03
4.440000000000e+02 3.865471976631e-03
4.445000000000e+02 5.512236710168e-03
4.450000000000e+02 7.510590734757e-03
4.455000000000e+02 9.842773993849e-03
4.460000000000e+02 1.247024142688e-02
4.465000000000e+02 1.533438569051e-02
4.470000000000e+02 1.835865640053e-02
4.475000000000e+02 2.145196839935e-02
4.480000000000e+02 2.451319696478e-02
4.485000000000e+02 2.743647757938e-02
4.490000000000e+02 3.011696782770e-02
4.495000000000e+02 3.245669353908e-02
4.500000000000e+02 3.437009297090e-02
4.505000000000e+02 3.578889212578e-02
4.510000000000e+02 3.666598970225e-02
4.515000000000e+02 3.697809827512e-02
4.520000000000e+02 3.672697405546e-02
4.525000000000e+02 3.593916468690e-02
4.530000000000e+02 3.466430585642e-02
4.535000000000e+02 3.297209566566e-02
4.540000000000e+02 3.094816352280e-02
4.545000000000e+02 2.868912142308e-02
4.550000000000e+02 2.629713477663e-02
4.555000000000e+02 2.387437398175e-02
4.560000000000e+02 2.151770526037e-02
4.565000000000e+02 1.931395048631e-02
4.570000000000e+02 1.733599352201e-02
4.575000000000e+02 1.563993947804e-02
4.580000000000e+02 1.426344932820e-02
4.585000000000e+02 1.322528246246e-02
4.590000000000e+02 1.252599141464e-02
4.595000000000e+02 1.214963327457e-02
4.600000000000e+02 1.206629741125e-02
4.605000000000e+02 1.223520387101e-02
4.610000000000e+02 1.260810410001e-02
4.615000000000e+02 1.313271632226e-02
4.620000000000e+02 1.375595068085e-02
4.625000000000e+02 1.442672090817e-02
4.630000000000e+02 1.509819498586e-02
4.635000000000e+02 1.572940108930e-02
4.640000000000e+02 1.628617068313e-02
4.645000000000e+02 1.674146169911e-02
4.650000000000e+02 1.707515578008e-02
4.655000000000e+02 1.727346036593e-02
4.660000000000e+02 1.732806627811e-02
4.665000000000e+02 1.723521359296e-02
4.670000000000e+02 1.699480395308e-02
4.675000000000e+02 1.660966866489e-02
4.680000000000e+02 1.608506290753e-02
4.685000000000e+02 1.542841196723e-02
4.690000000000e+02 1.464929082410e-02
4.695000000000e+02 1.375957872229e-02
4.700000000000e+02 1.277369998930e-02
4.705000000000e+02 1.170884469050e-02
4.710000000000e+02 1.058505968869e-02
4.715000000000e+02 9.425112729435e-03
4.720000000000e+02 8.254058069846e-03
4.725000000000e+02 7.098469193270e-03
4.730000000000e+02 5.985348333481e-03
4.735000000000e+02 4.940769019066e-03
4.740000000000e+02 3.988351380388e-03
4.745000000000e+02 3.147705386163e-03
4.750000000000e+02 2.432999980383e-03
4.755000000000e+02 1.851822883741e-03
4.760000000000e+02 1.404484740686e-03
4.765000000000e+02 1.083892258154e-03
4.770000000000e+02 8.760698091344e-04
4.775000000000e+02 7.613512750879e-04
4.780000000000e+02 7.161988109671e-04
4.785000000000e+02 7.155389376240e-04
4.790000000000e+02 7.354455827155e-04
4.795000000000e+02 7.559509024799e-04
4.800000000000e+02 7.637335561431e-04
4.805000000000e+02 7.544247230567e-04
4.810000000000e+02 7.342867320197e-04
4.815000000000e+02 7.210576276566e-04
4.820000000000e+02 7.438149099588e-04
4.825000000000e+02 8.417884665614e-04
4.830000000000e+02 1.062140023103e-03
4.835000000000e+02 1.456816729283e-03
4.840000000000e+02 2.078671770693e-03
4.845000000000e+02 2.977117412717e-03
4.850000000000e+02 4.193628922613e-03
4.855000000000e+02 5.757446277676e-03
4.860000000000e+02 7.681821457738e-03
4.865000000000e+02 9.961131748888e-03
4.870000000000e+02 1.256912564564e-02
4.875000000000e+02 1.545849150112e-02
4.880000000000e+02 1.856184592333e-02
4.885000000000e+02 2.179413616352e-02
4.890000000000e+02 2.505634631127e-02
4.895000000000e+02 2.824029908183e-02
4.900000000000e+02 3.123426078923e-02
4.905000000000e+02 3.392899329287e-02
4.910000000000e+02 3.622385810961e-02
4.915000000000e+02 3.803256754530e-02
4.920000000000e+02 3.928819652850e-02
4.925000000000e+02 3.994711558366e-02
4.930000000000e+02 3.999157679043e-02
4.935000000000e+02 3.943077553267e-02
4.940000000000e+02 3.830031479538e-02
4.945000000000e+02 3.666010818221e-02
4.950000000000e+02 3.459086470360e-02
4.955000000000e+02 3.218939487314e-02
4.960000000000e+02 2.956305659662e-02
4.965000000000e+02 2.682371487978e-02
4.970000000000e+02 2.408161737431e-02
4.975000000000e+02 2.143958618683e-02
4.980000000000e+02 1.898789544009e-02
4.985000000000e+02 1.680014636427e-02
4.990000000000e+02 1.493037190011e-02
4.995000000000e+02 1.341150741593e-02
5.000000000000e+02 1.225526091912e-02
5.005000000000e+02 1.145331343257e-02
5.010000000000e+02 1.097968628260e-02
5.015000000000e+02 1.079403431487e-02
5.020000000000e+02 1.084556847139e-02
5.025000000000e+02 1.107728164483e-02
5.030000000000e+02 1.143014985720e-02
5.035000000000e+02 1.184700569404e-02
5.040000000000e+02 1.227582932299e-02
5.045000000000e+02 1.267226910660e-02
5.050000000000e+02 1.300128207988e-02
5.055000000000e+02 1.323786690577e-02
5.060000000000e+02 1.336694078370e-02
5.065000000000e+02 1.338248025606e-02
5.070000000000e+02 1.328609828695e-02
5.075000000000e+02 1.308526251085e-02
5.080000000000e+02 1.279137034579e-02
5.085000000000e+02 1.241788606199e-02
5.090000000000e+02 1.197871524758e-02
5.095000000000e+02 1.148694747604e-02
5.100000000000e+02 1.095404367381e-02
5.105000000000e+02 1.038948671941e-02
5.110000000000e+02 9.800858286139e-03
5.115000000000e+02 9.194257480589e-03
5.120000000000e+02 8.574942033764e-03
5.125000000000e+02 7.948053845973e-03
5.130000000000e+02 7.319289055837e-03
5.135000000000e+02 6.695388174856e-03
5.140000000000e+02 6.084352129809e-03
5.145000000000e+02 5.495331687632e-03
5.150000000000e+02 4.938185922459e-03
5.155000000000e+02 4.422754645514e-03
5.160000000000e+02 3.957934409563e-03
5.165000000000e+02 3.550682580981e-03
5.170000000000e+02 3.205094741795e-03
5.175000000000e+02 2.921704445366e-03
5.180000000000e+02 2.697139952817e-03
5.185000000000e+02 2.524240793873e-03
5.190000000000e+02 2.392690507510e-03
5.195000000000e+02 2.290165112277e-03
5.200000000000e+02 2.203935431194e-03
5.205000000000e+02 2.122801812927e-03
5.210000000000e+02 2.039188625778e-03
5.215000000000e+02 1.951189152478e-03
5.220000000000e+02 1.864333954123e-03
5.225000000000e+02 1.792860395425e-03
5.230000000000e+02 1.760288673561e-03
5.235000000000e+02 1.799158903841e-03
5.240000000000e+02 1.949850890400e-03
5.245000000000e+02 2.258487538183e-03
5.250000000000e+02 2.774007436786e-03
5.255000000000e+02 3.544574227775e-03
5.260000000000e+02 4.613562233162e-03
5.265000000000e+02 6.015412500363e-03
5.270000000000e+02 7.771685362659e-03
5.275000000000e+02 9.887641216660e-03
5.280000000000e+02 1.234965916257e-02
5.285000000000e+02 1.512375446917e-02
5.290000000000e+02 1.815538394753e-02
5.295000000000e+02 2.137063848105e-02
5.300000000000e+02 2.467882117697e-02
5.305000000000e+02 2.797630559636e-02
5.310000000000e+02 3.115146945889e-02
5.315000000000e+02 3.409041296148e-02
5.320000000000e+02 3.668310411825e-02
5.325000000000e+02 3.882955187365e-02
5.330000000000e+02 4.044559456320e-02
5.335000000000e+02 4.146790808592e-02
5.340000000000e+02 4.185788406477e-02
5.345000000000e+02 4.160410032589e-02
5.350000000000e+02 4.072319926424e-02
5.355000000000e+02 3.925909749867e-02
5.360000000000e+02 3.728056488778e-02
5.365000000000e+02 3.487732409333e-02
5.370000000000e+02 3.215492506005e-02
5.375000000000e+02 2.922873421921e-02
5.380000000000e+02 2.621743936829e-02
5.385000000000e+02 2.323650319973e-02
5.390000000000e+02 2.039199870109e-02
5.395000000000e+02 1.777522791824e-02
5.400000000000e+02 1.545846417043e-02
5.405000000000e+02 1.349207143788e-02
5.410000000000e+02 1.190315007678e-02
5.415000000000e+02 1.069574357420e-02
5.420000000000e+02 9.852525892146e-03
5.425000000000e+02 9.337782347933e-03
5.430000000000e+02 9.101407459928e-03
5.435000000000e+02 9.083577818725e-03
5.440000000000e+02 9.219721753711e-03
5.445000000000e+02 9.445402739937e-03
5.450000000000e+02 9.700759705710e-03
5.455000000000e+02 9.934201574532e-03
5.460000000000e+02 1.010512995830e-02
5.465000000000e+02 1.018555558472e-02
5.470000000000e+02 1.016057227825e-02
5.475000000000e+02 1.002774832919e-02
5.480000000000e+02 9.795580587251e-03
5.485000000000e+02 9.481224581257e-03
5.490000000000e+02 9.107759256616e-03
5.495000000000e+02 8.701264678134e-03
5.500000000000e+02 8.287984867636e-03
5.505000000000e+02 7.891817830753e-03
5.510000000000e+02 7.532324869852e-03
5.515000000000e+02 7.223387208488e-03
5.520000000000e+02 6.972566524409e-03
5.525000000000e+02 6.781154313206e-03
5.530000000000e+02 6.644829888866e-03
5.535000000000e+02 6.554794139212e-03
5.540000000000e+02 6.499210333739e-03
5.545000000000e+02 6.464766972213e-03
5.550000000000e+02 6.438181529518e-03
5.555000000000e+02 6.407486678932e-03
5.560000000000e+02 6.362979028251e-03
5.565000000000e+02 6.297759978107e-03
5.570000000000e+02 6.207853383764e-03
5.575000000000e+02 6.091939183976e-03
5.580000000000e+02 5.950790102189e-03
5.585000000000e+02 5.786534690128e-03
5.590000000000e+02 5.601890383272e-03
5.595000000000e+02 5.399512542793e-03
5.600000000000e+02 5.181589254461e-03
5.605000000000e+02 4.949778529534e-03
5.610000000000e+02 4.705537958402e-03
5.615000000000e+02 4.450841811255e-03
5.620000000000e+02 4.189223135041e-03
5.625000000000e+02 3.927025081068e-03
5.630000000000e+02 3.674702796727e-03
5.635000000000e+02 3.447990107927e-03
5.640000000000e+02 3.268737765001e-03
5.645000000000e+02 3.165244131487e-03
5.650000000000e+02 3.171934532346e-03
5.655000000000e+02 3.328299491217e-03
5.660000000000e+02 3.677070162735e-03
5.665000000000e+02 4.261685207313e-03
5.670000000000e+02 5.123179947080e-03
5.675000000000e+02 6.296698363492e-03
5.680000000000e+02 7.807884284874e-03
5.685000000000e+02 9.669444014728e-03
5.690000000000e+02 1.187818444577e-02
5.695000000000e+02 1.441281627891e-02
5.700000000000e+02 1.723277154129e-02
5.705000000000e+02 2.027822070826e-02
5.710000000000e+02 2.347139200088e-02
5.715000000000e+02 2.671920017779e-02
5.720000000000e+02 2.991709182811e-02
5.725000000000e+02 3.295391683665e-02
5.730000000000e+02 3.571754918356e-02
5.735000000000e+02 3.810091171981e-02
5.740000000000e+02 4.000801486279e-02
5.745000000000e+02 4.135960233076e-02
5.750000000000e+02 4.209801007672e-02
5.755000000000e+02 4.219088722617e-02
5.760000000000e+02 4.163349757499e-02
5.765000000000e+02 4.044941242900e-02
5.770000000000e+02 3.868951388696e-02
5.775000000000e+02 3.642934435509e-02
5.780000000000e+02 3.376495453604e-02
5.785000000000e+02 3.080750966094e-02
5.790000000000e+02 2.767700401978e-02
5.795000000000e+02 2.449549974318e-02
5.800000000000e+02 2.138034182779e-02
5.805000000000e+02 1.843780430587e-02
5.810000000000e+02 1.575759148190e-02
5.815000000000e+02 1.340855522861e-02
5.820000000000e+02 1.143589897046e-02
5.825000000000e+02 9.860028038294e-03
5.830000000000e+02 8.677083200023e-03
5.835000000000e+02 7.861069138521e-03
5.840000000000e+02 7.367372531885e-03
5.845000000000e+02 7.137364696871e-03
5.850000000000e+02 7.103709567956e-03
5.855000000000e+02 7.195955013603e-03
5.860000000000e+02 7.345977339735e-03
5.865000000000e+02 7.492875473901e-03
5.870000000000e+02 7.586969898060e-03
5.875000000000e+02 7.592646281019e-03
5.880000000000e+02 7.489887093613e-03
5.885000000000e+02 7.274446966764e-03
5.890000000000e+02 6.956739256525e-03
5.895000000000e+02 6.559602666350e-03
5.900000000000e+02 6.115199495655e-03
5.905000000000e+02 5.661354746940e-03
5.910000000000e+02 5.237674004358e-03
5.915000000000e+02 4.881776509936e-03
5.920000000000e+02 4.625949761241e-03
5.925000000000e+02 4.494477265479e-03
5.930000000000e+02 4.501817848092e-03
5.935000000000e+02 4.651730537493e-03
5.940000000000e+02 4.937351577184e-03
5.945000000000e+02 5.342147494472e-03
5.950000000000e+02 5.841597499123e-03
5.955000000000e+02 6.405405509577e-03
5.960000000000e+02 7.000010647855e-03
5.965000000000e+02 7.591156828134e-03
5.970000000000e+02 8.146296597551e-03
5.975000000000e+02 8.636639109723e-03
5.980000000000e+02 9.038702672399e-03
5.985000000000e+02 9.335293033201e-03
5.990000000000e+02 9.515892994863e-03
5.995000000000e+02 9.576510460534e-03
6.000000000000e+02 9.519084453062e-03
6.005000000000e+02 9.350586917161e-03
6.010000000000e+02 9.081978630767e-03
6.015000000000e+02 8.727178623859e-03
6.020000000000e+02 8.302188479442e-03
6.025000000000e+02 7.824478138056e-03
6.030000000000e+02 7.312692490045e-03
6.035000000000e+02 6.786683641287e-03
6.040000000000e+02 6.267818600291e-03
6.045000000000e+02 5.779462733649e-03
6.050000000000e+02 5.347501608672e-03
6.055000000000e+02 5.000742545875e-03
6.060000000000e+02 4.771035385900e-03
6.065000000000e+02 4.692970622620e-03
6.070000000000e+02 4.803050935556e-03
6.075000000000e+02 5.138285935949e-03
6.080000000000e+02 5.734224471533e-03
6.085000000000e+02 6.622507686586e-03
6.090000000000e+02 7.828092107430e-03
6.095000000000e+02 9.366348310698e-03
6.100000000000e+02 1.124028096703e-02
6.105000000000e+02 1.343813539276e-02
6.110000000000e+02 1.593165120261e-02
6.115000000000e+02 1.867519445342e-02
6.120000000000e+02 2.160594729439e-02
6.125000000000e+02 2.464526220154e-02
6.130000000000e+02 2.770120188415e-02
6.135000000000e+02 3.067219270120e-02
6.140000000000e+02 3.345162660238e-02
6.145000000000e+02 3.593316191594e-02
6.150000000000e+02 3.801640408849e-02
6.155000000000e+02 3.961259989116e-02
6.160000000000e+02 4.064995726394e-02
6.165000000000e+02 4.107821047555e-02
6.170000000000e+02 4.087208712771e-02
6.175000000000e+02 4.003339774048e-02
6.180000000000e+02 3.859155637876e-02
6.185000000000e+02 3.660244586624e-02
6.190000000000e+02 3.414565626123e-02
6.195000000000e+02 3.132024185828e-02
6.200000000000e+02 2.823925119589e-02
6.205000000000e+02 2.502337779510e-02
6.210000000000e+02 2.179414898209e-02
6.215000000000e+02 1.866711012726e-02
6.220000000000e+02 1.574546804463e-02
6.225000000000e+02 1.311462879635e-02
6.230000000000e+02 1.083800313729e-02
6.235000000000e+02 8.954361467602e-03
6.240000000000e+02 7.476906153834e-03
6.245000000000e+02 6.394101148198e-03
6.250000000000e+02 5.672167122179e-03
6.255000000000e+02 5.259025476123e-03
6.260000000000e+02 5.089366866941e-03
6.265000000000e+02 5.090438277337e-03
6.270000000000e+02 5.188093945360e-03
6.275000000000e+02 5.312643708560e-03
6.280000000000e+02 5.404058312674e-03
6.285000000000e+02 5.416152513671e-03
6.290000000000e+02 5.319457798816e-03
6.295000000000e+02 5.102609137770e-03
6.300000000000e+02 4.772194418081e-03
6.305000000000e+02 4.351140322123e-03
6.310000000000e+02 3.875823715227e-03
6.315000000000e+02 3.392193598587e-03
6.320000000000e+02 2.951257769701e-03
6.325000000000e+02 2.604325551460e-03
6.330000000000e+02 2.398401290362e-03
6.335000000000e+02 2.372093811610e-03
6.340000000000e+02 2.552348506733e-03
6.345000000000e+02 2.952227434699e-03
6.350000000000e+02 3.569866662648e-03
6.355000000000e+02 4.388637918878e-03
6.360000000000e+02 5.378442441597e-03
6.365000000000e+02 6.497976994731e-03
6.370000000000e+02 7.697742294748e-03
6.375000000000e+02 8.923517634015e-03
6.380000000000e+02 1.012000504011e-02
6.385000000000e+02 1.123435231318e-02
6.390000000000e+02 1.221929481517e-02
6.395000000000e+02 1.303570692148e-02
6.400000000000e+02 1.365441999582e-02
6.405000000000e+02 1.405723783485e-02
6.410000000000e+02 1.423715557152e-02
6.415000000000e+02 1.419785698701e-02
6.420000000000e+02 1.395262186524e-02
6.425000000000e+02 1.352281459199e-02
6.430000000000e+02 1.293614462361e-02
6.435000000000e+02 1.222488774395e-02
6.440000000000e+02 1.142423534991e-02
6.445000000000e+02 1.057090050114e-02
6.450000000000e+02 9.702058955160e-03
6.455000000000e+02 8.854646878719e-03
6.460000000000e+02 8.064980927142e-03
6.465000000000e+02 7.368617346943e-03
6.470000000000e+02 6.800330317380e-03
6.475000000000e+02 6.394070147232e-03
6.480000000000e+02 6.182761584029e-03
6.485000000000e+02 6.197821656126e-03
6.490000000000e+02 6.468313286634e-03
6.495000000000e+02 7.019701549975e-03
6.500000000000e+02 7.872238463385e-03
6.505000000000e+02 9.039063176683e-03
6.510000000000e+02 1.052416054224e-02
6.515000000000e+02 1.232036585220e-02
6.520000000000e+02 1.440763158141e-02
6.525000000000e+02 1.675177935195e-02
6.530000000000e+02 1.930394514543e-02
6.535000000000e+02 2.200088821375e-02
6.540000000000e+02 2.476627663264e-02
6.545000000000e+02 2.751298929365e-02
6.550000000000e+02 3.014639130112e-02
6.555000000000e+02 3.256845423267e-02
6.560000000000e+02 3.468251191819e-02
6.565000000000e+02 3.639837363558e-02
6.570000000000e+02 3.763746630583e-02
6.575000000000e+02 3.833765056597e-02
6.580000000000e+02 3.845735580823e-02
6.585000000000e+02 3.797870763469e-02
6.590000000000e+02 3.690937668656e-02
6.595000000000e+02 3.528295722897e-02
6.600000000000e+02 3.315778194242e-02
6.605000000000e+02 3.061418913685e-02
6.610000000000e+02 2.775037190826e-02
6.615000000000e+02 2.467704682691e-02
6.620000000000e+02 2.151127387240e-02
6.625000000000e+02 1.836983154023e-02
6.630000000000e+02 1.536259480944e-02
6.635000000000e+02 1.258637445323e-02
6.640000000000e+02 1.011965198021e-02
6.645000000000e+02 8.018586068924e-03
6.650000000000e+02 6.314577323501e-03
6.655000000000e+02 5.013564823912e-03
6.660000000000e+02 4.097098851833e-03
6.665000000000e+02 3.525099493626e-03
6.670000000000e+02 3.240081542439e-03
6.675000000000e+02 3.172513014674e-03
6.680000000000e+02 3.246887326601e-03
6.685000000000e+02 3.388035339956e-03
6.690000000000e+02 3.527187892591e-03
6.695000000000e+02 3.607323589554e-03
6.700000000000e+02 3.587398579370e-03
6.705000000000e+02 3.445149465871e-03
6.710000000000e+02 3.178279247077e-03
6.715000000000e+02 2.803968944865e-03
6.720000000000e+02 2.356792973545e-03
6.725000000000e+02 1.885242779711e-03
6.730000000000e+02 1.447170341781e-03
6.735000000000e+02 1.104542125575e-03
6.740000000000e+02 9.179390998564e-04
6.745000000000e+02 9.412465803837e-04
6.750000000000e+02 1.216949426040e-03
6.755000000000e+02 1.772387012376e-03
6.760000000000e+02 2.617234687331e-03
6.765000000000e+02 3.742372343949e-03
6.770000000000e+02 5.120185799854e-03
6.775000000000e+02 6.706232713790e-03
6.780000000000e+02 8.442101106886e-03
6.785000000000e+02 1.025920329160e-02
6.790000000000e+02 1.208318726787e-02
6.795000000000e+02 1.383861537106e-02
6.800000000000e+02 1.545355735481e-02
6.805000000000e+02 1.686377106628e-02
6.810000000000e+02 1.801619478962e-02
6.815000000000e+02 1.887154575952e-02
6.820000000000e+02 1.940590234785e-02
6.825000000000e+02 1.961123532926e-02
6.830000000000e+02 1.949493864893e-02
6.835000000000e+02 1.907848497635e-02
6.840000000000e+02 1.839539003072e-02
6.845000000000e+02 1.748870777261e-02
6.850000000000e+02 1.640829376544e-02
6.855000000000e+02 1.520806616206e-02
6.860000000000e+02 1.394346490918e-02
6.865000000000e+02 1.266926387035e-02
6.870000000000e+02 1.143783317695e-02
6.875000000000e+02 1.029788671771e-02
6.880000000000e+02 9.293689105679e-03
6.885000000000e+02 8.464644163543e-03
6.890000000000e+02 7.845148387724e-03
6.895000000000e+02 7.464571852737e-03
6.900000000000e+02 7.347227508223e-03
6.905000000000e+02 7.512207569117e-03
6.910000000000e+02 7.973000363926e-03
6.915000000000e+02 8.736848389317e-03
6.920000000000e+02 9.803862844734e-03
6.925000000000e+02 1.116596516404e-02
6.930000000000e+02 1.280577551074e-02
6.935000000000e+02 1.469560584613e-02
6.940000000000e+02 1.679673618016e-02
6.945000000000e+02 1.905915383649e-02
6.950000000000e+02 2.142191576056e-02
6.955000000000e+02 2.381425406563e-02
6.960000000000e+02 2.615748807816e-02
6.965000000000e+02 2.836773686739e-02
6.970000000000e+02 3.035935072772e-02
6.975000000000e+02 3.204890519253e-02
6.980000000000e+02 3.335953400189e-02
6.985000000000e+02 3.422532463341e-02
6.990000000000e+02 3.459546715447e-02
6.995000000000e+02 3.443783833802e-02
7.000000000000e+02 3.374172033730e-02
7.005000000000e+02 3.251939676411e-02
7.010000000000e+02 3.080643651745e-02
7.015000000000e+02 2.866056285644e-02
7.020000000000e+02 2.615910582815e-02
7.025000000000e+02 2.339514267857e-02
7.030000000000e+02 2.047253486420e-02
7.035000000000e+02 1.750016312773e-02
7.040000000000e+02 1.458573564961e-02
7.045000000000e+02 1.182959163255e-02
7.050000000000e+02 9.318938698905e-03
7.055000000000e+02 7.122944473198e-03
7.060000000000e+02 5.289050674004e-03
7.065000000000e+02 3.840794857942e-03
7.070000000000e+02 2.777316289041e-03
7.075000000000e+02 2.074596366108e-03
7.080000000000e+02 1.688350546141e-03
7.085000000000e+02 1.558358717470e-03
7.090000000000e+02 1.613905520417e-03
7.095000000000e+02 1.779911312120e-03
7.100000000000e+02 1.983276529106e-03
7.105000000000e+02 2.158942645087e-03
7.110000000000e+02 2.255193969233e-03
7.115000000000e+02 2.237784842019e-03
7.120000000000e+02 2.092571514959e-03
7.125000000000e+02 1.826449202414e-03
7.130000000000e+02 1.466532158528e-03
7.135000000000e+02 1.057656427247e-03
7.140000000000e+02 6.584190751312e-04
7.145000000000e+02 3.360829806512e-04
7.150000000000e+02 1.607631467704e-04
7.155000000000e+02 1.993621991335e-04
7.160000000000e+02 5.097355889484e-04
7.165000000000e+02 1.135540818463e-03
7.170000000000e+02 2.102162877271e-03
7.175000000000e+02 3.414016092101e-03
7.180000000000e+02 5.053409139935e-03
7.185000000000e+02 6.981034946703e-03
7.190000000000e+02 9.138021076796e-03
7.195000000000e+02 1.144935919631e-02
7.200000000000e+02 1.382843330166e-02
7.205000000000e+02 1.618229286857e-02
7.210000000000e+02 1.841727374025e-02
7.215000000000e+02 2.044455869516e-02
7.220000000000e+02 2.218529074422e-02
7.225000000000e+02 2.357490229108e-02
7.230000000000e+02 2.456639712056e-02
7.235000000000e+02 2.513241283193e-02
7.240000000000e+02 2.526599077346e-02
7.245000000000e+02 2.498008032364e-02
7.250000000000e+02 2.430589637307e-02
7.255000000000e+02 2.329032586766e-02
7.260000000000e+02 2.199263564388e-02
7.265000000000e+02 2.048076579330e-02
7.270000000000e+02 1.882749899270e-02
7.275000000000e+02 1.710677748098e-02
7.280000000000e+02 1.539039871261e-02
7.285000000000e+02 1.374526310043e-02
7.290000000000e+02 1.223127900193e-02
7.295000000000e+02 1.089995829486e-02
7.300000000000e+02 9.793667712265e-03
7.305000000000e+02 8.945443129001e-03
7.310000000000e+02 8.379231548634e-03
7.315000000000e+02 8.110402199654e-03
7.320000000000e+02 8.146365424686e-03
7.325000000000e+02 8.487155236089e-03
7.330000000000e+02 9.125865735497e-03
7.335000000000e+02 1.004887850131e-02
7.340000000000e+02 1.123587170529e-02
7.345000000000e+02 1.265965566279e-02
7.350000000000e+02 1.428592729108e-02
7.355000000000e+02 1.607307180831e-02
7.360000000000e+02 1.797215948786e-02
7.365000000000e+02 1.992728567684e-02
7.370000000000e+02 2.187638286547e-02
7.375000000000e+02 2.375259576273e-02
7.380000000000e+02 2.548625737921e-02
7.385000000000e+02 2.700744101292e-02
7.390000000000e+02 2.824899593154e-02
7.395000000000e+02 2.914991007622e-02
7.400000000000e+02 2.965878808023e-02
7.405000000000e+02 2.973719324243e-02
7.410000000000e+02 2.936258269737e-02
7.415000000000e+02 2.853056905800e-02
7.420000000000e+02 2.725627036672e-02
7.425000000000e+02 2.557456233772e-02
7.430000000000e+02 2.353911939801e-02
7.435000000000e+02 2.122021883182e-02
7.440000000000e+02 1.870137866622e-02
7.445000000000e+02 1.607499695405e-02
7.450000000000e+02 1.343724950015e-02
7.455000000000e+02 1.088257670063e-02
7.460000000000e+02 8.498140813069e-03
7.465000000000e+02 6.358657038044e-03
7.470000000000e+02 4.521991801085e-03
7.475000000000e+02 3.025878763154e-03
7.480000000000e+02 1.886029335631e-03
7.485000000000e+02 1.095814628993e-03
7.490000000000e+02 6.275772041214e-04
7.495000000000e+02 4.355030485375e-04
7.500000000000e+02 4.598575143255e-04
7.505000000000e+02 6.322744740763e-04
7.510000000000e+02 8.816959761506e-04
7.515000000000e+02 1.140498848758e-03
7.520000000000e+02 1.350321128619e-03
7.525000000000e+02 1.467117802476e-03
7.530000000000e+02 1.465031531086e-03
7.535000000000e+02 1.338755583206e-03
7.540000000000e+02 1.104185713906e-03
7.545000000000e+02 7.972951643286e-04
7.550000000000e+02 4.713106638818e-04
7.555000000000e+02 1.924050312868e-04
7.560000000000e+02 3.424199473564e-05
7.565000000000e+02 7.180112503842e-05
7.570000000000e+02 3.749677460482e-04
7.575000000000e+02 1.002389975309e-03
7.580000000000e+02 1.996081751302e-03
7.585000000000e+02 3.377189393001e-03
7.590000000000e+02 5.143245624370e-03
7.595000000000e+02 7.267117350054e-03
7.600000000000e+02 9.697721798242e-03
7.605000000000e+02 1.236245081832e-02
7.610000000000e+02 1.517111590566e-02
7.615000000000e+02 1.802111673303e-02
7.620000000000e+02 2.080345166121e-02
7.625000000000e+02 2.340913568302e-02
7.630000000000e+02 2.573557261748e-02
7.635000000000e+02 2.769244445574e-02
7.640000000000e+02 2.920672912794e-02
7.645000000000e+02 3.022653380939e-02
7.650000000000e+02 3.072352737035e-02
7.655000000000e+02 3.069386451802e-02
7.660000000000e+02 3.015760670184e-02
7.665000000000e+02 2.915675200437e-02
7.670000000000e+02 2.775207992949e-02
7.675000000000e+02 2.601909029330e-02
7.680000000000e+02 2.404336340852e-02
7.685000000000e+02 2.191568863538e-02
7.690000000000e+02 1.972729982448e-02
7.695000000000e+02 1.756552125017e-02
7.700000000000e+02 1.551007055108e-02
7.705000000000e+02 1.363019198075e-02
7.710000000000e+02 1.198271111625e-02
7.715000000000e+02 1.061101886749e-02
7.720000000000e+02 9.544915738451e-03
7.725000000000e+02 8.801183535794e-03
7.730000000000e+02 8.384706325714e-03
7.735000000000e+02 8.289938667695e-03
7.740000000000e+02 8.502518046854e-03
7.745000000000e+02 9.000838733244e-03
7.750000000000e+02 9.757442664577e-03
7.755000000000e+02 1.074013428658e-02
7.760000000000e+02 1.191278434499e-02
7.765000000000e+02 1.323584560645e-02
7.770000000000e+02 1.466665482174e-02
7.775000000000e+02 1.615963417437e-02
7.780000000000e+02 1.766652767706e-02
7.785000000000e+02 1.913681103037e-02
7.790000000000e+02 2.051839692270e-02
7.795000000000e+02 2.175872336835e-02
7.800000000000e+02 2.280626402665e-02
7.805000000000e+02 2.361244168853e-02
7.810000000000e+02 2.413386544113e-02
7.815000000000e+02 2.433475503498e-02
7.820000000000e+02 2.418936909380e-02
7.825000000000e+02 2.368422259465e-02
7.830000000000e+02 2.281986775562e-02
7.835000000000e+02 2.161202348088e-02
7.840000000000e+02 2.009187222909e-02
7.845000000000e+02 1.830539777442e-02
7.850000000000e+02 1.631170896685e-02
7.855000000000e+02 1.418037759626e-02
7.860000000000e+02 1.198790580168e-02
7.865000000000e+02 9.813522328218e-03
7.870000000000e+02 7.734579357522e-03
7.875000000000e+02 5.821875283227e-03
7.880000000000e+02 4.135257578241e-03
7.885000000000e+02 2.719859655953e-03
7.890000000000e+02 1.603294602276e-03
7.895000000000e+02 7.940678013972e-04
7.900000000000e+02 2.813835386270e-04
7.905000000000e+02 3.641396044961e-05
7.910000000000e+02 1.498079945339e-05
7.915000000000e+02 1.614809744467e-04
7.920000000000e+02 4.137771149464e-04
7.925000000000e+02 7.086834220434e-04
7.930000000000e+02 9.876148934885e-04
7.935000000000e+02 1.201940379438e-03
7.940000000000e+02 1.317590796381e-03
7.945000000000e+02 1.318523289525e-03
7.950000000000e+02 1.208726858453e-03
7.955000000000e+02 1.012568306506e-03
7.960000000000e+02 7.734099920336e-04
7.965000000000e+02 5.505715239191e-04
7.970000000000e+02 4.148442053688e-04
7.975000000000e+02 4.428879313443e-04
7.980000000000e+02 7.109350098111e-04
7.985000000000e+02 1.288285952035e-03
7.990000000000e+02 2.231103630617e-03
7.995000000000e+02 3.576992732624e-03
8.000000000000e+02 5.340793036971e-03
8.005000000000e+02 7.511922857783e-03
8.010000000000e+02 1.005349088728e-02
8.015000000000e+02 1.290326047548e-02
8.020000000000e+02 1.597641099892e-02
8.025000000000e+02 1.916990747651e-02
8.030000000000e+02 2.236817226298e-02
8.035000000000e+02 2.544966023647e-02
8.040000000000e+02 2.829387795711e-02
8.045000000000e+02 3.078836170887e-02
8.050000000000e+02 3.283514026947e-02
8.055000000000e+02 3.435625391368e-02
8.060000000000e+02 3.529797725753e-02
8.065000000000e+02 3.563349354649e-02
8.070000000000e+02 3.536388373256e-02
8.075000000000e+02 3.451741603088e-02
8.080000000000e+02 3.314724116595e-02
8.085000000000e+02 3.132770628158e-02
8.090000000000e+02 2.914958860511e-02
8.095000000000e+02 2.671461233379e-02
8.100000000000e+02 2.412964485644e-02
8.105000000000e+02 2.150096981545e-02
8.110000000000e+02 1.892900567439e-02
8.115000000000e+02 1.650378280722e-02
8.120000000000e+02 1.430141523921e-02
8.125000000000e+02 1.238171219844e-02
8.130000000000e+02 1.078697776244e-02
8.135000000000e+02 9.541952519627e-03
8.140000000000e+02 8.654767265056e-03
8.145000000000e+02 8.118712086580e-03
8.150000000000e+02 7.914579733694e-03
8.155000000000e+02 8.013322701121e-03
8.160000000000e+02 8.378769339662e-03
8.165000000000e+02 8.970173494739e-03
8.170000000000e+02 9.744420468836e-03
8.175000000000e+02 1.065777362367e-02
8.180000000000e+02 1.166711371149e-02
8.185000000000e+02 1.273068974115e-02
8.190000000000e+02 1.380845888018e-02
8.195000000000e+02 1.486213768830e-02
8.200000000000e+02 1.585511359664e-02
8.205000000000e+02 1.675237173126e-02
8.210000000000e+02 1.752057787617e-02
8.215000000000e+02 1.812842566221e-02
8.220000000000e+02 1.854730897592e-02
8.225000000000e+02 1.875232458325e-02
8.230000000000e+02 1.872355146481e-02
8.235000000000e+02 1.844749905190e-02
8.240000000000e+02 1.791857271322e-02
8.245000000000e+02 1.714037678516e-02
8.250000000000e+02 1.612666690323e-02
8.255000000000e+02 1.490177624294e-02
8.260000000000e+02 1.350037423969e-02
8.265000000000e+02 1.196646900383e-02
8.270000000000e+02 1.035163160557e-02
8.275000000000e+02 8.712495649911e-03
8.280000000000e+02 7.107662001917e-03
8.285000000000e+02 5.594208541085e-03
8.290000000000e+02 4.224061080050e-03
8.295000000000e+02 3.040517606823e-03
8.300000000000e+02 2.075228975601e-03
8.305000000000e+02 1.345922359837e-03
8.310000000000e+02 8.551089991740e-04
8.315000000000e+02 5.899475080250e-04
8.320000000000e+02 5.233433327377e-04
8.325000000000e+02 6.162611594517e-04
8.330000000000e+02 8.211191463394e-04
8.335000000000e+02 1.086031612917e-03
8.340000000000e+02 1.359580042262e-03
8.345000000000e+02 1.595729714083e-03
8.350000000000e+02 1.758477845282e-03
8.355000000000e+02 1.825822975011e-03
8.360000000000e+02 1.792685528829e-03
8.365000000000e+02 1.672483695657e-03
8.370000000000e+02 1.497171387107e-03
8.375000000000e+02 1.315667773723e-03
8.380000000000e+02 1.190740344014e-03
8.385000000000e+02 1.194534176898e-03
8.390000000000e+02 1.403057731825e-03
8.395000000000e+02 1.890029589630e-03
8.400000000000e+02 2.720552896343e-03
8.405000000000e+02 3.945109224284e-03
8.410000000000e+02 5.594348873414e-03
8.415000000000e+02 7.675101404551e-03
8.420000000000e+02 1.016794278766e-02
8.425000000000e+02 1.302654113929e-02
8.430000000000e+02 1.617887092908e-02
8.435000000000e+02 1.953024633863e-02
8.440000000000e+02 2.296798916911e-02
8.445000000000e+02 2.636742578675e-02
8.450000000000e+02 2.959881021522e-02
8.455000000000e+02 3.253470375477e-02
8.460000000000e+02 3.505731006898e-02
8.465000000000e+02 3.706527036396e-02
8.470000000000e+02 3.847946511806e-02
8.475000000000e+02 3.924744309318e-02
8.480000000000e+02 3.934619901203e-02
8.485000000000e+02 3.878314049284e-02
8.490000000000e+02 3.759521336056e-02
8.495000000000e+02 3.584628271625e-02
8.500000000000e+02 3.362298558910e-02
8.505000000000e+02 3.102937103156e-02
8.510000000000e+02 2.818071803396e-02
8.515000000000e+02 2.519696558566e-02
8.520000000000e+02 2.219619994620e-02
8.525000000000e+02 1.928862168674e-02
8.530000000000e+02 1.657136189124e-02
8.535000000000e+02 1.412443803165e-02
8.540000000000e+02 1.200804239630e-02
8.545000000000e+02 1.026124790123e-02
8.550000000000e+02 8.902106693207e-03
8.555000000000e+02 7.929015133053e-03
8.560000000000e+02 7.323132644440e-03
8.565000000000e+02 7.051578103692e-03
8.570000000000e+02 7.071090376860e-03
8.575000000000e+02 7.331831249368e-03
8.580000000000e+02 7.781028675130e-03
8.585000000000e+02 8.366202805572e-03
8.590000000000e+02 9.037781300263e-03
8.595000000000e+02 9.750986973855e-03
8.600000000000e+02 1.046696203797e-02
8.605000000000e+02 1.115317099870e-02
8.610000000000e+02 1.178319131816e-02
8.615000000000e+02 1.233605118930e-02
8.620000000000e+02 1.279530307656e-02
8.625000000000e+02 1.314802814420e-02
8.630000000000e+02 1.338395079779e-02
8.635000000000e+02 1.349480702849e-02
8.640000000000e+02 1.347405971921e-02
8.645000000000e+02 1.331699460489e-02
8.650000000000e+02 1.302116901711e-02
8.655000000000e+02 1.258712881115e-02
8.660000000000e+02 1.201926330097e-02
8.665000000000e+02 1.132663872289e-02
8.670000000000e+02 1.052364110595e-02
8.675000000000e+02 9.630270796972e-03
8.680000000000e+02 8.671962437878e-03
8.685000000000e+02 7.678852970622e-03
8.690000000000e+02 6.684481439026e-03
8.695000000000e+02 5.723971748179e-03
8.700000000000e+02 4.831816053298e-03
8.705000000000e+02 4.039434845662e-03
8.710000000000e+02 3.372733394109e-03
8.715000000000e+02 2.849897490504e-03
8.720000000000e+02 2.479670781392e-03
8.725000000000e+02 2.260329932560e-03
8.730000000000e+02 2.179523553999e-03
8.735000000000e+02 2.215069817584e-03
8.740000000000e+02 2.336721904586e-03
8.745000000000e+02 2.508817500235e-03
8.750000000000e+02 2.693637300757e-03
8.755000000000e+02 2.855216986608e-03
8.760000000000e+02 2.963295807559e-03
8.765000000000e+02 2.997049791020e-03
8.770000000000e+02 2.948253336619e-03
8.775000000000e+02 2.823541520308e-03
8.780000000000e+02 2.645505598019e-03
8.785000000000e+02 2.452441723625e-03
8.790000000000e+02 2.296680771308e-03
8.795000000000e+02 2.241546261802e-03
8.800000000000e+02 2.357107341947e-03
8.805000000000e+02 2.715003865592e-03
8.810000000000e+02 3.382710891996e-03
8.815000000000e+02 4.417672029217e-03
8.820000000000e+02 5.861759093972e-03
8.825000000000e+02 7.736506587812e-03
8.830000000000e+02 1.003952374806e-02
8.835000000000e+02 1.274240780828e-02
8.840000000000e+02 1.579037580204e-02
8.845000000000e+02 1.910370720014e-02
8.850000000000e+02 2.258095578717e-02
8.855000000000e+02 2.610375701750e-02
8.860000000000e+02 2.954293696137e-02
8.865000000000e+02 3.276553007185e-02
8.870000000000e+02 3.564224291581e-02
8.875000000000e+02 3.805486489131e-02
8.880000000000e+02 3.990312734565e-02
8.885000000000e+02 4.111054921375e-02
8.890000000000e+02 4.162887738988e-02
8.895000000000e+02 4.144082811509e-02
8.900000000000e+02 4.056095439320e-02
8.905000000000e+02 3.903459493282e-02
8.910000000000e+02 3.693499274957e-02
8.915000000000e+02 3.435879662499e-02
8.920000000000e+02 3.142026697064e-02
8.925000000000e+02 2.824459148281e-02
8.930000000000e+02 2.496076930976e-02
8.935000000000e+02 2.169454165568e-02
8.940000000000e+02 1.856183076251e-02
8.945000000000e+02 1.566309969669e-02
8.950000000000e+02 1.307896657334e-02
8.955000000000e+02 1.086730529314e-02
8.960000000000e+02 9.061948836705e-03
8.965000000000e+02 7.672990028492e-03
8.970000000000e+02 6.688558181514e-03
8.975000000000e+02 6.077847368368e-03
8.980000000000e+02 5.795091192645e-03
8.985000000000e+02 5.784125835421e-03
8.990000000000e+02 5.983161321913e-03
8.995000000000e+02 6.329391124553e-03
9.000000000000e+02 6.763110294227e-03
9.005000000000e+02 7.231077618687e-03
9.010000000000e+02 7.688941039628e-03
9.015000000000e+02 8.102639490861e-03
9.020000000000e+02 8.448789526669e-03
9.025000000000e+02 8.714152934829e-03
9.030000000000e+02 8.894354274164e-03
9.035000000000e+02 8.992069010783e-03
9.040000000000e+02 9.014929926315e-03
9.045000000000e+02 8.973400539402e-03
9.050000000000e+02 8.878840768725e-03
9.055000000000e+02 8.741945652222e-03
9.060000000000e+02 8.571678194419e-03
9.065000000000e+02 8.374749201485e-03
9.070000000000e+02 8.155627720709e-03
9.075000000000e+02 7.917002696474e-03
9.080000000000e+02 7.660566093565e-03
9.085000000000e+02 7.387954947203e-03
9.090000000000e+02 7.101677586115e-03
9.095000000000e+02 6.805858464815e-03
9.100000000000e+02 6.506665231799e-03
9.105000000000e+02 6.212327378966e-03
9.110000000000e+02 5.932712875024e-03
9.115000000000e+02 5.678491195408e-03
9.120000000000e+02 5.459971163425e-03
9.125000000000e+02 5.285753173407e-03
9.130000000000e+02 5.161371649674e-03
9.135000000000e+02 5.088120408985e-03
9.140000000000e+02 5.062248284904e-03
9.145000000000e+02 5.074684545022e-03
9.150000000000e+02 5.111405269320e-03
9.155000000000e+02 5.154487196497e-03
9.160000000000e+02 5.183820721429e-03
9.165000000000e+02 5.179376221496e-03
9.170000000000e+02 5.123845795489e-03
9.175000000000e+02 5.005423725788e-03
9.180000000000e+02 4.820450407656e-03
9.185000000000e+02 4.575631256599e-03
9.190000000000e+02 4.289556972093e-03
9.195000000000e+02 3.993294566924e-03
9.200000000000e+02 3.729886994561e-03
9.205000000000e+02 3.552687672285e-03
9.210000000000e+02 3.522557171406e-03
9.215000000000e+02 3.704053881222e-03
9.220000000000e+02 4.160848974023e-03
9.225000000000e+02 4.950679255977e-03
9.230000000000e+02 6.120211440757e-03
9.235000000000e+02 7.700221935881e-03
9.240000000000e+02 9.701493852868e-03
9.245000000000e+02 1.211179696334e-02
9.250000000000e+02 1.489424896741e-02
9.255000000000e+02 1.798726268910e-02
9.260000000000e+02 2.130617084690e-02
9.265000000000e+02 2.474649676076e-02
9.270000000000e+02 2.818871539785e-02
9.275000000000e+02 3.150423433589e-02
9.280000000000e+02 3.456222755737e-02
9.285000000000e+02 3.723688408833e-02
9.290000000000e+02 3.941459397149e-02
9.295000000000e+02 4.100058911222e-02
9.300000000000e+02 4.192458674022e-02
9.305000000000e+02 4.214504655175e-02
9.310000000000e+02 4.165174454215e-02
9.315000000000e+02 4.046648044033e-02
9.320000000000e+02 3.864186338992e-02
9.325000000000e+02 3.625825266090e-02
9.330000000000e+02 3.341905724003e-02
9.335000000000e+02 3.024471073117e-02
9.340000000000e+02 2.686572786781e-02
9.345000000000e+02 2.341530941166e-02
9.350000000000e+02 2.002198878897e-02
9.355000000000e+02 1.680280447173e-02
9.360000000000e+02 1.385743758769e-02
9.365000000000e+02 1.126367792080e-02
9.370000000000e+02 9.074479246489e-03
9.375000000000e+02 7.316744822796e-03
9.380000000000e+02 5.991855189670e-03
9.385000000000e+02 5.077823405611e-03
9.390000000000e+02 4.532847431187e-03
9.395000000000e+02 4.299934621393e-03
9.400000000000e+02 4.312206488175e-03
9.405000000000e+02 4.498457947613e-03
9.410000000000e+02 4.788546232579e-03
9.415000000000e+02 5.118219585792e-03
9.420000000000e+02 5.433060881034e-03
9.425000000000e+02 5.691310030603e-03
9.430000000000e+02 5.865433071624e-03
9.435000000000e+02 5.942415684343e-03
9.440000000000e+02 5.922864829185e-03
9.445000000000e+02 5.819095126321e-03
9.450000000000e+02 5.652448935560e-03
9.455000000000e+02 5.450145404518e-03
9.460000000000e+02 5.241971194460e-03
9.465000000000e+02 5.057114111345e-03
9.470000000000e+02 4.921403082094e-03
9.475000000000e+02 4.855158772464e-03
9.480000000000e+02 4.871785362813e-03
9.485000000000e+02 4.977153361617e-03
9.490000000000e+02 5.169743908627e-03
9.495000000000e+02 5.441454369027e-03
9.500000000000e+02 5.778909521463e-03
9.505000000000e+02 6.165086924801e-03
9.510000000000e+02 6.581051593212e-03
9.515000000000e+02 7.007604128106e-03
9.520000000000e+02 7.426675888899e-03
9.525000000000e+02 7.822350615902e-03
9.530000000000e+02 8.181448575279e-03
9.535000000000e+02 8.493670241179e-03
9.540000000000e+02 8.751354921434e-03
9.545000000000e+02 8.948959101521e-03
9.550000000000e+02 9.082394179154e-03
9.555000000000e+02 9.148379807348e-03
9.560000000000e+02 9.143965350767e-03
9.565000000000e+02 9.066348254447e-03
9.570000000000e+02 8.913076878421e-03
9.575000000000e+02 8.682670969023e-03
9.580000000000e+02 8.375631360927e-03
9.585000000000e+02 7.995748614779e-03
9.590000000000e+02 7.551565222019e-03
9.595000000000e+02 7.057804366938e-03
9.600000000000e+02 6.536555434637e-03
9.605000000000e+02 6.018006072059e-03
9.610000000000e+02 5.540533989892e-03
9.615000000000e+02 5.150017716176e-03
9.620000000000e+02 4.898290677576e-03
9.625000000000e+02 4.840741668347e-03
9.630000000000e+02 5.033149790880e-03
9.635000000000e+02 5.527925227536e-03
9.640000000000e+02 6.370000555901e-03
9.645000000000e+02 7.592673249179e-03
9.650000000000e+02 9.213732469252e-03
9.655000000000e+02 1.123220821085e-02
9.660000000000e+02 1.362605668594e-02
9.665000000000e+02 1.635104351647e-02
9.670000000000e+02 1.934100930022e-02
9.675000000000e+02 2.250960611594e-02
9.680000000000e+02 2.575348594404e-02
9.685000000000e+02 2.895681124500e-02
9.690000000000e+02 3.199685296094e-02
9.695000000000e+02 3.475035039674e-02
9.700000000000e+02 3.710023834057e-02
9.705000000000e+02 3.894230513745e-02
9.710000000000e+02 4.019133507031e-02
9.715000000000e+02 4.078631067549e-02
9.720000000000e+02 4.069430450409e-02
9.725000000000e+02 3.991277188928e-02
9.730000000000e+02 3.847006090785e-02
9.735000000000e+02 3.642407559649e-02
9.740000000000e+02 3.385915506817e-02
9.745000000000e+02 3.088135525124e-02
9.750000000000e+02 2.761243241480e-02
9.755000000000e+02 2.418291998899e-02
9.760000000000e+02 2.072475532864e-02
9.765000000000e+02 1.736394577981e-02
9.770000000000e+02 1.421376083675e-02
9.775000000000e+02 1.136889904597e-02
9.780000000000e+02 8.901007117183e-03
9.785000000000e+02 6.855829509394e-03
9.790000000000e+02 5.252146934919e-03
9.795000000000e+02 4.082530891894e-03
9.800000000000e+02 3.315808671522e-03
9.805000000000e+02 2.901009709003e-03
9.810000000000e+02 2.772459458045e-03
9.815000000000e+02 2.855609459094e-03
9.820000000000e+02 3.073148052375e-03
9.825000000000e+02 3.350928541476e-03
9.830000000000e+02 3.623280742219e-03
9.835000000000e+02 3.837334806454e-03
9.840000000000e+02 3.956077144448e-03
9.845000000000e+02 3.959969002703e-03
9.850000000000e+02 3.847078989078e-03
9.855000000000e+02 3.631801114095e-03
9.860000000000e+02 3.342339545022e-03
9.865000000000e+02 3.017231282276e-03
9.870000000000e+02 2.701241401879e-03
9.875000000000e+02 2.440998005011e-03
9.880000000000e+02 2.280734120536e-03
9.885000000000e+02 2.258473026967e-03
9.890000000000e+02 2.402935985717e-03
9.895000000000e+02 2.731373613932e-03
9.900000000000e+02 3.248431985778e-03
9.905000000000e+02 3.946070678487e-03
9.910000000000e+02 4.804460915393e-03
9.915000000000e+02 5.793715359039e-03
9.920000000000e+02 6.876243090836e-03
9.925000000000e+02 8.009487975437e-03
9.930000000000e+02 9.148797740368e-03
9.935000000000e+02 1.025018410024e-02
9.940000000000e+02 1.127276838357e-02
9.945000000000e+02 1.218075770872e-02
9.950000000000e+02 1.294485783752e-02
9.955000000000e+02 1.354309373588e-02
9.960000000000e+02 1.396107076505e-02
9.965000000000e+02 1.419176217297e-02
9.970000000000e+02 1.423494709403e-02
9.975000000000e+02 1.409644421637e-02
9.980000000000e+02 1.378728816846e-02
9.985000000000e+02 1.332297910295e-02
9.990000000000e+02 1.272290346766e-02
9.995000000000e+02 1.200997978942e-02
1.000000000000e+03 1.121053294734e-02
