# time(fs)  |c_eb|^2/n0  n0=1e-4  Delta=-50.0meV  nu=0.2eV
0.000000000000e+00 0.000000000000e+00
5.000000000000e-01 3.320866403706e-07
1.000000000000e+00 5.270754973628e-06
1.500000000000e+00 2.632695724619e-05
2.000000000000e+00 8.165266190628e-05
2.500000000000e+00 1.945645739107e-04
3.000000000000e+00 3.916187900097e-04
3.500000000000e+00 7.003668342550e-04
4.000000000000e+00 1.146945859822e-03
4.500000000000e+00 1.753668270517e-03
5.000000000000e+00 2.536777780707e-03
5.500000000000e+00 3.504529851123e-03
6.000000000000e+00 4.655735049896e-03
6.500000000000e+00 5.978875389617e-03
7.000000000000e+00 7.451867877984e-03
7.500000000000e+00 9.042508626123e-03
8.000000000000e+00 1.070958747290e-02
8.500000000000e+00 1.240461994145e-02
9.000000000000e+00 1.407410319533e-02
9.500000000000e+00 1.566216804846e-02
1.000000000000e+01 1.711347222760e-02
1.050000000000e+01 1.837616272027e-02
1.100000000000e+01 1.940472831550e-02
1.150000000000e+01 2.016256782580e-02
1.200000000000e+01 2.062411475940e-02
1.250000000000e+01 2.077638449568e-02
1.300000000000e+01 2.061984377175e-02
1.350000000000e+01 2.016854245270e-02
1.400000000000e+01 1.944949166788e-02
1.450000000000e+01 1.850131773011e-02
1.500000000000e+01 1.737226500780e-02
1.550000000000e+01 1.611766038644e-02
1.600000000000e+01 1.479698467369e-02
1.650000000000e+01 1.347072024718e-02
1.700000000000e+01 1.219715791132e-02
1.750000000000e+01 1.102934847660e-02
1.800000000000e+01 1.001237581840e-02
1.850000000000e+01 9.181108656589e-03
1.900000000000e+01 8.558559228851e-03
1.950000000000e+01 8.154940203520e-03
2.000000000000e+01 7.967468870835e-03
2.050000000000e+01 7.980922487525e-03
2.100000000000e+01 8.168903421949e-03
2.150000000000e+01 8.495730249414e-03
2.200000000000e+01 8.918833801086e-03
2.250000000000e+01 9.391507655972e-03
2.300000000000e+01 9.865842485273e-03
2.350000000000e+01 1.029566421830e-02
2.400000000000e+01 1.063929773938e-02
2.450000000000e+01 1.086199058381e-02
2.500000000000e+01 1.093785402781e-02
2.550000000000e+01 1.085121058356e-02
2.600000000000e+01 1.059727518485e-02
2.650000000000e+01 1.018213985289e-02
2.700000000000e+01 9.622075678073e-03
2.750000000000e+01 8.942208763670e-03
2.800000000000e+01 8.174665656312e-03
2.850000000000e+01 7.356316318809e-03
2.900000000000e+01 6.526266848596e-03
2.950000000000e+01 5.723268432368e-03
3.000000000000e+01 4.983212592792e-03
3.050000000000e+01 4.336875449707e-03
3.100000000000e+01 3.808056000090e-03
3.150000000000e+01 3.412226483773e-03
3.200000000000e+01 3.155778497107e-03
3.250000000000e+01 3.035908867815e-03
3.300000000000e+01 3.041146953186e-03
3.350000000000e+01 3.152482691769e-03
3.400000000000e+01 3.345015137292e-03
3.450000000000e+01 3.590006869190e-03
3.500000000000e+01 3.857202807167e-03
3.550000000000e+01 4.117254283514e-03
3.600000000000e+01 4.344081887591e-03
3.650000000000e+01 4.517014075476e-03
3.700000000000e+01 4.622552629886e-03
3.750000000000e+01 4.655639881764e-03
3.800000000000e+01 4.620334659145e-03
3.850000000000e+01 4.529842189255e-03
3.900000000000e+01 4.405885213928e-03
3.950000000000e+01 4.277446712992e-03
4.000000000000e+01 4.178956115068e-03
4.050000000000e+01 4.148028055505e-03
4.100000000000e+01 4.222893227676e-03
4.150000000000e+01 4.439682693638e-03
4.200000000000e+01 4.829738743271e-03
4.250000000000e+01 5.417126220264e-03
4.300000000000e+01 6.216508057562e-03
4.350000000000e+01 7.231528166386e-03
4.400000000000e+01 8.453815041776e-03
4.450000000000e+01 9.862682307183e-03
4.500000000000e+01 1.142556020693e-02
4.550000000000e+01 1.309914738547e-02
4.600000000000e+01 1.483122794290e-02
4.650000000000e+01 1.656305749262e-02
4.700000000000e+01 1.823218632025e-02
4.750000000000e+01 1.977556002949e-02
4.800000000000e+01 2.113271997213e-02
4.850000000000e+01 2.224891843824e-02
4.900000000000e+01 2.307796751997e-02
4.950000000000e+01 2.358465555434e-02
5.000000000000e+01 2.374659016063e-02
5.050000000000e+01 2.355536060625e-02
5.100000000000e+01 2.301695248797e-02
5.150000000000e+01 2.215139203430e-02
5.200000000000e+01 2.099164299344e-02
5.250000000000e+01 1.958182326825e-02
5.300000000000e+01 1.797484847815e-02
5.350000000000e+01 1.622964301855e-02
5.400000000000e+01 1.440808390967e-02
5.450000000000e+01 1.257185728139e-02
5.500000000000e+01 1.077941085995e-02
5.550000000000e+01 9.083178126834e-03
5.600000000000e+01 7.527231426308e-03
5.650000000000e+01 6.145493388040e-03
5.700000000000e+01 4.960600372990e-03
5.750000000000e+01 3.983470502473e-03
5.800000000000e+01 3.213584767063e-03
5.850000000000e+01 2.639945509185e-03
5.900000000000e+01 2.242634989563e-03
5.950000000000e+01 1.994860376904e-03
6.000000000000e+01 1.865342600631e-03
6.050000000000e+01 1.820886860142e-03
6.100000000000e+01 1.828963384207e-03
6.150000000000e+01 1.860128810963e-03
6.200000000000e+01 1.890131147510e-03
6.250000000000e+01 1.901563818807e-03
6.300000000000e+01 1.884965349406e-03
6.350000000000e+01 1.839298724008e-03
6.400000000000e+01 1.771786022797e-03
6.450000000000e+01 1.697116851222e-03
6.500000000000e+01 1.636090624689e-03
6.550000000000e+01 1.613790262672e-03
6.600000000000e+01 1.657415891550e-03
6.650000000000e+01 1.793929763382e-03
6.700000000000e+01 2.047676320372e-03
6.750000000000e+01 2.438143355875e-03
6.800000000000e+01 2.978021410196e-03
6.850000000000e+01 3.671699451856e-03
6.900000000000e+01 4.514306747117e-03
6.950000000000e+01 5.491375406411e-03
7.000000000000e+01 6.579157674937e-03
7.050000000000e+01 7.745589187325e-03
7.100000000000e+01 8.951846873234e-03
7.150000000000e+01 1.015441070644e-02
7.200000000000e+01 1.130750457216e-02
7.250000000000e+01 1.236576537738e-02
7.300000000000e+01 1.328697284924e-02
7.350000000000e+01 1.403466636307e-02
7.400000000000e+01 1.458048005580e-02
7.450000000000e+01 1.490604315842e-02
7.500000000000e+01 1.500431798510e-02
7.550000000000e+01 1.488028178907e-02
7.600000000000e+01 1.455089864812e-02
7.650000000000e+01 1.404437119845e-02
7.700000000000e+01 1.339870666204e-02
7.750000000000e+01 1.265967442198e-02
7.800000000000e+01 1.187827070710e-02
7.850000000000e+01 1.110783732938e-02
7.900000000000e+01 1.040100389397e-02
7.950000000000e+01 9.806635034620e-03
8.000000000000e+01 9.366965227700e-03
8.050000000000e+01 9.115093506099e-03
8.100000000000e+01 9.072989536161e-03
8.150000000000e+01 9.250132302512e-03
8.200000000000e+01 9.642864921466e-03
8.250000000000e+01 1.023450619479e-02
8.300000000000e+01 1.099621406976e-02
8.350000000000e+01 1.188855099261e-02
8.400000000000e+01 1.286365901965e-02
8.450000000000e+01 1.386791607877e-02
8.500000000000e+01 1.484491619800e-02
8.550000000000e+01 1.573859758506e-02
8.600000000000e+01 1.649633430291e-02
8.650000000000e+01 1.707181041587e-02
8.700000000000e+01 1.742750964805e-02
8.750000000000e+01 1.753667789173e-02
8.800000000000e+01 1.738464879410e-02
8.850000000000e+01 1.696946206240e-02
8.900000000000e+01 1.630174759368e-02
8.950000000000e+01 1.540389334619e-02
9.000000000000e+01 1.430855824171e-02
9.050000000000e+01 1.305663063514e-02
9.100000000000e+01 1.169476559263e-02
9.150000000000e+01 1.027265838318e-02
9.200000000000e+01 8.840225750667e-03
9.250000000000e+01 7.444869869572e-03
9.300000000000e+01 6.128992249224e-03
9.350000000000e+01 4.927906778273e-03
9.400000000000e+01 3.868273789977e-03
9.450000000000e+01 2.967142248738e-03
9.500000000000e+01 2.231647143128e-03
9.550000000000e+01 1.659366477261e-03
9.600000000000e+01 1.239299598666e-03
9.650000000000e+01 9.533886963912e-04
9.700000000000e+01 7.784706766551e-04
9.750000000000e+01 6.885194653539e-04
9.800000000000e+01 6.570208075463e-04
9.850000000000e+01 6.593139640539e-04
9.900000000000e+01 6.747378170767e-04
9.950000000000e+01 6.884325751675e-04
1.000000000000e+02 6.926716288080e-04
1.005000000000e+02 6.876296492195e-04
1.010000000000e+02 6.815307212566e-04
1.015000000000e+02 6.901617391979e-04
1.020000000000e+02 7.357788138882e-04
1.025000000000e+02 8.454753101655e-04
1.030000000000e+02 1.049116724286e-03
1.035000000000e+02 1.376977559361e-03
1.040000000000e+02 1.857236716814e-03
1.045000000000e+02 2.513499289658e-03
1.050000000000e+02 3.362513245997e-03
1.055000000000e+02 4.412239236806e-03
1.060000000000e+02 5.660411248635e-03
1.065000000000e+02 7.093696299128e-03
1.070000000000e+02 8.687524667134e-03
1.075000000000e+02 1.040662052949e-02
1.080000000000e+02 1.220621897264e-02
1.085000000000e+02 1.403391189283e-02
1.090000000000e+02 1.583202503806e-02
1.095000000000e+02 1.754039393063e-02
1.100000000000e+02 1.909937982870e-02
1.105000000000e+02 2.045294995517e-02
1.110000000000e+02 2.155164004255e-02
1.115000000000e+02 2.235522226028e-02
1.120000000000e+02 2.283491754159e-02
1.125000000000e+02 2.297501727724e-02
1.130000000000e+02 2.277381372445e-02
1.135000000000e+02 2.224377919713e-02
1.140000000000e+02 2.141097866025e-02
1.145000000000e+02 2.031374601019e-02
1.150000000000e+02 1.900069827110e-02
1.155000000000e+02 1.752820145801e-02
1.160000000000e+02 1.595743451783e-02
1.165000000000e+02 1.435122152609e-02
1.170000000000e+02 1.277081574237e-02
1.175000000000e+02 1.127282135660e-02
1.180000000000e+02 9.906429691816e-03
1.185000000000e+02 8.711126814719e-03
1.190000000000e+02 7.715000185140e-03
1.195000000000e+02 6.933734990237e-03
1.200000000000e+02 6.370348458870e-03
1.205000000000e+02 6.015665368930e-03
1.210000000000e+02 5.849492958250e-03
1.215000000000e+02 5.842411318020e-03
1.220000000000e+02 5.958058695855e-03
1.225000000000e+02 6.155762223986e-03
1.230000000000e+02 6.393345185379e-03
1.235000000000e+02 6.629933203987e-03
1.240000000000e+02 6.828584187506e-03
1.245000000000e+02 6.958580250580e-03
1.250000000000e+02 6.997243302248e-03
1.255000000000e+02 6.931167961397e-03
1.260000000000e+02 6.756803903267e-03
1.265000000000e+02 6.480362173555e-03
1.270000000000e+02 6.117063719639e-03
1.275000000000e+02 5.689790606141e-03
1.280000000000e+02 5.227238419632e-03
1.285000000000e+02 4.761699827262e-03
1.290000000000e+02 4.326632152360e-03
1.295000000000e+02 3.954174745041e-03
1.300000000000e+02 3.672784061493e-03
1.305000000000e+02 3.505145626144e-03
1.310000000000e+02 3.466503024614e-03
1.315000000000e+02 3.563516008207e-03
1.320000000000e+02 3.793724500687e-03
1.325000000000e+02 4.145655064991e-03
1.330000000000e+02 4.599563795182e-03
1.335000000000e+02 5.128767388261e-03
1.340000000000e+02 5.701475036487e-03
1.345000000000e+02 6.283000268695e-03
1.350000000000e+02 6.838206127200e-03
1.355000000000e+02 7.334020754492e-03
1.360000000000e+02 7.741854647829e-03
1.365000000000e+02 8.039755923421e-03
1.370000000000e+02 8.214155614297e-03
1.375000000000e+02 8.261080347268e-03
1.380000000000e+02 8.186743122706e-03
1.385000000000e+02 8.007462260173e-03
1.390000000000e+02 7.748901384882e-03
1.395000000000e+02 7.444666926316e-03
1.400000000000e+02 7.134341207928e-03
1.405000000000e+02 6.861066182844e-03
1.410000000000e+02 6.668822858270e-03
1.415000000000e+02 6.599572525333e-03
1.420000000000e+02 6.690436702095e-03
1.425000000000e+02 6.971092479023e-03
1.430000000000e+02 7.461548692196e-03
1.435000000000e+02 8.170446695033e-03
1.440000000000e+02 9.093998763628e-03
1.445000000000e+02 1.021563923183e-02
1.450000000000e+02 1.150642064372e-02
1.455000000000e+02 1.292614217274e-02
1.460000000000e+02 1.442515307086e-02
1.465000000000e+02 1.594673273021e-02
1.470000000000e+02 1.742991363191e-02
1.475000000000e+02 1.881258616780e-02
1.480000000000e+02 2.003470677599e-02
1.485000000000e+02 2.104142413766e-02
1.490000000000e+02 2.178594269744e-02
1.495000000000e+02 2.223195824843e-02
1.500000000000e+02 2.235552583990e-02
1.505000000000e+02 2.214625419125e-02
1.510000000000e+02 2.160776106938e-02
1.515000000000e+02 2.075736822250e-02
1.520000000000e+02 1.962505974081e-02
1.525000000000e+02 1.825177135199e-02
1.530000000000e+02 1.668711748144e-02
1.535000000000e+02 1.498669551173e-02
1.540000000000e+02 1.320913058054e-02
1.545000000000e+02 1.141303802099e-02
1.550000000000e+02 9.654083369412e-03
1.555000000000e+02 7.982311618253e-03
1.560000000000e+02 6.439898638082e-03
1.565000000000e+02 5.059449649965e-03
1.570000000000e+02 3.862934086581e-03
1.575000000000e+02 2.861305392735e-03
1.580000000000e+02 2.054810861482e-03
1.585000000000e+02 1.433953211493e-03
1.590000000000e+02 9.810250211534e-04
1.595000000000e+02 6.721018714671e-04
1.600000000000e+02 4.793523300177e-04
1.605000000000e+02 3.735044470789e-04
1.610000000000e+02 3.263003653284e-04
1.615000000000e+02 3.127734421900e-04
1.620000000000e+02 3.131957334483e-04
1.625000000000e+02 3.145668975532e-04
1.630000000000e+02 3.115470423079e-04
1.635000000000e+02 3.067737161044e-04
1.640000000000e+02 3.105447164173e-04
1.645000000000e+02 3.398909799081e-04
1.650000000000e+02 4.171047906491e-04
1.655000000000e+02 5.678252576356e-04
1.660000000000e+02 8.188131023285e-04
1.665000000000e+02 1.195568314638e-03
1.670000000000e+02 1.719955779830e-03
1.675000000000e+02 2.408004782641e-03
1.680000000000e+02 3.268038277121e-03
1.685000000000e+02 4.299267579945e-03
1.690000000000e+02 5.490958957313e-03
1.695000000000e+02 6.822242276851e-03
1.700000000000e+02 8.262590771958e-03
1.705000000000e+02 9.772957626853e-03
1.710000000000e+02 1.130751229497e-02
1.715000000000e+02 1.281587994338e-02
1.720000000000e+02 1.424575370590e-02
1.725000000000e+02 1.554572370332e-02
1.730000000000e+02 1.666815072826e-02
1.735000000000e+02 1.757190716938e-02
1.740000000000e+02 1.822481356608e-02
1.745000000000e+02 1.860561583670e-02
1.750000000000e+02 1.870537472660e-02
1.755000000000e+02 1.852817376723e-02
1.760000000000e+02 1.809109289194e-02
1.765000000000e+02 1.742343929128e-02
1.770000000000e+02 1.656527235318e-02
1.775000000000e+02 1.556530280003e-02
1.780000000000e+02 1.447828470785e-02
1.785000000000e+02 1.336205054443e-02
1.790000000000e+02 1.227436173101e-02
1.795000000000e+02 1.126975908790e-02
1.800000000000e+02 1.039659811861e-02
1.805000000000e+02 9.694443357876e-03
1.810000000000e+02 9.191974602784e-03
1.815000000000e+02 8.905527087201e-03
1.820000000000e+02 8.838349440232e-03
1.825000000000e+02 8.980619960885e-03
1.830000000000e+02 9.310216024483e-03
1.835000000000e+02 9.794186142513e-03
1.840000000000e+02 1.039083212913e-02
1.845000000000e+02 1.105227258074e-02
1.850000000000e+02 1.172733067688e-02
1.855000000000e+02 1.236457088327e-02
1.860000000000e+02 1.291530158565e-02
1.865000000000e+02 1.333636443077e-02
1.870000000000e+02 1.359254591427e-02
1.875000000000e+02 1.365847155904e-02
1.880000000000e+02 1.351987628354e-02
1.885000000000e+02 1.317418413722e-02
1.890000000000e+02 1.263037398161e-02
1.895000000000e+02 1.190815218471e-02
1.900000000000e+02 1.103649617892e-02
1.905000000000e+02 1.005167114085e-02
1.910000000000e+02 8.994853699154e-03
1.915000000000e+02 7.909519516642e-03
1.920000000000e+02 6.838764435570e-03
1.925000000000e+02 5.822730867893e-03
1.930000000000e+02 4.896302195174e-03
1.935000000000e+02 4.087208742349e-03
1.940000000000e+02 3.414660677502e-03
1.945000000000e+02 2.888587802668e-03
1.950000000000e+02 2.509525924130e-03
1.955000000000e+02 2.269146911014e-03
1.960000000000e+02 2.151387392075e-03
1.965000000000e+02 2.134091993108e-03
1.970000000000e+02 2.191053569121e-03
1.975000000000e+02 2.294307163380e-03
1.980000000000e+02 2.416518063573e-03
1.985000000000e+02 2.533298361121e-03
1.990000000000e+02 2.625291228838e-03
1.995000000000e+02 2.679877406169e-03
2.000000000000e+02 2.692383146826e-03
2.005000000000e+02 2.666701563862e-03
2.010000000000e+02 2.615277820167e-03
2.015000000000e+02 2.558450504952e-03
2.020000000000e+02 2.523184136663e-03
2.025000000000e+02 2.541268318816e-03
2.030000000000e+02 2.647095048326e-03
2.035000000000e+02 2.875154723568e-03
2.040000000000e+02 3.257411641356e-03
2.045000000000e+02 3.820729881203e-03
2.050000000000e+02 4.584519758810e-03
2.055000000000e+02 5.558763478707e-03
2.060000000000e+02 6.742556899756e-03
2.065000000000e+02 8.123273760094e-03
2.070000000000e+02 9.676421163862e-03
2.075000000000e+02 1.136621292894e-02
2.080000000000e+02 1.314684314804e-02
2.085000000000e+02 1.496439878312e-02
2.090000000000e+02 1.675930999793e-02
2.095000000000e+02 1.846920276781e-02
2.100000000000e+02 2.003199222837e-02
2.105000000000e+02 2.138903888206e-02
2.110000000000e+02 2.248818423707e-02
2.115000000000e+02 2.328648808420e-02
2.120000000000e+02 2.375250611892e-02
2.125000000000e+02 2.386797300599e-02
2.130000000000e+02 2.362879066607e-02
2.135000000000e+02 2.304526242652e-02
2.140000000000e+02 2.214155822552e-02
2.145000000000e+02 2.095444156040e-02
2.150000000000e+02 1.953133253685e-02
2.155000000000e+02 1.792782052612e-02
2.160000000000e+02 1.620477216854e-02
2.165000000000e+02 1.442520380289e-02
2.170000000000e+02 1.265110041428e-02
2.175000000000e+02 1.094036511370e-02
2.180000000000e+02 9.344073864227e-03
2.185000000000e+02 7.904190271138e-03
2.190000000000e+02 6.651866000886e-03
2.195000000000e+02 5.606415630277e-03
2.200000000000e+02 4.775012737846e-03
2.205000000000e+02 4.153109478909e-03
2.210000000000e+02 3.725537503310e-03
2.215000000000e+02 3.468206648157e-03
2.220000000000e+02 3.350281944157e-03
2.225000000000e+02 3.336691336208e-03
2.230000000000e+02 3.390797868600e-03
2.235000000000e+02 3.477062053535e-03
2.240000000000e+02 3.563523187342e-03
2.245000000000e+02 3.623942260567e-03
2.250000000000e+02 3.639472898760e-03
2.255000000000e+02 3.599758917740e-03
2.260000000000e+02 3.503395500618e-03
2.265000000000e+02 3.357733229485e-03
2.270000000000e+02 3.178047520551e-03
2.275000000000e+02 2.986137642099e-03
2.280000000000e+02 2.808456773359e-03
2.285000000000e+02 2.673905110523e-03
2.290000000000e+02 2.611439889044e-03
2.295000000000e+02 2.647667979435e-03
2.300000000000e+02 2.804587678981e-03
2.305000000000e+02 3.097636408634e-03
2.310000000000e+02 3.534180874869e-03
2.315000000000e+02 4.112557166495e-03
2.320000000000e+02 4.821732095821e-03
2.325000000000e+02 5.641616184599e-03
2.330000000000e+02 6.544015663073e-03
2.335000000000e+02 7.494168464315e-03
2.340000000000e+02 8.452770190983e-03
2.345000000000e+02 9.378362907728e-03
2.350000000000e+02 1.022993453570e-02
2.355000000000e+02 1.096956122386e-02
2.360000000000e+02 1.156492037162e-02
2.365000000000e+02 1.199150832475e-02
2.370000000000e+02 1.223441380492e-02
2.375000000000e+02 1.228952483277e-02
2.380000000000e+02 1.216408159785e-02
2.385000000000e+02 1.187652826190e-02
2.390000000000e+02 1.145566051813e-02
2.395000000000e+02 1.093911010141e-02
2.400000000000e+02 1.037124954845e-02
2.405000000000e+02 9.800637699960e-03
2.410000000000e+02 9.277156338987e-03
2.415000000000e+02 8.849009069904e-03
2.420000000000e+02 8.559763726683e-03
2.425000000000e+02 8.445618580951e-03
2.430000000000e+02 8.533060425736e-03
2.435000000000e+02 8.837059965711e-03
2.440000000000e+02 9.359918230764e-03
2.445000000000e+02 1.009083889585e-02
2.450000000000e+02 1.100625783338e-02
2.455000000000e+02 1.207091563483e-02
2.460000000000e+02 1.323961403528e-02
2.465000000000e+02 1.445955592408e-02
2.470000000000e+02 1.567313347273e-02
2.475000000000e+02 1.682100203137e-02
2.480000000000e+02 1.784526047109e-02
2.485000000000e+02 1.869255259949e-02
2.490000000000e+02 1.931690954876e-02
2.495000000000e+02 1.968216923106e-02
2.500000000000e+02 1.976383503943e-02
2.505000000000e+02 1.955027035360e-02
2.510000000000e+02 1.904316589757e-02
2.515000000000e+02 1.825726108187e-02
2.520000000000e+02 1.721934541972e-02
2.525000000000e+02 1.596660915233e-02
2.530000000000e+02 1.454445070625e-02
2.535000000000e+02 1.300388018118e-02
2.540000000000e+02 1.139868082075e-02
2.545000000000e+02 9.782502985384e-03
2.550000000000e+02 8.206066807777e-03
2.555000000000e+02 6.714640442032e-03
2.560000000000e+02 5.345941244819e-03
2.565000000000e+02 4.128578648450e-03
2.570000000000e+02 3.081121738372e-03
2.575000000000e+02 2.211833913966e-03
2.580000000000e+02 1.519074075662e-03
2.585000000000e+02 9.923212597622e-04
2.590000000000e+02 6.137402086149e-04
2.595000000000e+02 3.601715082188e-04
2.600000000000e+02 2.054037621113e-04
2.605000000000e+02 1.225684337150e-04
2.610000000000e+02 8.649151308636e-05
2.615000000000e+02 7.584043726437e-05
2.620000000000e+02 7.491941240249e-05
2.625000000000e+02 7.499049163707e-05
2.630000000000e+02 7.502989417576e-05
2.635000000000e+02 8.186704431610e-05
2.640000000000e+02 1.096952277108e-04
2.645000000000e+02 1.789849508183e-04
2.650000000000e+02 3.148713417152e-04
2.655000000000e+02 5.451226591663e-04
2.660000000000e+02 8.978258785490e-04
2.665000000000e+02 1.398945523665e-03
2.670000000000e+02 2.069922086084e-03
2.675000000000e+02 2.925475828747e-03
2.680000000000e+02 3.971770490642e-03
2.685000000000e+02 5.205070060346e-03
2.690000000000e+02 6.610991680762e-03
2.695000000000e+02 8.164420750745e-03
2.700000000000e+02 9.830112704354e-03
2.705000000000e+02 1.156396238502e-02
2.710000000000e+02 1.331487915296e-02
2.715000000000e+02 1.502716655153e-02
2.720000000000e+02 1.664327202783e-02
2.725000000000e+02 1.810674698947e-02
2.730000000000e+02 1.936524201793e-02
2.735000000000e+02 2.037335738079e-02
2.740000000000e+02 2.109517544993e-02
2.745000000000e+02 2.150631890689e-02
2.750000000000e+02 2.159540568650e-02
2.755000000000e+02 2.136480684294e-02
2.760000000000e+02 2.083065477227e-02
2.765000000000e+02 2.002209396461e-02
2.770000000000e+02 1.897981192837e-02
2.775000000000e+02 1.775393131376e-02
2.780000000000e+02 1.640138287498e-02
2.785000000000e+02 1.498291034304e-02
2.790000000000e+02 1.355988057983e-02
2.795000000000e+02 1.219108414326e-02
2.800000000000e+02 1.092971188058e-02
2.805000000000e+02 9.820682323465e-03
2.810000000000e+02 8.898473173047e-03
2.815000000000e+02 8.185579338712e-03
2.820000000000e+02 7.691681761619e-03
2.825000000000e+02 7.413567974412e-03
2.830000000000e+02 7.335799720876e-03
2.835000000000e+02 7.432077812291e-03
2.840000000000e+02 7.667212534737e-03
2.845000000000e+02 7.999571936405e-03
2.850000000000e+02 8.383852435978e-03
2.855000000000e+02 8.773998111874e-03
2.860000000000e+02 9.126087844768e-03
2.865000000000e+02 9.401013595271e-03
2.870000000000e+02 9.566788193264e-03
2.875000000000e+02 9.600346095325e-03
2.880000000000e+02 9.488734002823e-03
2.885000000000e+02 9.229627876537e-03
2.890000000000e+02 8.831156199752e-03
2.895000000000e+02 8.311053575919e-03
2.900000000000e+02 7.695211085698e-03
2.905000000000e+02 7.015727608444e-03
2.910000000000e+02 6.308597147717e-03
2.915000000000e+02 5.611189171037e-03
2.920000000000e+02 4.959690720430e-03
2.925000000000e+02 4.386679872062e-03
2.930000000000e+02 3.918990016855e-03
2.935000000000e+02 3.576004090502e-03
2.940000000000e+02 3.368488643473e-03
2.945000000000e+02 3.298041414443e-03
2.950000000000e+02 3.357185198488e-03
2.955000000000e+02 3.530097923591e-03
2.960000000000e+02 3.793926725744e-03
2.965000000000e+02 4.120595148609e-03
2.970000000000e+02 4.478979874745e-03
2.975000000000e+02 4.837308721365e-03
2.980000000000e+02 5.165616591262e-03
2.985000000000e+02 5.438091630277e-03
2.990000000000e+02 5.635150303205e-03
2.995000000000e+02 5.745097056850e-03
3.000000000000e+02 5.765250628768e-03
3.005000000000e+02 5.702453209707e-03
3.010000000000e+02 5.572918412918e-03
3.015000000000e+02 5.401416820565e-03
3.020000000000e+02 5.219841044171e-03
3.025000000000e+02 5.065233003531e-03
3.030000000000e+02 4.977391895961e-03
3.035000000000e+02 4.996209804103e-03
3.040000000000e+02 5.158901242693e-03
3.045000000000e+02 5.497301911009e-03
3.050000000000e+02 6.035409887543e-03
3.055000000000e+02 6.787329558769e-03
3.060000000000e+02 7.755755479395e-03
3.065000000000e+02 8.931101521940e-03
3.070000000000e+02 1.029134204285e-02
3.075000000000e+02 1.180258875155e-02
3.080000000000e+02 1.342038218123e-02
3.085000000000e+02 1.509163289395e-02
3.090000000000e+02 1.675710752501e-02
3.095000000000e+02 1.835432096568e-02
3.100000000000e+02 1.982067050861e-02
3.105000000000e+02 2.109663219412e-02
3.110000000000e+02 2.212883490655e-02
3.115000000000e+02 2.287283426816e-02
3.120000000000e+02 2.329542566298e-02
3.125000000000e+02 2.337636275212e-02
3.130000000000e+02 2.310938295849e-02
3.135000000000e+02 2.250248244927e-02
3.140000000000e+02 2.157742761246e-02
3.145000000000e+02 2.036853518523e-02
3.150000000000e+02 1.892079628264e-02
3.155000000000e+02 1.728745796470e-02
3.160000000000e+02 1.552720732644e-02
3.165000000000e+02 1.370112550138e-02
3.170000000000e+02 1.186959108447e-02
3.175000000000e+02 1.008931360202e-02
3.180000000000e+02 8.410667752278e-03
3.185000000000e+02 6.875478868153e-03
3.190000000000e+02 5.515380712821e-03
3.195000000000e+02 4.350830153462e-03
3.200000000000e+02 3.390821780893e-03
3.205000000000e+02 2.633301748497e-03
3.210000000000e+02 2.066236728474e-03
3.215000000000e+02 1.669253639822e-03
3.220000000000e+02 1.415731190566e-03
3.225000000000e+02 1.275197446430e-03
3.230000000000e+02 1.215870242622e-03
3.235000000000e+02 1.207170352466e-03
3.240000000000e+02 1.222041311482e-03
3.245000000000e+02 1.238924375610e-03
3.250000000000e+02 1.243261305498e-03
3.255000000000e+02 1.228429944635e-03
3.260000000000e+02 1.196055816907e-03
3.265000000000e+02 1.155684750176e-03
3.270000000000e+02 1.123844154756e-03
3.275000000000e+02 1.122561314318e-03
3.280000000000e+02 1.177443266834e-03
3.285000000000e+02 1.315452236187e-03
3.290000000000e+02 1.562531226764e-03
3.295000000000e+02 1.941244975005e-03
3.300000000000e+02 2.468601265491e-03
3.305000000000e+02 3.154206653836e-03
3.310000000000e+02 3.998889571296e-03
3.315000000000e+02 4.993893940029e-03
3.320000000000e+02 6.120709692391e-03
3.325000000000e+02 7.351565294528e-03
3.330000000000e+02 8.650564155014e-03
3.335000000000e+02 9.975404415602e-03
3.340000000000e+02 1.127958279765e-02
3.345000000000e+02 1.251495040881e-02
3.350000000000e+02 1.363446383608e-02
3.355000000000e+02 1.459496007556e-02
3.360000000000e+02 1.535977987814e-02
3.365000000000e+02 1.590107124078e-02
3.370000000000e+02 1.620162266135e-02
3.375000000000e+02 1.625610333274e-02
3.380000000000e+02 1.607162299668e-02
3.385000000000e+02 1.566756551807e-02
3.390000000000e+02 1.507469479458e-02
3.395000000000e+02 1.433357660843e-02
3.400000000000e+02 1.349240263670e-02
3.405000000000e+02 1.260434037720e-02
3.410000000000e+02 1.172456283853e-02
3.415000000000e+02 1.090713258939e-02
3.420000000000e+02 1.020192481983e-02
3.425000000000e+02 9.651772779987e-03
3.430000000000e+02 9.290006374555e-03
3.435000000000e+02 9.138531561488e-03
3.440000000000e+02 9.206565948194e-03
3.445000000000e+02 9.490106589061e-03
3.450000000000e+02 9.972161902357e-03
3.455000000000e+02 1.062373357492e-02
3.460000000000e+02 1.140548916611e-02
3.465000000000e+02 1.227002465378e-02
3.470000000000e+02 1.316458094899e-02
3.475000000000e+02 1.403405161278e-02
3.480000000000e+02 1.482410227506e-02
3.485000000000e+02 1.548421659633e-02
3.490000000000e+02 1.597048932520e-02
3.495000000000e+02 1.624800370119e-02
3.500000000000e+02 1.629265705102e-02
3.505000000000e+02 1.609233321955e-02
3.510000000000e+02 1.564736125886e-02
3.515000000000e+02 1.497024400824e-02
3.520000000000e+02 1.408468505735e-02
3.525000000000e+02 1.302398529094e-02
3.530000000000e+02 1.182891811702e-02
3.535000000000e+02 1.054522324107e-02
3.540000000000e+02 9.220880590580e-03
3.545000000000e+02 7.903337409898e-03
3.550000000000e+02 6.636861988459e-03
3.555000000000e+02 5.460187004244e-03
3.560000000000e+02 4.404584785449e-03
3.565000000000e+02 3.492487291338e-03
3.570000000000e+02 2.736727205709e-03
3.575000000000e+02 2.140435573031e-03
3.580000000000e+02 1.697588511449e-03
3.585000000000e+02 1.394153444708e-03
3.590000000000e+02 1.209746682887e-03
3.595000000000e+02 1.119681494441e-03
3.600000000000e+02 1.097261115068e-03
3.605000000000e+02 1.116155977971e-03
3.610000000000e+02 1.152699773927e-03
3.615000000000e+02 1.187945029986e-03
3.620000000000e+02 1.209335325500e-03
3.625000000000e+02 1.211876979781e-03
3.630000000000e+02 1.198726394712e-03
3.635000000000e+02 1.181148080842e-03
3.640000000000e+02 1.177840252588e-03
3.645000000000e+02 1.213667069573e-03
3.650000000000e+02 1.317876427924e-03
3.655000000000e+02 1.521917115174e-03
3.660000000000e+02 1.856996890932e-03
3.665000000000e+02 2.351541848886e-03
3.670000000000e+02 3.028726022469e-03
3.675000000000e+02 3.904238026156e-03
3.680000000000e+02 4.984438664389e-03
3.685000000000e+02 6.265040652084e-03
3.690000000000e+02 7.730410269094e-03
3.695000000000e+02 9.353552833756e-03
3.700000000000e+02 1.109680168007e-02
3.705000000000e+02 1.291318650117e-02
3.710000000000e+02 1.474841419153e-02
3.715000000000e+02 1.654335636252e-02
3.720000000000e+02 1.823690497598e-02
3.725000000000e+02 1.976903311196e-02
3.730000000000e+02 2.108388330620e-02
3.735000000000e+02 2.213270212418e-02
3.740000000000e+02 2.287644696484e-02
3.745000000000e+02 2.328790910437e-02
3.750000000000e+02 2.335322464064e-02
3.755000000000e+02 2.307268061059e-02
3.760000000000e+02 2.246076496277e-02
3.765000000000e+02 2.154545375842e-02
3.770000000000e+02 2.036677420504e-02
3.775000000000e+02 1.897472512207e-02
3.780000000000e+02 1.742667456104e-02
3.785000000000e+02 1.578438519871e-02
3.790000000000e+02 1.411083990094e-02
3.795000000000e+02 1.246705116201e-02
3.800000000000e+02 1.090903827153e-02
3.805000000000e+02 9.485145043304e-03
3.810000000000e+02 8.233849451343e-03
3.815000000000e+02 7.182185867633e-03
3.820000000000e+02 6.344862733078e-03
3.825000000000e+02 5.724115732500e-03
3.830000000000e+02 5.310291567842e-03
3.835000000000e+02 5.083113013234e-03
3.840000000000e+02 5.013534856788e-03
3.845000000000e+02 5.066065127315e-03
3.850000000000e+02 5.201398846868e-03
3.855000000000e+02 5.379194109685e-03
3.860000000000e+02 5.560813619618e-03
3.865000000000e+02 5.711859295380e-03
3.870000000000e+02 5.804342850695e-03
3.875000000000e+02 5.818360362966e-03
3.880000000000e+02 5.743172131814e-03
3.885000000000e+02 5.577628455732e-03
3.890000000000e+02 5.329924798844e-03
3.895000000000e+02 5.016713439806e-03
3.900000000000e+02 4.661640308985e-03
3.905000000000e+02 4.293412672385e-03
3.910000000000e+02 3.943533265058e-03
3.915000000000e+02 3.643857508464e-03
3.920000000000e+02 3.424141240662e-03
3.925000000000e+02 3.309746267270e-03
3.930000000000e+02 3.319660035360e-03
3.935000000000e+02 3.464964559896e-03
3.940000000000e+02 3.747859766915e-03
3.945000000000e+02 4.161309593632e-03
3.950000000000e+02 4.689337877076e-03
3.955000000000e+02 5.307957936695e-03
3.960000000000e+02 5.986677585673e-03
3.965000000000e+02 6.690482817190e-03
3.970000000000e+02 7.382171097683e-03
3.975000000000e+02 8.024881149910e-03
3.980000000000e+02 8.584651898558e-03
3.985000000000e+02 9.032839827937e-03
3.990000000000e+02 9.348231618207e-03
3.995000000000e+02 9.518707137845e-03
4.000000000000e+02 9.542335549550e-03
4.005000000000e+02 9.427822704286e-03
4.010000000000e+02 9.194268925943e-03
4.015000000000e+02 8.870240130248e-03
4.020000000000e+02 8.492199214786e-03
4.025000000000e+02 8.102385996611e-03
4.030000000000e+02 7.746270028317e-03
4.035000000000e+02 7.469729087868e-03
4.040000000000e+02 7.316125181727e-03
4.045000000000e+02 7.323458285870e-03
4.050000000000e+02 7.521775203450e-03
4.055000000000e+02 7.930996979505e-03
4.060000000000e+02 8.559304115790e-03
4.065000000000e+02 9.402185853397e-03
4.070000000000e+02 1.044222006830e-02
4.075000000000e+02 1.164960631328e-02
4.080000000000e+02 1.298342896315e-02
4.085000000000e+02 1.439358310393e-02
4.090000000000e+02 1.582325549499e-02
4.095000000000e+02 1.721181913289e-02
4.100000000000e+02 1.849797471257e-02
4.105000000000e+02 1.962295720523e-02
4.110000000000e+02 2.053362177147e-02
4.115000000000e+02 2.118523049744e-02
4.120000000000e+02 2.154377954297e-02
4.125000000000e+02 2.158773410578e-02
4.130000000000e+02 2.130907435518e-02
4.135000000000e+02 2.071359697826e-02
4.140000000000e+02 1.982046163880e-02
4.145000000000e+02 1.866101671589e-02
4.150000000000e+02 1.727698139029e-02
4.155000000000e+02 1.571809887159e-02
4.160000000000e+02 1.403940600616e-02
4.165000000000e+02 1.229828584287e-02
4.170000000000e+02 1.055148069282e-02
4.175000000000e+02 8.852243185137e-03
4.180000000000e+02 7.247791861214e-03
4.185000000000e+02 5.777216713515e-03
4.190000000000e+02 4.469950136798e-03
4.195000000000e+02 3.344881938434e-03
4.200000000000e+02 2.410155688390e-03
4.205000000000e+02 1.663640394659e-03
4.210000000000e+02 1.094028985536e-03
4.215000000000e+02 6.824760369250e-04
4.220000000000e+02 4.046540289556e-04
4.225000000000e+02 2.330822202734e-04
4.230000000000e+02 1.395665397038e-04
4.235000000000e+02 9.758366475890e-05
4.240000000000e+02 8.444797467469e-05
4.245000000000e+02 8.311594325257e-05
4.250000000000e+02 8.350773081457e-05
4.255000000000e+02 8.325861473693e-05
4.260000000000e+02 8.785134938584e-05
4.265000000000e+02 1.101221025252e-04
4.270000000000e+02 1.691746141293e-04
4.275000000000e+02 2.887769744944e-04
4.280000000000e+02 4.953503724590e-04
4.285000000000e+02 8.156870745657e-04
4.290000000000e+02 1.274553959628e-03
4.295000000000e+02 1.892346906056e-03
4.300000000000e+02 2.682959605364e-03
4.305000000000e+02 3.652018025545e-03
4.310000000000e+02 4.795609518955e-03
4.315000000000e+02 6.099604828297e-03
4.320000000000e+02 7.539633917501e-03
4.325000000000e+02 9.081734977029e-03
4.330000000000e+02 1.068365274537e-02
4.335000000000e+02 1.229672018452e-02
4.340000000000e+02 1.386821922319e-02
4.345000000000e+02 1.534408418726e-02
4.350000000000e+02 1.667178774095e-02
4.355000000000e+02 1.780323522177e-02
4.360000000000e+02 1.869749011117e-02
4.365000000000e+02 1.932316131382e-02
4.370000000000e+02 1.966030149725e-02
4.375000000000e+02 1.970169387764e-02
4.380000000000e+02 1.945344082907e-02
4.385000000000e+02 1.893480934618e-02
4.390000000000e+02 1.817733314046e-02
4.395000000000e+02 1.722321623087e-02
4.400000000000e+02 1.612312550267e-02
4.405000000000e+02 1.493349718712e-02
4.410000000000e+02 1.371351222529e-02
4.415000000000e+02 1.252191611842e-02
4.420000000000e+02 1.141386883513e-02
4.425000000000e+02 1.043800898785e-02
4.430000000000e+02 9.633903863153e-03
4.435000000000e+02 9.030033761157e-03
4.440000000000e+02 8.642426876578e-03
4.445000000000e+02 8.474021632358e-03
4.450000000000e+02 8.514789386901e-03
4.455000000000e+02 8.742604504900e-03
4.460000000000e+02 9.124803758782e-03
4.465000000000e+02 9.620335703769e-03
4.470000000000e+02 1.018236560503e-02
4.475000000000e+02 1.076117485315e-02
4.480000000000e+02 1.130717721945e-02
4.485000000000e+02 1.177386877575e-02
4.490000000000e+02 1.212053413911e-02
4.495000000000e+02 1.231454849117e-02
4.500000000000e+02 1.233314146728e-02
4.505000000000e+02 1.216452379747e-02
4.510000000000e+02 1.180831828819e-02
4.515000000000e+02 1.127528077440e-02
4.520000000000e+02 1.058634125562e-02
4.525000000000e+02 9.771037743605e-03
4.530000000000e+02 8.865452735633e-03
4.535000000000e+02 7.909792345430e-03
4.540000000000e+02 6.945769109605e-03
4.545000000000e+02 6.013960053960e-03
4.550000000000e+02 5.151311139095e-03
4.555000000000e+02 4.388947790974e-03
4.560000000000e+02 3.750429645310e-03
4.565000000000e+02 3.250557319105e-03
4.570000000000e+02 2.894801945058e-03
4.575000000000e+02 2.679386768769e-03
4.580000000000e+02 2.592006988345e-03
4.585000000000e+02 2.613131983866e-03
4.590000000000e+02 2.717795838425e-03
4.595000000000e+02 2.877750043816e-03
4.600000000000e+02 3.063828559680e-03
4.605000000000e+02 3.248361471071e-03
4.610000000000e+02 3.407470253517e-03
4.615000000000e+02 3.523085310802e-03
4.620000000000e+02 3.584544505795e-03
4.625000000000e+02 3.589658705742e-03
4.630000000000e+02 3.545165164040e-03
4.635000000000e+02 3.466529636032e-03
4.640000000000e+02 3.377100916317e-03
4.645000000000e+02 3.306664254136e-03
4.650000000000e+02 3.289480114444e-03
4.655000000000e+02 3.361929441288e-03
4.660000000000e+02 3.559913717732e-03
4.665000000000e+02 3.916175948086e-03
4.670000000000e+02 4.457716047066e-03
4.675000000000e+02 5.203470498208e-03
4.680000000000e+02 6.162411724754e-03
4.685000000000e+02 7.332198264950e-03
4.690000000000e+02 8.698474049455e-03
4.695000000000e+02 1.023487586412e-02
4.700000000000e+02 1.190376487508e-02
4.705000000000e+02 1.365765357882e-02
4.710000000000e+02 1.544125647738e-02
4.715000000000e+02 1.719405384820e-02
4.720000000000e+02 1.885322562333e-02
4.725000000000e+02 2.035678861216e-02
4.730000000000e+02 2.164675660067e-02
4.735000000000e+02 2.267214010088e-02
4.740000000000e+02 2.339161090766e-02
4.745000000000e+02 2.377567564316e-02
4.750000000000e+02 2.380823098376e-02
4.755000000000e+02 2.348740953252e-02
4.760000000000e+02 2.282566710572e-02
4.765000000000e+02 2.184910698951e-02
4.770000000000e+02 2.059608175475e-02
4.775000000000e+02 1.911515574100e-02
4.780000000000e+02 1.746254873863e-02
4.785000000000e+02 1.569921143128e-02
4.790000000000e+02 1.388770398866e-02
4.795000000000e+02 1.208905956473e-02
4.800000000000e+02 1.035981375597e-02
4.805000000000e+02 8.749369386767e-03
4.810000000000e+02 7.297844053759e-03
4.815000000000e+02 6.034517088448e-03
4.820000000000e+02 4.976954903524e-03
4.825000000000e+02 4.130851426549e-03
4.830000000000e+02 3.490576137507e-03
4.835000000000e+02 3.040378864055e-03
4.840000000000e+02 2.756160633077e-03
4.845000000000e+02 2.607686003278e-03
4.850000000000e+02 2.561086497811e-03
4.855000000000e+02 2.581488597123e-03
4.860000000000e+02 2.635594212292e-03
4.865000000000e+02 2.694046940960e-03
4.870000000000e+02 2.733433327016e-03
4.875000000000e+02 2.737793754435e-03
4.880000000000e+02 2.699550859909e-03
4.885000000000e+02 2.619802310511e-03
4.890000000000e+02 2.507966964816e-03
4.895000000000e+02 2.380816121121e-03
4.900000000000e+02 2.260962025945e-03
4.905000000000e+02 2.174911484467e-03
4.910000000000e+02 2.150820999933e-03
4.915000000000e+02 2.216109544284e-03
4.920000000000e+02 2.395094559650e-03
4.925000000000e+02 2.706815499257e-03
4.930000000000e+02 3.163197205847e-03
4.935000000000e+02 3.767683452497e-03
4.940000000000e+02 4.514440428160e-03
4.945000000000e+02 5.388192780826e-03
4.950000000000e+02 6.364713406403e-03
4.955000000000e+02 7.411945140484e-03
4.960000000000e+02 8.491690625692e-03
4.965000000000e+02 9.561768595518e-03
4.970000000000e+02 1.057850309116e-02
4.975000000000e+02 1.149938876358e-02
4.980000000000e+02 1.228576197286e-02
4.985000000000e+02 1.290530478050e-02
4.990000000000e+02 1.333421737314e-02
4.995000000000e+02 1.355891348613e-02
5.000000000000e+02 1.357712186660e-02
5.005000000000e+02 1.339831298158e-02
5.010000000000e+02 1.304341177299e-02
5.015000000000e+02 1.254380170804e-02
5.020000000000e+02 1.193966987111e-02
5.025000000000e+02 1.127778456941e-02
5.030000000000e+02 1.060883325000e-02
5.035000000000e+02 9.984477135398e-03
5.040000000000e+02 9.454298037310e-03
5.045000000000e+02 9.062821066949e-03
5.050000000000e+02 8.846793863355e-03
5.055000000000e+02 8.832888658698e-03
5.060000000000e+02 9.035968844718e-03
5.065000000000e+02 9.458028204774e-03
5.070000000000e+02 1.008787069595e-02
5.075000000000e+02 1.090155409671e-02
5.080000000000e+02 1.186357474189e-02
5.085000000000e+02 1.292872580767e-02
5.090000000000e+02 1.404452096036e-02
5.095000000000e+02 1.515404116305e-02
5.100000000000e+02 1.619903714493e-02
5.105000000000e+02 1.712310504877e-02
5.110000000000e+02 1.787474894922e-02
5.115000000000e+02 1.841015153564e-02
5.120000000000e+02 1.869549276530e-02
5.125000000000e+02 1.870868449392e-02
5.130000000000e+02 1.844042523672e-02
5.135000000000e+02 1.789452102778e-02
5.140000000000e+02 1.708746318384e-02
5.145000000000e+02 1.604729886321e-02
5.150000000000e+02 1.481187283334e-02
5.155000000000e+02 1.342655619400e-02
5.160000000000e+02 1.194160765219e-02
5.165000000000e+02 1.040933349696e-02
5.170000000000e+02 8.881222458377e-03
5.175000000000e+02 7.405230594177e-03
5.180000000000e+02 6.023379362011e-03
5.185000000000e+02 4.769807951599e-03
5.190000000000e+02 3.669390201934e-03
5.195000000000e+02 2.736989023148e-03
5.200000000000e+02 1.977379579437e-03
5.205000000000e+02 1.385829227815e-03
5.210000000000e+02 9.492801022944e-04
5.215000000000e+02 6.480419450084e-04
5.220000000000e+02 4.578707280514e-04
5.225000000000e+02 3.522847965141e-04
5.230000000000e+02 3.049561722144e-04
5.235000000000e+02 2.920111503455e-04
5.240000000000e+02 2.940815832334e-04
5.245000000000e+02 2.979657819095e-04
5.250000000000e+02 2.977846273280e-04
5.255000000000e+02 2.955525436798e-04
5.260000000000e+02 3.011222535056e-04
5.265000000000e+02 3.315041866902e-04
5.270000000000e+02 4.096033627751e-04
5.275000000000e+02 5.624558191134e-04
5.280000000000e+02 8.190806985360e-04
5.285000000000e+02 1.208090750535e-03
5.290000000000e+02 1.755221518434e-03
5.295000000000e+02 2.480946736901e-03
5.300000000000e+02 3.398343951045e-03
5.305000000000e+02 4.511360276574e-03
5.310000000000e+02 5.813604395336e-03
5.315000000000e+02 7.287758788993e-03
5.320000000000e+02 8.905667852326e-03
5.325000000000e+02 1.062911528510e-02
5.330000000000e+02 1.241126066950e-02
5.335000000000e+02 1.419866313131e-02
5.340000000000e+02 1.593378211709e-02
5.345000000000e+02 1.755781396326e-02
5.350000000000e+02 1.901370009850e-02
5.355000000000e+02 2.024912987576e-02
5.360000000000e+02 2.121935902951e-02
5.365000000000e+02 2.188967377771e-02
5.370000000000e+02 2.223735013689e-02
5.375000000000e+02 2.225298693612e-02
5.380000000000e+02 2.194112755917e-02
5.385000000000e+02 2.132012739231e-02
5.390000000000e+02 2.042126874719e-02
5.395000000000e+02 1.928716991718e-02
5.400000000000e+02 1.796957725239e-02
5.405000000000e+02 1.652666609846e-02
5.410000000000e+02 1.502000585339e-02
5.415000000000e+02 1.351136443741e-02
5.420000000000e+02 1.205953689010e-02
5.425000000000e+02 1.071738102635e-02
5.430000000000e+02 9.529230188553e-03
5.435000000000e+02 8.528829926161e-03
5.440000000000e+02 7.737913348275e-03
5.445000000000e+02 7.165490901322e-03
5.450000000000e+02 6.807886848969e-03
5.455000000000e+02 6.649509455554e-03
5.460000000000e+02 6.664297608024e-03
5.465000000000e+02 6.817746089434e-03
5.470000000000e+02 7.069377444700e-03
5.475000000000e+02 7.375502466321e-03
5.480000000000e+02 7.692095361263e-03
5.485000000000e+02 7.977604599397e-03
5.490000000000e+02 8.195526564793e-03
5.495000000000e+02 8.316586005973e-03
5.500000000000e+02 8.320393808041e-03
5.505000000000e+02 8.196487078649e-03
5.510000000000e+02 7.944696746660e-03
5.515000000000e+02 7.574831252561e-03
5.520000000000e+02 7.105708705866e-03
5.525000000000e+02 6.563611316519e-03
5.530000000000e+02 5.980272351270e-03
5.535000000000e+02 5.390535022860e-03
5.540000000000e+02 4.829842751114e-03
5.545000000000e+02 4.331729895257e-03
5.550000000000e+02 3.925480755024e-03
5.555000000000e+02 3.634112487385e-03
5.560000000000e+02 3.472815390196e-03
5.565000000000e+02 3.447953208606e-03
5.570000000000e+02 3.556688717695e-03
5.575000000000e+02 3.787258239550e-03
5.580000000000e+02 4.119875649972e-03
5.585000000000e+02 4.528204595684e-03
5.590000000000e+02 4.981299776946e-03
5.595000000000e+02 5.445886700047e-03
5.600000000000e+02 5.888826305771e-03
5.605000000000e+02 6.279597832038e-03
5.610000000000e+02 6.592631034503e-03
5.615000000000e+02 6.809327640957e-03
5.620000000000e+02 6.919631120260e-03
5.625000000000e+02 6.923032305368e-03
5.630000000000e+02 6.828934328946e-03
5.635000000000e+02 6.656341428907e-03
5.640000000000e+02 6.432879851470e-03
5.645000000000e+02 6.193202536713e-03
5.650000000000e+02 5.976869740335e-03
5.655000000000e+02 5.825832632374e-03
5.660000000000e+02 5.781673974612e-03
5.665000000000e+02 5.882777459403e-03
5.670000000000e+02 6.161604043631e-03
5.675000000000e+02 6.642249157855e-03
5.680000000000e+02 7.338439246072e-03
5.685000000000e+02 8.252100621191e-03
5.690000000000e+02 9.372599664971e-03
5.695000000000e+02 1.067671305556e-02
5.700000000000e+02 1.212934247046e-02
5.705000000000e+02 1.368494283439e-02
5.710000000000e+02 1.528958948047e-02
5.715000000000e+02 1.688357028851e-02
5.720000000000e+02 1.840435639497e-02
5.725000000000e+02 1.978978146654e-02
5.730000000000e+02 2.098124623569e-02
5.735000000000e+02 2.192676285780e-02
5.740000000000e+02 2.258366279302e-02
5.745000000000e+02 2.292081176314e-02
5.750000000000e+02 2.292020466091e-02
5.755000000000e+02 2.257785028053e-02
5.760000000000e+02 2.190389810598e-02
5.765000000000e+02 2.092200452544e-02
5.770000000000e+02 1.966798095563e-02
5.775000000000e+02 1.818780869267e-02
5.780000000000e+02 1.653514226565e-02
5.785000000000e+02 1.476845240861e-02
5.790000000000e+02 1.294797971529e-02
5.795000000000e+02 1.113267941800e-02
5.800000000000e+02 9.377336013314e-03
5.805000000000e+02 7.730013812692e-03
5.810000000000e+02 6.229986760245e-03
5.815000000000e+02 4.906259517233e-03
5.820000000000e+02 3.776753837777e-03
5.825000000000e+02 2.848192066479e-03
5.830000000000e+02 2.116665831558e-03
5.835000000000e+02 1.568835418049e-03
5.840000000000e+02 1.183666551320e-03
5.845000000000e+02 9.345788016954e-04
5.850000000000e+02 7.918555502059e-04
5.855000000000e+02 7.251509134281e-04
5.860000000000e+02 7.059250800896e-04
5.865000000000e+02 7.096463614667e-04
5.870000000000e+02 7.176154185056e-04
5.875000000000e+02 7.182934688264e-04
5.880000000000e+02 7.080500868995e-04
5.885000000000e+02 6.912853125468e-04
5.890000000000e+02 6.799226669470e-04
5.895000000000e+02 6.923116590720e-04
5.900000000000e+02 7.516177627687e-04
5.905000000000e+02 8.838121350041e-04
5.910000000000e+02 1.115400332887e-03
5.915000000000e+02 1.471047237733e-03
5.920000000000e+02 1.971263148234e-03
5.925000000000e+02 2.630313047344e-03
5.930000000000e+02 3.454497542493e-03
5.935000000000e+02 4.440930762262e-03
5.940000000000e+02 5.576909012784e-03
5.945000000000e+02 6.839926237835e-03
5.950000000000e+02 8.198350668792e-03
5.955000000000e+02 9.612734131328e-03
5.960000000000e+02 1.103768402258e-02
5.965000000000e+02 1.242419063504e-02
5.970000000000e+02 1.372227166845e-02
5.975000000000e+02 1.488377344090e-02
5.980000000000e+02 1.586515595092e-02
5.985000000000e+02 1.663008740171e-02
5.990000000000e+02 1.715168324321e-02
5.995000000000e+02 1.741424469744e-02
6.000000000000e+02 1.741438092525e-02
6.005000000000e+02 1.716143569617e-02
6.010000000000e+02 1.667718138640e-02
6.015000000000e+02 1.599478776606e-02
6.020000000000e+02 1.515711755418e-02
6.025000000000e+02 1.421444236247e-02
6.030000000000e+02 1.322170879868e-02
6.035000000000e+02 1.223551287014e-02
6.040000000000e+02 1.131095962801e-02
6.045000000000e+02 1.049859301154e-02
6.050000000000e+02 9.841577550442e-03
6.055000000000e+02 9.373299127503e-03
6.060000000000e+02 9.115527259068e-03
6.065000000000e+02 9.077247826472e-03
6.070000000000e+02 9.254234947002e-03
6.075000000000e+02 9.629386192617e-03
6.080000000000e+02 1.017379939801e-02
6.085000000000e+02 1.084852469436e-02
6.090000000000e+02 1.160688492247e-02
6.095000000000e+02 1.239722372344e-02
6.100000000000e+02 1.316591546618e-02
6.105000000000e+02 1.386045629085e-02
6.110000000000e+02 1.443245182877e-02
6.115000000000e+02 1.484032480250e-02
6.120000000000e+02 1.505158418754e-02
6.125000000000e+02 1.504452576664e-02
6.130000000000e+02 1.480926992051e-02
6.135000000000e+02 1.434808408932e-02
6.140000000000e+02 1.367498189231e-02
6.145000000000e+02 1.281463560889e-02
6.150000000000e+02 1.180068078948e-02
6.155000000000e+02 1.067352856201e-02
6.160000000000e+02 9.477830438940e-03
6.165000000000e+02 8.259760313972e-03
6.170000000000e+02 7.064287666501e-03
6.175000000000e+02 5.932614224039e-03
6.180000000000e+02 4.899933655016e-03
6.185000000000e+02 3.993651130287e-03
6.190000000000e+02 3.232168302586e-03
6.195000000000e+02 2.624301441360e-03
6.200000000000e+02 2.169358572714e-03
6.205000000000e+02 1.857858203012e-03
6.210000000000e+02 1.672830325158e-03
6.215000000000e+02 1.591602597429e-03
6.220000000000e+02 1.587943259211e-03
6.225000000000e+02 1.634409501013e-03
6.230000000000e+02 1.704737085531e-03
6.235000000000e+02 1.776104834679e-03
6.240000000000e+02 1.831116283318e-03
6.245000000000e+02 1.859359781936e-03
6.250000000000e+02 1.858436382730e-03
6.255000000000e+02 1.834380161126e-03
6.260000000000e+02 1.801435939269e-03
6.265000000000e+02 1.781202100195e-03
6.270000000000e+02 1.801188569303e-03
6.275000000000e+02 1.892879369934e-03
6.280000000000e+02 2.089422902427e-03
6.285000000000e+02 2.423099073800e-03
6.290000000000e+02 2.922728932024e-03
6.295000000000e+02 3.611198446757e-03
6.300000000000e+02 4.503263105582e-03
6.305000000000e+02 5.603784332599e-03
6.310000000000e+02 6.906523331248e-03
6.315000000000e+02 8.393584369182e-03
6.320000000000e+02 1.003555985204e-02
6.325000000000e+02 1.179238621875e-02
6.330000000000e+02 1.361487545450e-02
6.335000000000e+02 1.544684463246e-02
6.340000000000e+02 1.722772799345e-02
6.345000000000e+02 1.889552502694e-02
6.350000000000e+02 2.038991582286e-02
6.355000000000e+02 2.165536299239e-02
6.360000000000e+02 2.264401849375e-02
6.365000000000e+02 2.331826384471e-02
6.370000000000e+02 2.365273285832e-02
6.375000000000e+02 2.363569595653e-02
6.380000000000e+02 2.326972248161e-02
6.385000000000e+02 2.257157995574e-02
6.390000000000e+02 2.157137433074e-02
6.395000000000e+02 2.031098016509e-02
6.400000000000e+02 1.884185161679e-02
6.405000000000e+02 1.722234157858e-02
6.410000000000e+02 1.551468497599e-02
6.415000000000e+02 1.378182145577e-02
6.420000000000e+02 1.208424124675e-02
6.425000000000e+02 1.047703536403e-02
6.430000000000e+02 9.007317749257e-03
6.435000000000e+02 7.712163245760e-03
6.440000000000e+02 6.617172987941e-03
6.445000000000e+02 5.735739846313e-03
6.450000000000e+02 5.069043460661e-03
6.455000000000e+02 4.606759764043e-03
6.460000000000e+02 4.328426536412e-03
6.465000000000e+02 4.205367101032e-03
6.470000000000e+02 4.203041226749e-03
6.475000000000e+02 4.283667648536e-03
6.480000000000e+02 4.408947868235e-03
6.485000000000e+02 4.542716921573e-03
6.490000000000e+02 4.653353796444e-03
6.495000000000e+02 4.715801668526e-03
6.500000000000e+02 4.713074936772e-03
6.505000000000e+02 4.637164460358e-03
6.510000000000e+02 4.489292210976e-03
6.515000000000e+02 4.279509217423e-03
6.520000000000e+02 4.025673471806e-03
6.525000000000e+02 3.751884668537e-03
6.530000000000e+02 3.486487701840e-03
6.535000000000e+02 3.259784529601e-03
6.540000000000e+02 3.101612569265e-03
6.545000000000e+02 3.038956048099e-03
6.550000000000e+02 3.093754170009e-03
6.555000000000e+02 3.281056751529e-03
6.560000000000e+02 3.607654972260e-03
6.565000000000e+02 4.071283550211e-03
6.570000000000e+02 4.660452996371e-03
6.575000000000e+02 5.354929034017e-03
6.580000000000e+02 6.126833456257e-03
6.585000000000e+02 6.942299381965e-03
6.590000000000e+02 7.763576717988e-03
6.595000000000e+02 8.551453046657e-03
6.600000000000e+02 9.267833122213e-03
6.605000000000e+02 9.878308125291e-03
6.610000000000e+02 1.035454461274e-02
6.615000000000e+02 1.067633284270e-02
6.620000000000e+02 1.083315428604e-02
6.625000000000e+02 1.082515742914e-02
6.630000000000e+02 1.066346761174e-02
6.635000000000e+02 1.036979834049e-02
6.640000000000e+02 9.975375647942e-03
6.645000000000e+02 9.519230844620e-03
6.650000000000e+02 9.045957665857e-03
6.655000000000e+02 8.603064749918e-03
6.660000000000e+02 8.238081365982e-03
6.665000000000e+02 7.995591592998e-03
6.670000000000e+02 7.914378598237e-03
6.675000000000e+02 8.024855817240e-03
6.680000000000e+02 8.346945946581e-03
6.685000000000e+02 8.888542674387e-03
6.690000000000e+02 9.644655575541e-03
6.695000000000e+02 1.059729771151e-02
6.700000000000e+02 1.171613072438e-02
6.705000000000e+02 1.295983637608e-02
6.710000000000e+02 1.427813939979e-02
6.715000000000e+02 1.561436694026e-02
6.720000000000e+02 1.690839722332e-02
6.725000000000e+02 1.809982642635e-02
6.730000000000e+02 1.913116949441e-02
6.735000000000e+02 1.995090867740e-02
6.740000000000e+02 2.051621295278e-02
6.745000000000e+02 2.079517162987e-02
6.750000000000e+02 2.076841509006e-02
6.755000000000e+02 2.043003289823e-02
6.760000000000e+02 1.978774211664e-02
6.765000000000e+02 1.886230391190e-02
6.770000000000e+02 1.768623166319e-02
6.775000000000e+02 1.630187595834e-02
6.780000000000e+02 1.475900850965e-02
6.785000000000e+02 1.311205589194e-02
6.790000000000e+02 1.141715334779e-02
6.795000000000e+02 9.729197576811e-03
6.800000000000e+02 8.099074948023e-03
6.805000000000e+02 6.571228169855e-03
6.810000000000e+02 5.181701028751e-03
6.815000000000e+02 3.956768893646e-03
6.820000000000e+02 2.912224335744e-03
6.825000000000e+02 2.053344882569e-03
6.830000000000e+02 1.375526302262e-03
6.835000000000e+02 8.655226612049e-04
6.840000000000e+02 5.031963727029e-04
6.845000000000e+02 2.636499404484e-04
6.850000000000e+02 1.195880682504e-04
6.855000000000e+02 4.374567657591e-05
6.860000000000e+02 1.121492852669e-05
6.865000000000e+02 1.512732984238e-06
6.870000000000e+02 2.487852331650e-07
6.875000000000e+02 2.818015199797e-07
6.880000000000e+02 2.286410263884e-06
6.885000000000e+02 1.469293045731e-05
6.890000000000e+02 5.300443646853e-05
6.895000000000e+02 1.385373676171e-04
6.900000000000e+02 2.966708021861e-04
6.905000000000e+02 5.547228827070e-04
6.910000000000e+02 9.395986059943e-04
6.915000000000e+02 1.475369616417e-03
6.920000000000e+02 2.180952693322e-03
6.925000000000e+02 3.068048889493e-03
6.930000000000e+02 4.139490028199e-03
6.935000000000e+02 5.388114438518e-03
6.940000000000e+02 6.796260944647e-03
6.945000000000e+02 8.335931285150e-03
6.950000000000e+02 9.969628758810e-03
6.955000000000e+02 1.165183764239e-02
6.960000000000e+02 1.333106653298e-02
6.965000000000e+02 1.495234185602e-02
6.970000000000e+02 1.646000769806e-02
6.975000000000e+02 1.780066679950e-02
6.980000000000e+02 1.892608636218e-02
6.985000000000e+02 1.979589204737e-02
6.990000000000e+02 2.037988424045e-02
6.995000000000e+02 2.065983173170e-02
7.000000000000e+02 2.063062815409e-02
7.005000000000e+02 2.030073399922e-02
7.010000000000e+02 1.969186951571e-02
7.015000000000e+02 1.883796867188e-02
7.020000000000e+02 1.778344887585e-02
7.025000000000e+02 1.658089253785e-02
7.030000000000e+02 1.528827226667e-02
7.035000000000e+02 1.396587930061e-02
7.040000000000e+02 1.267313294320e-02
7.045000000000e+02 1.146545617076e-02
7.050000000000e+02 1.039139871805e-02
7.055000000000e+02 9.490174064587e-03
7.060000000000e+02 8.789751733718e-03
7.065000000000e+02 8.305612722041e-03
7.070000000000e+02 8.040235764488e-03
7.075000000000e+02 7.983337988011e-03
7.080000000000e+02 8.112848040378e-03
7.085000000000e+02 8.396545809259e-03
7.090000000000e+02 8.794263083722e-03
7.095000000000e+02 9.260506406227e-03
7.100000000000e+02 9.747338949906e-03
7.105000000000e+02 1.020734402079e-02
7.110000000000e+02 1.059648957740e-02
7.115000000000e+02 1.087672113923e-02
7.120000000000e+02 1.101812908096e-02
7.125000000000e+02 1.100056437222e-02
7.130000000000e+02 1.081461252653e-02
7.135000000000e+02 1.046187660106e-02
7.140000000000e+02 9.954563934512e-03
7.145000000000e+02 9.314415153959e-03
7.150000000000e+02 8.571055064650e-03
7.155000000000e+02 7.759880772519e-03
7.160000000000e+02 6.919630549675e-03
7.165000000000e+02 6.089795780274e-03
7.170000000000e+02 5.308046666731e-03
7.175000000000e+02 4.607839741850e-03
7.180000000000e+02 4.016361833745e-03
7.185000000000e+02 3.552941854494e-03
7.190000000000e+02 3.228030153475e-03
7.195000000000e+02 3.042807234960e-03
7.200000000000e+02 2.989441835597e-03
7.205000000000e+02 3.051975382136e-03
7.210000000000e+02 3.207768464880e-03
7.215000000000e+02 3.429407828672e-03
7.220000000000e+02 3.686941890113e-03
7.225000000000e+02 3.950290900863e-03
7.230000000000e+02 4.191666008440e-03
7.235000000000e+02 4.387830394438e-03
7.240000000000e+02 4.522045481545e-03
7.245000000000e+02 4.585565282193e-03
7.250000000000e+02 4.578571049442e-03
7.255000000000e+02 4.510474639016e-03
7.260000000000e+02 4.399560089016e-03
7.265000000000e+02 4.271976252302e-03
7.270000000000e+02 4.160136104192e-03
7.275000000000e+02 4.100617851603e-03
7.280000000000e+02 4.131696648559e-03
7.285000000000e+02 4.290661400235e-03
7.290000000000e+02 4.611087139124e-03
7.295000000000e+02 5.120238718040e-03
7.300000000000e+02 5.836775700231e-03
7.305000000000e+02 6.768911652886e-03
7.310000000000e+02 7.913154568700e-03
7.315000000000e+02 9.253720472600e-03
7.320000000000e+02 1.076267155855e-02
7.325000000000e+02 1.240078597240e-02
7.330000000000e+02 1.411912137189e-02
7.335000000000e+02 1.586119143503e-02
7.340000000000e+02 1.756563625797e-02
7.345000000000e+02 1.916923647867e-02
7.350000000000e+02 2.061009890956e-02
7.355000000000e+02 2.183082985987e-02
7.360000000000e+02 2.278151191531e-02
7.365000000000e+02 2.342231076702e-02
7.370000000000e+02 2.372556007283e-02
7.375000000000e+02 2.367720299302e-02
7.380000000000e+02 2.327750708225e-02
7.385000000000e+02 2.254101230087e-02
7.390000000000e+02 2.149571738058e-02
7.395000000000e+02 2.018155484654e-02
7.400000000000e+02 1.864824689656e-02
7.405000000000e+02 1.695267050305e-02
7.410000000000e+02 1.515588832826e-02
7.415000000000e+02 1.332002062182e-02
7.420000000000e+02 1.150514108614e-02
7.425000000000e+02 9.766376324656e-03
7.430000000000e+02 8.151374176107e-03
7.435000000000e+02 6.698281915741e-03
7.440000000000e+02 5.434342538533e-03
7.445000000000e+02 4.375178196445e-03
7.450000000000e+02 3.524786797177e-03
7.455000000000e+02 2.876233491542e-03
7.460000000000e+02 2.412976054093e-03
7.465000000000e+02 2.110724637942e-03
7.470000000000e+02 1.939704460600e-03
7.475000000000e+02 1.867166609957e-03
7.480000000000e+02 1.859978772033e-03
7.485000000000e+02 1.887125062189e-03
7.490000000000e+02 1.921952396409e-03
7.495000000000e+02 1.944019392028e-03
7.500000000000e+02 1.940431411882e-03
7.505000000000e+02 1.906580266260e-03
7.510000000000e+02 1.846247012363e-03
7.515000000000e+02 1.771068677344e-03
7.520000000000e+02 1.699411864263e-03
7.525000000000e+02 1.654735387166e-03
7.530000000000e+02 1.663557820538e-03
7.535000000000e+02 1.753171986319e-03
7.540000000000e+02 1.949265272648e-03
7.545000000000e+02 2.273611201048e-03
7.550000000000e+02 2.741993417112e-03
7.555000000000e+02 3.362508535721e-03
7.560000000000e+02 4.134369958033e-03
7.565000000000e+02 5.047302434448e-03
7.570000000000e+02 6.081578830004e-03
7.575000000000e+02 7.208708689930e-03
7.580000000000e+02 8.392745473062e-03
7.585000000000e+02 9.592138444231e-03
7.590000000000e+02 1.076201881127e-02
7.595000000000e+02 1.185678009773e-02
7.600000000000e+02 1.283279189287e-02
7.605000000000e+02 1.365107536570e-02
7.610000000000e+02 1.427976902282e-02
7.615000000000e+02 1.469622419157e-02
7.620000000000e+02 1.488859097926e-02
7.625000000000e+02 1.485678572308e-02
7.630000000000e+02 1.461276834598e-02
7.635000000000e+02 1.418010025944e-02
7.640000000000e+02 1.359279788346e-02
7.645000000000e+02 1.289354071819e-02
7.650000000000e+02 1.213133343032e-02
7.655000000000e+02 1.135875607591e-02
7.660000000000e+02 1.062896316896e-02
7.665000000000e+02 9.992609123934e-03
7.670000000000e+02 9.494883550409e-03
7.675000000000e+02 9.172834556487e-03
7.680000000000e+02 9.053141902076e-03
7.685000000000e+02 9.150475512324e-03
7.690000000000e+02 9.466540118470e-03
7.695000000000e+02 9.989865768777e-03
7.700000000000e+02 1.069635917485e-02
7.705000000000e+02 1.155058509155e-02
7.710000000000e+02 1.250770300143e-02
7.715000000000e+02 1.351594500472e-02
7.720000000000e+02 1.451948843283e-02
7.725000000000e+02 1.546155330982e-02
7.730000000000e+02 1.628754181525e-02
7.735000000000e+02 1.694803512764e-02
7.740000000000e+02 1.740147255763e-02
7.745000000000e+02 1.761635809542e-02
7.750000000000e+02 1.757286907526e-02
7.755000000000e+02 1.726377878966e-02
7.760000000000e+02 1.669464721242e-02
7.765000000000e+02 1.588327885650e-02
7.770000000000e+02 1.485849140836e-02
7.775000000000e+02 1.365828037723e-02
7.780000000000e+02 1.232750098404e-02
7.785000000000e+02 1.091521668304e-02
7.790000000000e+02 9.471882333362e-03
7.795000000000e+02 8.046538010876e-03
7.800000000000e+02 6.684186321632e-03
7.805000000000e+02 5.423512116491e-03
7.810000000000e+02 4.295079642009e-03
7.815000000000e+02 3.320109959612e-03
7.820000000000e+02 2.509903008625e-03
7.825000000000e+02 1.865926445094e-03
7.830000000000e+02 1.380550061762e-03
7.835000000000e+02 1.038362949232e-03
7.840000000000e+02 8.179732426626e-04
7.845000000000e+02 6.941596812719e-04
7.850000000000e+02 6.402222260976e-04
7.855000000000e+02 6.303670179484e-04
7.860000000000e+02 6.419597551901e-04
7.865000000000e+02 6.574911844479e-04
7.870000000000e+02 6.661181932097e-04
7.875000000000e+02 6.646726856999e-04
7.880000000000e+02 6.580661606590e-04
7.885000000000e+02 6.590583901510e-04
7.890000000000e+02 6.874012171891e-04
7.895000000000e+02 7.684105044404e-04
7.900000000000e+02 9.310579710713e-04
7.905000000000e+02 1.205707553147e-03
7.910000000000e+02 1.621645885919e-03
7.915000000000e+02 2.204571907342e-03
7.920000000000e+02 2.974215401445e-03
7.925000000000e+02 3.942248188335e-03
7.930000000000e+02 5.110634969890e-03
7.935000000000e+02 6.470544571996e-03
7.940000000000e+02 8.001908110733e-03
7.945000000000e+02 9.673670583719e-03
7.950000000000e+02 1.144473905910e-02
7.955000000000e+02 1.326558669650e-02
7.960000000000e+02 1.508043008169e-02
7.965000000000e+02 1.682986040914e-02
7.970000000000e+02 1.845377923457e-02
7.975000000000e+02 1.989446875187e-02
7.980000000000e+02 2.109961616041e-02
7.985000000000e+02 2.202511237154e-02
7.990000000000e+02 2.263745706111e-02
7.995000000000e+02 2.291562422347e-02
8.000000000000e+02 2.285227358895e-02
8.005000000000e+02 2.245423163311e-02
8.010000000000e+02 2.174220908755e-02
8.015000000000e+02 2.074976720958e-02
8.020000000000e+02 1.952158979519e-02
8.025000000000e+02 1.811115927642e-02
8.030000000000e+02 1.657797068436e-02
8.035000000000e+02 1.498444460300e-02
8.040000000000e+02 1.339271780157e-02
8.045000000000e+02 1.186149694656e-02
8.050000000000e+02 1.044315624069e-02
8.055000000000e+02 9.181244323546e-03
8.060000000000e+02 8.108540256043e-03
8.065000000000e+02 7.245764497532e-03
8.070000000000e+02 6.601010574861e-03
8.075000000000e+02 6.169919136936e-03
8.080000000000e+02 5.936571017497e-03
8.085000000000e+02 5.875032581054e-03
8.090000000000e+02 5.951447681172e-03
8.095000000000e+02 6.126538413943e-03
8.100000000000e+02 6.358353469478e-03
8.105000000000e+02 6.605089684937e-03
8.110000000000e+02 6.827810157576e-03
8.115000000000e+02 6.992891071269e-03
8.120000000000e+02 7.074048617846e-03
8.125000000000e+02 7.053825795707e-03
8.130000000000e+02 6.924454609840e-03
8.135000000000e+02 6.688049990989e-03
8.140000000000e+02 6.356134997966e-03
8.145000000000e+02 5.948539817216e-03
8.150000000000e+02 5.491757010878e-03
8.155000000000e+02 5.016869863602e-03
8.160000000000e+02 4.557197375032e-03
8.165000000000e+02 4.145816767716e-03
8.170000000000e+02 3.813131253906e-03
8.175000000000e+02 3.584646819616e-03
8.180000000000e+02 3.479107221425e-03
8.185000000000e+02 3.507112202692e-03
8.190000000000e+02 3.670311684312e-03
8.195000000000e+02 3.961230446305e-03
8.200000000000e+02 4.363736045187e-03
8.205000000000e+02 4.854120089274e-03
8.210000000000e+02 5.402722257273e-03
8.215000000000e+02 5.975990212154e-03
8.220000000000e+02 6.538839166596e-03
8.225000000000e+02 7.057154203509e-03
8.230000000000e+02 7.500267894663e-03
8.235000000000e+02 7.843246001088e-03
8.240000000000e+02 8.068825105996e-03
8.245000000000e+02 8.168867261029e-03
8.250000000000e+02 8.145226805306e-03
8.255000000000e+02 8.009961563951e-03
8.260000000000e+02 7.784862319019e-03
8.265000000000e+02 7.500318139434e-03
8.270000000000e+02 7.193578089887e-03
8.275000000000e+02 6.906509277339e-03
8.280000000000e+02 6.682984620616e-03
8.285000000000e+02 6.566058993276e-03
8.290000000000e+02 6.595107851906e-03
8.295000000000e+02 6.803107093021e-03
8.300000000000e+02 7.214226333464e-03
8.305000000000e+02 7.841890434768e-03
8.310000000000e+02 8.687436929360e-03
8.315000000000e+02 9.739461708050e-03
8.320000000000e+02 1.097390406391e-02
8.325000000000e+02 1.235487750502e-02
8.330000000000e+02 1.383620741532e-02
8.335000000000e+02 1.536359347223e-02
8.340000000000e+02 1.687727640936e-02
8.345000000000e+02 1.831505761201e-02
8.350000000000e+02 1.961549810685e-02
8.355000000000e+02 2.072111211037e-02
8.360000000000e+02 2.158137015181e-02
8.365000000000e+02 2.215533788951e-02
8.370000000000e+02 2.241379841542e-02
8.375000000000e+02 2.234073675392e-02
8.380000000000e+02 2.193410348495e-02
8.385000000000e+02 2.120581759792e-02
8.390000000000e+02 2.018101414359e-02
8.395000000000e+02 1.889658719043e-02
8.400000000000e+02 1.739912024270e-02
8.405000000000e+02 1.574233208238e-02
8.410000000000e+02 1.398419376975e-02
8.415000000000e+02 1.218389059607e-02
8.420000000000e+02 1.039881005288e-02
8.425000000000e+02 8.681732966763e-03
8.430000000000e+02 7.078390148310e-03
8.435000000000e+02 5.625522197737e-03
8.440000000000e+02 4.349547087776e-03
8.445000000000e+02 3.265900917615e-03
8.450000000000e+02 2.379074292613e-03
8.455000000000e+02 1.683322844453e-03
8.460000000000e+02 1.163988234152e-03
8.465000000000e+02 7.993282205156e-04
8.470000000000e+02 5.627233984503e-04
8.475000000000e+02 4.251059318139e-04
8.480000000000e+02 3.574433977890e-04
8.485000000000e+02 3.331094520489e-04
8.490000000000e+02 3.299824576402e-04
8.495000000000e+02 3.321328492978e-04
8.500000000000e+02 3.309885363314e-04
8.505000000000e+02 3.259032253228e-04
8.510000000000e+02 3.240928676437e-04
8.515000000000e+02 3.399479064817e-04
8.520000000000e+02 3.937708806467e-04
8.525000000000e+02 5.100275450334e-04
8.530000000000e+02 7.152325083863e-04
8.535000000000e+02 1.035615354396e-03
8.540000000000e+02 1.494728691250e-03
8.545000000000e+02 2.111164560592e-03
8.550000000000e+02 2.896539792603e-03
8.555000000000e+02 3.853894565835e-03
8.560000000000e+02 4.976622642978e-03
8.565000000000e+02 6.248018125054e-03
8.570000000000e+02 7.641484219623e-03
8.575000000000e+02 9.121406944487e-03
8.580000000000e+02 1.064465358641e-02
8.585000000000e+02 1.216261484794e-02
8.590000000000e+02 1.362367354952e-02
8.595000000000e+02 1.497595382121e-02
8.600000000000e+02 1.617018478917e-02
8.605000000000e+02 1.716250314804e-02
8.610000000000e+02 1.791702036042e-02
8.615000000000e+02 1.840799252980e-02
8.620000000000e+02 1.862145353662e-02
8.625000000000e+02 1.855620344891e-02
8.630000000000e+02 1.822408260608e-02
8.635000000000e+02 1.764950476582e-02
8.640000000000e+02 1.686826763945e-02
8.645000000000e+02 1.592570323909e-02
8.650000000000e+02 1.487427098335e-02
8.655000000000e+02 1.377073091532e-02
8.660000000000e+02 1.267306053225e-02
8.665000000000e+02 1.163729496767e-02
8.670000000000e+02 1.071447557461e-02
8.675000000000e+02 9.947885965586e-03
8.680000000000e+02 9.370737639744e-03
8.685000000000e+02 9.004440486190e-03
8.690000000000e+02 8.857558348777e-03
8.695000000000e+02 8.925508631557e-03
8.700000000000e+02 9.191020158578e-03
8.705000000000e+02 9.625317940512e-03
8.710000000000e+02 1.018995995486e-02
8.715000000000e+02 1.083921220189e-02
8.720000000000e+02 1.152281654342e-02
8.725000000000e+02 1.218898310979e-02
8.730000000000e+02 1.278742675464e-02
8.735000000000e+02 1.327226586844e-02
8.740000000000e+02 1.360461186273e-02
8.745000000000e+02 1.375469814620e-02
8.750000000000e+02 1.370342711444e-02
8.755000000000e+02 1.344325066029e-02
8.760000000000e+02 1.297834166083e-02
8.765000000000e+02 1.232405816618e-02
8.770000000000e+02 1.150574581832e-02
8.775000000000e+02 1.055696462935e-02
8.780000000000e+02 9.517261126215e-03
8.785000000000e+02 8.429633855542e-03
8.790000000000e+02 7.337857686711e-03
8.795000000000e+02 6.283839199554e-03
8.800000000000e+02 5.305171320998e-03
8.805000000000e+02 4.433040593055e-03
8.810000000000e+02 3.690616005118e-03
8.815000000000e+02 3.092015786583e-03
8.820000000000e+02 2.641910056429e-03
8.825000000000e+02 2.335775219552e-03
8.830000000000e+02 2.160773188235e-03
8.835000000000e+02 2.097187628175e-03
8.840000000000e+02 2.120313094396e-03
8.845000000000e+02 2.202663454350e-03
8.850000000000e+02 2.316345276024e-03
8.855000000000e+02 2.435431210480e-03
8.860000000000e+02 2.538168506765e-03
8.865000000000e+02 2.608868657941e-03
8.870000000000e+02 2.639345099836e-03
8.875000000000e+02 2.629795539036e-03
8.880000000000e+02 2.589061985655e-03
8.885000000000e+02 2.534242575752e-03
8.890000000000e+02 2.489672168901e-03
8.895000000000e+02 2.485330750263e-03
8.900000000000e+02 2.554777153795e-03
8.905000000000e+02 2.732738074738e-03
8.910000000000e+02 3.052506651542e-03
8.915000000000e+02 3.543319481488e-03
8.920000000000e+02 4.227884809104e-03
8.925000000000e+02 5.120227492369e-03
8.930000000000e+02 6.223998602009e-03
8.935000000000e+02 7.531370210151e-03
8.940000000000e+02 9.022600755082e-03
8.945000000000e+02 1.066631548961e-02
8.950000000000e+02 1.242050248344e-02
8.955000000000e+02 1.423418020706e-02
8.960000000000e+02 1.604965064985e-02
8.965000000000e+02 1.780521482391e-02
8.970000000000e+02 1.943819779148e-02
8.975000000000e+02 2.088810983339e-02
8.980000000000e+02 2.209976038762e-02
8.985000000000e+02 2.302614258768e-02
8.990000000000e+02 2.363091858473e-02
8.995000000000e+02 2.389035860390e-02
9.000000000000e+02 2.379461849018e-02
9.005000000000e+02 2.334827940207e-02
9.010000000000e+02 2.257011692465e-02
9.015000000000e+02 2.149211252089e-02
9.020000000000e+02 2.015776511903e-02
9.025000000000e+02 1.861980198528e-02
9.030000000000e+02 1.693742331392e-02
9.035000000000e+02 1.517324202153e-02
9.040000000000e+02 1.339009740576e-02
9.045000000000e+02 1.164792758775e-02
9.050000000000e+02 1.000088063144e-02
9.055000000000e+02 8.494828285450e-03
9.060000000000e+02 7.165420412005e-03
9.065000000000e+02 6.036784017936e-03
9.070000000000e+02 5.120930511677e-03
9.075000000000e+02 4.417890915033e-03
9.080000000000e+02 3.916553983899e-03
9.085000000000e+02 3.596139350327e-03
9.090000000000e+02 3.428199537216e-03
9.095000000000e+02 3.379013387263e-03
9.100000000000e+02 3.412211015138e-03
9.105000000000e+02 3.491458196081e-03
9.110000000000e+02 3.583026857498e-03
9.115000000000e+02 3.658088062995e-03
9.120000000000e+02 3.694583898814e-03
9.125000000000e+02 3.678563670613e-03
9.130000000000e+02 3.604905909944e-03
9.135000000000e+02 3.477388546568e-03
9.140000000000e+02 3.308112602466e-03
9.145000000000e+02 3.116327154053e-03
9.150000000000e+02 2.926742384084e-03
9.155000000000e+02 2.767450815952e-03
9.160000000000e+02 2.667602174332e-03
9.165000000000e+02 2.654993144189e-03
9.170000000000e+02 2.753738602834e-03
9.175000000000e+02 2.982185354627e-03
9.180000000000e+02 3.351213369920e-03
9.185000000000e+02 3.863044050841e-03
9.190000000000e+02 4.510641752527e-03
9.195000000000e+02 5.277755812280e-03
9.200000000000e+02 6.139608176899e-03
9.205000000000e+02 7.064189070072e-03
9.210000000000e+02 8.014082740924e-03
9.215000000000e+02 8.948709778953e-03
9.220000000000e+02 9.826844064003e-03
9.225000000000e+02 1.060924297662e-02
9.230000000000e+02 1.126122031174e-02
9.235000000000e+02 1.175499304390e-02
9.240000000000e+02 1.207164562468e-02
9.245000000000e+02 1.220257811095e-02
9.250000000000e+02 1.215033574148e-02
9.255000000000e+02 1.192875565370e-02
9.260000000000e+02 1.156240889874e-02
9.265000000000e+02 1.108536010372e-02
9.270000000000e+02 1.053931027512e-02
9.275000000000e+02 9.971227610468e-03
9.280000000000e+02 9.430604298823e-03
9.285000000000e+02 8.966502035241e-03
9.290000000000e+02 8.624563761182e-03
9.295000000000e+02 8.444173002780e-03
9.300000000000e+02 8.455934824885e-03
9.305000000000e+02 8.679634264431e-03
9.310000000000e+02 9.122800241734e-03
9.315000000000e+02 9.779967072052e-03
9.320000000000e+02 1.063268401325e-02
9.325000000000e+02 1.165027835667e-02
9.330000000000e+02 1.279133216966e-02
9.335000000000e+02 1.400578973354e-02
9.340000000000e+02 1.523757465116e-02
9.345000000000e+02 1.642756487249e-02
9.350000000000e+02 1.751675240236e-02
9.355000000000e+02 1.844940352905e-02
9.360000000000e+02 1.917603570023e-02
9.365000000000e+02 1.965603865647e-02
9.370000000000e+02 1.985978937521e-02
9.375000000000e+02 1.977014139725e-02
9.380000000000e+02 1.938320727137e-02
9.385000000000e+02 1.870839579681e-02
9.390000000000e+02 1.776771078429e-02
9.395000000000e+02 1.659436241420e-02
9.400000000000e+02 1.523078320563e-02
9.405000000000e+02 1.372617560454e-02
9.410000000000e+02 1.213374511338e-02
9.415000000000e+02 1.050779008897e-02
9.420000000000e+02 8.900825810408e-03
9.425000000000e+02 7.360915819640e-03
9.430000000000e+02 5.929368210470e-03
9.435000000000e+02 4.638929505736e-03
9.440000000000e+02 3.512575637806e-03
9.445000000000e+02 2.562960460280e-03
9.450000000000e+02 1.792539660658e-03
9.455000000000e+02 1.194344618180e-03
9.460000000000e+02 7.533394031023e-04
9.465000000000e+02 4.482573564790e-04
9.470000000000e+02 2.537838371395e-04
9.475000000000e+02 1.429306516298e-04
9.480000000000e+02 8.943670489465e-05
9.485000000000e+02 7.002919742938e-05
9.490000000000e+02 6.639023347234e-05
9.495000000000e+02 6.669429685933e-05
9.500000000000e+02 6.661135872315e-05
9.505000000000e+02 6.970651178185e-05
9.510000000000e+02 8.720765210150e-05
9.515000000000e+02 1.371552362280e-04
9.520000000000e+02 2.429897935201e-04
9.525000000000e+02 4.316709868302e-04
9.530000000000e+02 7.314541288175e-04
9.535000000000e+02 1.169474095119e-03
9.540000000000e+02 1.769300960374e-03
9.545000000000e+02 2.548635461878e-03
9.550000000000e+02 3.517305285370e-03
9.555000000000e+02 4.675705577796e-03
9.560000000000e+02 6.013800099941e-03
9.565000000000e+02 7.510764713913e-03
9.570000000000e+02 9.135314633418e-03
9.575000000000e+02 1.084671357045e-02
9.580000000000e+02 1.259641933322e-02
9.585000000000e+02 1.433027931646e-02
9.590000000000e+02 1.599115329230e-02
9.595000000000e+02 1.752181225737e-02
9.600000000000e+02 1.886794266531e-02
9.605000000000e+02 1.998107644417e-02
9.610000000000e+02 2.082126938307e-02
9.615000000000e+02 2.135936369407e-02
9.620000000000e+02 2.157869404442e-02
9.625000000000e+02 2.147612869786e-02
9.630000000000e+02 2.106237663199e-02
9.635000000000e+02 2.036153520593e-02
9.640000000000e+02 1.940989844383e-02
9.645000000000e+02 1.825409047011e-02
9.650000000000e+02 1.694862932166e-02
9.655000000000e+02 1.555306075864e-02
9.660000000000e+02 1.412882764974e-02
9.665000000000e+02 1.273605641713e-02
9.670000000000e+02 1.143044688814e-02
9.675000000000e+02 1.026044542371e-02
9.680000000000e+02 9.264863763286e-03
9.685000000000e+02 8.471078731402e-03
9.690000000000e+02 7.893912484417e-03
9.695000000000e+02 7.535251538968e-03
9.700000000000e+02 7.384417989006e-03
9.705000000000e+02 7.419260865580e-03
9.710000000000e+02 7.607892338376e-03
9.715000000000e+02 7.910955072805e-03
9.720000000000e+02 8.284275903191e-03
9.725000000000e+02 8.681738968042e-03
9.730000000000e+02 9.058199904567e-03
9.735000000000e+02 9.372262287192e-03
9.740000000000e+02 9.588748188085e-03
9.745000000000e+02 9.680715810455e-03
9.750000000000e+02 9.630907222545e-03
9.755000000000e+02 9.432546366769e-03
9.760000000000e+02 9.089449360954e-03
9.765000000000e+02 8.615452984790e-03
9.770000000000e+02 8.033210384925e-03
9.775000000000e+02 7.372442709330e-03
9.780000000000e+02 6.667769109013e-03
9.785000000000e+02 5.956263216859e-03
9.790000000000e+02 5.274900240406e-03
9.795000000000e+02 4.658064215982e-03
9.800000000000e+02 4.135279468089e-03
9.805000000000e+02 3.729314296420e-03
9.810000000000e+02 3.454779436421e-03
9.815000000000e+02 3.317310562389e-03
9.820000000000e+02 3.313385179225e-03
9.825000000000e+02 3.430782185932e-03
9.830000000000e+02 3.649649886499e-03
9.835000000000e+02 3.944108002799e-03
9.840000000000e+02 4.284273885760e-03
9.845000000000e+02 4.638574893194e-03
9.850000000000e+02 4.976189619342e-03
9.855000000000e+02 5.269451569386e-03
9.860000000000e+02 5.496050568554e-03
9.865000000000e+02 5.640879587636e-03
9.870000000000e+02 5.697396998143e-03
9.875000000000e+02 5.668405128805e-03
9.880000000000e+02 5.566183437656e-03
9.885000000000e+02 5.411956272296e-03
9.890000000000e+02 5.234718426698e-03
9.895000000000e+02 5.069483761174e-03
9.900000000000e+02 4.955060354829e-03
9.905000000000e+02 4.931487560309e-03
9.910000000000e+02 5.037293874737e-03
9.915000000000e+02 5.306748194783e-03
9.920000000000e+02 5.767279873920e-03
9.925000000000e+02 6.437234810724e-03
9.930000000000e+02 7.324116025501e-03
9.935000000000e+02 8.423428952984e-03
9.940000000000e+02 9.718215710731e-03
9.945000000000e+02 1.117932111362e-02
9.950000000000e+02 1.276638874414e-02
9.955000000000e+02 1.442954071515e-02
9.960000000000e+02 1.611165265858e-02
9.965000000000e+02 1.775109856219e-02
9.970000000000e+02 1.928481061593e-02
9.975000000000e+02 2.065147912517e-02
9.980000000000e+02 2.179470803210e-02
9.985000000000e+02 2.266594325663e-02
9.990000000000e+02 2.322700385834e-02
9.995000000000e+02 2.345206915823e-02
1.000000000000e+03 2.332900702500e-02
