# time(fs)  P_B1_plus_P_C1  N=1e7  Delta=-50.0meV  nu=0.2eV
0.000000000000e+00 1.199939315016e-32
5.000000000000e-01 3.320867025166e-07
1.000000000000e+00 5.270758974189e-06
1.500000000000e+00 2.632700172283e-05
2.000000000000e+00 8.165290278726e-05
2.500000000000e+00 1.945654497902e-04
3.000000000000e+00 3.916212556030e-04
3.500000000000e+00 7.003726307270e-04
4.000000000000e+00 1.146957766144e-03
4.500000000000e+00 1.753690267757e-03
5.000000000000e+00 2.536815063539e-03
5.500000000000e+00 3.504588636915e-03
6.000000000000e+00 4.655822164953e-03
6.500000000000e+00 5.978997654758e-03
7.000000000000e+00 7.452031355366e-03
7.500000000000e+00 9.042717825133e-03
8.000000000000e+00 1.070984463505e-02
8.500000000000e+00 1.240492453199e-02
9.000000000000e+00 1.407445171184e-02
9.500000000000e+00 1.566255422068e-02
1.000000000000e+01 1.711388763138e-02
1.050000000000e+01 1.837659777063e-02
1.100000000000e+01 1.940517354247e-02
1.150000000000e+01 2.016301528911e-02
1.200000000000e+01 2.062455943128e-02
1.250000000000e+01 2.077682543709e-02
1.300000000000e+01 2.062028494925e-02
1.350000000000e+01 2.016899309099e-02
1.400000000000e+01 1.944996609854e-02
1.450000000000e+01 1.850183477032e-02
1.500000000000e+01 1.737284697351e-02
1.550000000000e+01 1.611833189707e-02
1.600000000000e+01 1.479777143583e-02
1.650000000000e+01 1.347164800237e-02
1.700000000000e+01 1.219825170167e-02
1.750000000000e+01 1.103063231665e-02
1.800000000000e+01 1.001387277906e-02
1.850000000000e+01 9.182841278823e-03
1.900000000000e+01 8.560550101951e-03
1.950000000000e+01 8.157212480862e-03
2.000000000000e+01 7.970046469022e-03
2.050000000000e+01 7.983829728712e-03
2.100000000000e+01 8.172163935613e-03
2.150000000000e+01 8.499365044868e-03
2.200000000000e+01 8.922858544535e-03
2.250000000000e+01 9.395929320645e-03
2.300000000000e+01 9.870655671092e-03
2.350000000000e+01 1.030084754017e-02
2.400000000000e+01 1.064481074361e-02
2.450000000000e+01 1.086777165892e-02
2.500000000000e+01 1.094381972471e-02
2.550000000000e+01 1.085725664919e-02
2.600000000000e+01 1.060327945714e-02
2.650000000000e+01 1.018796697946e-02
2.700000000000e+01 9.627583425044e-03
2.750000000000e+01 8.947255496046e-03
2.800000000000e+01 8.179118426393e-03
2.850000000000e+01 7.360058904288e-03
2.900000000000e+01 6.529207055150e-03
2.950000000000e+01 5.725344018573e-03
3.000000000000e+01 4.984395285304e-03
3.050000000000e+01 4.337172682797e-03
3.100000000000e+01 3.807510216885e-03
3.150000000000e+01 3.410912057153e-03
3.200000000000e+01 3.153796543399e-03
3.250000000000e+01 3.033380411037e-03
3.300000000000e+01 3.038205037189e-03
3.350000000000e+01 3.149264118373e-03
3.400000000000e+01 3.341652524199e-03
3.450000000000e+01 3.586621672861e-03
3.500000000000e+01 3.853899850481e-03
3.550000000000e+01 4.114118178060e-03
3.600000000000e+01 4.341175561242e-03
3.650000000000e+01 4.514379424632e-03
3.700000000000e+01 4.620213129346e-03
3.750000000000e+01 4.653604817502e-03
3.800000000000e+01 4.618604516128e-03
3.850000000000e+01 4.528414633351e-03
3.900000000000e+01 4.404761060526e-03
3.950000000000e+01 4.276635277630e-03
4.000000000000e+01 4.178479391599e-03
4.050000000000e+01 4.147923261149e-03
4.100000000000e+01 4.223213385414e-03
4.150000000000e+01 4.440495082599e-03
4.200000000000e+01 4.831121226659e-03
4.250000000000e+01 5.419161646488e-03
4.300000000000e+01 6.219277110492e-03
4.350000000000e+01 7.235101201245e-03
4.400000000000e+01 8.458243570547e-03
4.450000000000e+01 9.867990877381e-03
4.500000000000e+01 1.143173944170e-02
4.550000000000e+01 1.310614891336e-02
4.600000000000e+01 1.483896183809e-02
4.650000000000e+01 1.657139266906e-02
4.700000000000e+01 1.824095410752e-02
4.750000000000e+01 1.978456089450e-02
4.800000000000e+01 2.114173306633e-02
4.850000000000e+01 2.225771338142e-02
4.900000000000e+01 2.308631760392e-02
4.950000000000e+01 2.359235137208e-02
5.000000000000e+01 2.375345257759e-02
5.050000000000e+01 2.356125199604e-02
5.100000000000e+01 2.302178526452e-02
5.150000000000e+01 2.215513371673e-02
5.200000000000e+01 2.099431732659e-02
5.250000000000e+01 1.958350726267e-02
5.300000000000e+01 1.797566559849e-02
5.350000000000e+01 1.622975310062e-02
5.400000000000e+01 1.440767068902e-02
5.450000000000e+01 1.257111463618e-02
5.500000000000e+01 1.077852898467e-02
5.550000000000e+01 9.082330847613e-03
5.600000000000e+01 7.526565741760e-03
5.650000000000e+01 6.145122083517e-03
5.700000000000e+01 4.960598237467e-03
5.750000000000e+01 3.983874303822e-03
5.800000000000e+01 3.214396760028e-03
5.850000000000e+01 2.641139896525e-03
5.900000000000e+01 2.244166469160e-03
5.950000000000e+01 1.996673716474e-03
6.000000000000e+01 1.867382106476e-03
6.050000000000e+01 1.823104653382e-03
6.100000000000e+01 1.831325560132e-03
6.150000000000e+01 1.862618815370e-03
6.200000000000e+01 1.892750028793e-03
6.250000000000e+01 1.904327370351e-03
6.300000000000e+01 1.887898505134e-03
6.350000000000e+01 1.842427874339e-03
6.400000000000e+01 1.775130148038e-03
6.450000000000e+01 1.700678502427e-03
6.500000000000e+01 1.639847807129e-03
6.550000000000e+01 1.617690194254e-03
6.600000000000e+01 1.661371429094e-03
6.650000000000e+01 1.797819033296e-03
6.700000000000e+01 2.051345784111e-03
6.750000000000e+01 2.441414215098e-03
6.800000000000e+01 2.980698942512e-03
6.850000000000e+01 3.673584593846e-03
6.900000000000e+01 4.515209030764e-03
6.950000000000e+01 5.491126225206e-03
7.000000000000e+01 6.577622816093e-03
7.050000000000e+01 7.742679618187e-03
7.100000000000e+01 8.947526906600e-03
7.150000000000e+01 1.014870287885e-02
7.200000000000e+01 1.130049083379e-02
7.250000000000e+01 1.235758448911e-02
7.300000000000e+01 1.327781418733e-02
7.350000000000e+01 1.402476062056e-02
7.400000000000e+01 1.457008757898e-02
7.450000000000e+01 1.489544084512e-02
7.500000000000e+01 1.499378578319e-02
7.550000000000e+01 1.487008985726e-02
7.600000000000e+01 1.454129617391e-02
7.650000000000e+01 1.403557770903e-02
7.700000000000e+01 1.339090643013e-02
7.750000000000e+01 1.265301427658e-02
7.800000000000e+01 1.187286123025e-02
7.850000000000e+01 1.110375708738e-02
7.900000000000e+01 1.039830604530e-02
7.950000000000e+01 9.805355408650e-03
8.000000000000e+01 9.367130804376e-03
8.050000000000e+01 9.116730169008e-03
8.100000000000e+01 9.076128029418e-03
8.150000000000e+01 9.254811496884e-03
8.200000000000e+01 9.649131773827e-03
8.250000000000e+01 1.024241214437e-02
8.300000000000e+01 1.100580802023e-02
8.350000000000e+01 1.189986944053e-02
8.400000000000e+01 1.287671426306e-02
8.450000000000e+01 1.388268373330e-02
8.500000000000e+01 1.486132342587e-02
8.550000000000e+01 1.575651348082e-02
8.600000000000e+01 1.651556376594e-02
8.650000000000e+01 1.709209257721e-02
8.700000000000e+01 1.744852153147e-02
8.750000000000e+01 1.755804351257e-02
8.800000000000e+01 1.740595337546e-02
8.850000000000e+01 1.699027053211e-02
8.900000000000e+01 1.632162607112e-02
8.950000000000e+01 1.542243198497e-02
9.000000000000e+01 1.432539359930e-02
9.050000000000e+01 1.307146571781e-02
9.100000000000e+01 1.170738588041e-02
9.150000000000e+01 1.028294246167e-02
9.200000000000e+01 8.848149636519e-03
9.250000000000e+01 7.450504667955e-03
9.300000000000e+01 6.132495371158e-03
9.350000000000e+01 4.929507516490e-03
9.400000000000e+01 3.868254547176e-03
9.450000000000e+01 2.965817083234e-03
9.500000000000e+01 2.229339508602e-03
9.550000000000e+01 1.656388066406e-03
9.600000000000e+01 1.235932054163e-03
9.650000000000e+01 9.498696432106e-04
9.700000000000e+01 7.749850891991e-04
9.750000000000e+01 6.851968549862e-04
9.800000000000e+01 6.539381539427e-04
9.850000000000e+01 6.565037707959e-04
9.900000000000e+01 6.722001978723e-04
9.950000000000e+01 6.861499159133e-04
1.000000000000e+02 6.906241534629e-04
1.005000000000e+02 6.858101613433e-04
1.010000000000e+02 6.799569004059e-04
1.015000000000e+02 6.888846296394e-04
1.020000000000e+02 7.348865266593e-04
1.025000000000e+02 8.450914323333e-04
1.030000000000e+02 1.049393448400e-03
1.035000000000e+02 1.378084065101e-03
1.040000000000e+02 1.859343810045e-03
1.045000000000e+02 2.516761689961e-03
1.050000000000e+02 3.367051178400e-03
1.055000000000e+02 4.418121103571e-03
1.060000000000e+02 5.667639120381e-03
1.065000000000e+02 7.102195771639e-03
1.070000000000e+02 8.697140291940e-03
1.075000000000e+02 1.041711758062e-02
1.080000000000e+02 1.221729177973e-02
1.085000000000e+02 1.404519840337e-02
1.090000000000e+02 1.584312671872e-02
1.095000000000e+02 1.755089962361e-02
1.100000000000e+02 1.910889179411e-02
1.105000000000e+02 2.046111008610e-02
1.110000000000e+02 2.155815416587e-02
1.115000000000e+02 2.235988054123e-02
1.120000000000e+02 2.283760929466e-02
1.125000000000e+02 2.297573892633e-02
1.130000000000e+02 2.277266921603e-02
1.135000000000e+02 2.224097280303e-02
1.140000000000e+02 2.140680075573e-02
1.145000000000e+02 2.030855301898e-02
1.150000000000e+02 1.899488847228e-02
1.155000000000e+02 1.752218870392e-02
1.160000000000e+02 1.595162207570e-02
1.165000000000e+02 1.434597821867e-02
1.170000000000e+02 1.276645631436e-02
1.175000000000e+02 1.126959257101e-02
1.180000000000e+02 9.904503088839e-03
1.185000000000e+02 8.710598406259e-03
1.190000000000e+02 7.715896681790e-03
1.195000000000e+02 6.936025524760e-03
1.200000000000e+02 6.373960245764e-03
1.205000000000e+02 6.020501381556e-03
1.210000000000e+02 5.855449546485e-03
1.215000000000e+02 5.849393747658e-03
1.220000000000e+02 5.965992860071e-03
1.225000000000e+02 6.164601228913e-03
1.230000000000e+02 6.403070098790e-03
1.235000000000e+02 6.640547916689e-03
1.240000000000e+02 6.840105002199e-03
1.245000000000e+02 6.971021413080e-03
1.250000000000e+02 7.010600162647e-03
1.255000000000e+02 6.945399749140e-03
1.260000000000e+02 6.771818189610e-03
1.265000000000e+02 6.496002967501e-03
1.270000000000e+02 6.133104815941e-03
1.275000000000e+02 5.705935306299e-03
1.280000000000e+02 5.243126133125e-03
1.285000000000e+02 4.776919389586e-03
1.290000000000e+02 4.340741038674e-03
1.295000000000e+02 3.966722774432e-03
1.300000000000e+02 3.683339736556e-03
1.305000000000e+02 3.513322975811e-03
1.310000000000e+02 3.471986740417e-03
1.315000000000e+02 3.566082790565e-03
1.320000000000e+02 3.793258849089e-03
1.325000000000e+02 4.142158219993e-03
1.330000000000e+02 4.593155128211e-03
1.335000000000e+02 5.119678181660e-03
1.340000000000e+02 5.690035238156e-03
1.345000000000e+02 6.269619391168e-03
1.350000000000e+02 6.823349934226e-03
1.355000000000e+02 7.318185699694e-03
1.360000000000e+02 7.725542173794e-03
1.365000000000e+02 8.023448681637e-03
1.370000000000e+02 8.198297437566e-03
1.375000000000e+02 8.246061416047e-03
1.380000000000e+02 8.172891249651e-03
1.385000000000e+02 7.995040618419e-03
1.390000000000e+02 7.738112387540e-03
1.395000000000e+02 7.435661374970e-03
1.400000000000e+02 7.127231323203e-03
1.405000000000e+02 6.855940759387e-03
1.410000000000e+02 6.665762585084e-03
1.415000000000e+02 6.598663501785e-03
1.420000000000e+02 6.691780364638e-03
1.425000000000e+02 6.974810520953e-03
1.430000000000e+02 7.467782077406e-03
1.435000000000e+02 8.179348491513e-03
1.440000000000e+02 9.105721195118e-03
1.445000000000e+02 1.023031600287e-02
1.450000000000e+02 1.152414616857e-02
1.455000000000e+02 1.294694977282e-02
1.460000000000e+02 1.444899445168e-02
1.465000000000e+02 1.597346107714e-02
1.470000000000e+02 1.745927244695e-02
1.475000000000e+02 1.884420554502e-02
1.480000000000e+02 2.006810820622e-02
1.485000000000e+02 2.107603417064e-02
1.490000000000e+02 2.182111497271e-02
1.495000000000e+02 2.226700261363e-02
1.500000000000e+02 2.238974255511e-02
1.505000000000e+02 2.217897066920e-02
1.510000000000e+02 2.163836827626e-02
1.515000000000e+02 2.078535379771e-02
1.520000000000e+02 1.965003510070e-02
1.525000000000e+02 1.827349050964e-02
1.530000000000e+02 1.670548600170e-02
1.535000000000e+02 1.500176886539e-02
1.540000000000e+02 1.322110208343e-02
1.545000000000e+02 1.142221745787e-02
1.550000000000e+02 9.660868218608e-03
1.555000000000e+02 7.987153432488e-03
1.560000000000e+02 6.443267537570e-03
1.565000000000e+02 5.061800005904e-03
1.570000000000e+02 3.864674306463e-03
1.575000000000e+02 2.862774280370e-03
1.580000000000e+02 2.056262356188e-03
1.585000000000e+02 1.435550482502e-03
1.590000000000e+02 9.828439788823e-04
1.595000000000e+02 6.741432552294e-04
1.600000000000e+02 4.815607231177e-04
1.605000000000e+02 3.757919326391e-04
1.610000000000e+02 3.285721300667e-04
1.615000000000e+02 3.149524965478e-04
1.620000000000e+02 3.152440545799e-04
1.625000000000e+02 3.165007000343e-04
1.630000000000e+02 3.134444987416e-04
1.635000000000e+02 3.087742247367e-04
1.640000000000e+02 3.128396702441e-04
1.645000000000e+02 3.427068498998e-04
1.650000000000e+02 4.206801142051e-04
1.655000000000e+02 5.723837503790e-04
1.660000000000e+02 8.245355297575e-04
1.665000000000e+02 1.202565932606e-03
1.670000000000e+02 1.728248064715e-03
1.675000000000e+02 2.417503832248e-03
1.680000000000e+02 3.278541702034e-03
1.685000000000e+02 4.310460971648e-03
1.690000000000e+02 5.502428183252e-03
1.695000000000e+02 6.833494981904e-03
1.700000000000e+02 8.273085639739e-03
1.705000000000e+02 9.782139246288e-03
1.710000000000e+02 1.131484894990e-02
1.715000000000e+02 1.282090134280e-02
1.720000000000e+02 1.424808562813e-02
1.725000000000e+02 1.554511674453e-02
1.730000000000e+02 1.666450080889e-02
1.735000000000e+02 1.756526612218e-02
1.740000000000e+02 1.821538894868e-02
1.745000000000e+02 1.859376000944e-02
1.750000000000e+02 1.869156413408e-02
1.755000000000e+02 1.851298017926e-02
1.760000000000e+02 1.807514902152e-02
1.765000000000e+02 1.740740165364e-02
1.770000000000e+02 1.654978441755e-02
1.775000000000e+02 1.555096139781e-02
1.780000000000e+02 1.446561229969e-02
1.785000000000e+02 1.335147535404e-02
1.790000000000e+02 1.226620697309e-02
1.795000000000e+02 1.126424163170e-02
1.800000000000e+02 1.039383601811e-02
1.805000000000e+02 9.694470834037e-03
1.810000000000e+02 9.194762368857e-03
1.815000000000e+02 8.911005429065e-03
1.820000000000e+02 8.846431252889e-03
1.825000000000e+02 8.991221019149e-03
1.830000000000e+02 9.323270124465e-03
1.835000000000e+02 9.809653355561e-03
1.840000000000e+02 1.040869920030e-02
1.845000000000e+02 1.107254539875e-02
1.850000000000e+02 1.175001965085e-02
1.855000000000e+02 1.238967088812e-02
1.860000000000e+02 1.294276879791e-02
1.865000000000e+02 1.336609279846e-02
1.870000000000e+02 1.362434614272e-02
1.875000000000e+02 1.369205533432e-02
1.880000000000e+02 1.355484800518e-02
1.885000000000e+02 1.321004174099e-02
1.890000000000e+02 1.266651956712e-02
1.895000000000e+02 1.194391220705e-02
1.900000000000e+02 1.107115001530e-02
1.905000000000e+02 1.008448599648e-02
1.910000000000e+02 9.025123157174e-03
1.915000000000e+02 7.936602629772e-03
1.920000000000e+02 6.862122142319e-03
1.925000000000e+02 5.841956706097e-03
1.930000000000e+02 4.911144761368e-03
1.935000000000e+02 4.097584059725e-03
1.940000000000e+02 3.420653518616e-03
1.945000000000e+02 2.890441981454e-03
1.950000000000e+02 2.507624532397e-03
1.955000000000e+02 2.263984336488e-03
1.960000000000e+02 2.143535638513e-03
1.965000000000e+02 2.124164266213e-03
1.970000000000e+02 2.179668256239e-03
1.975000000000e+02 2.282055208482e-03
1.980000000000e+02 2.403936336987e-03
1.985000000000e+02 2.520850986488e-03
1.990000000000e+02 2.613360019869e-03
1.995000000000e+02 2.668761660321e-03
2.000000000000e+02 2.682308127013e-03
2.005000000000e+02 2.657834158019e-03
2.010000000000e+02 2.607747180460e-03
2.015000000000e+02 2.552370997267e-03
2.020000000000e+02 2.518677720937e-03
2.025000000000e+02 2.538483551955e-03
2.030000000000e+02 2.646220248700e-03
2.035000000000e+02 2.876423428888e-03
2.040000000000e+02 3.261099277235e-03
2.045000000000e+02 3.827141463973e-03
2.050000000000e+02 4.593969400053e-03
2.055000000000e+02 5.571547351790e-03
2.060000000000e+02 6.758922084886e-03
2.065000000000e+02 8.143385929554e-03
2.070000000000e+02 9.700334346173e-03
2.075000000000e+02 1.139384456551e-02
2.080000000000e+02 1.317795732303e-02
2.085000000000e+02 1.499859988466e-02
2.090000000000e+02 1.679604821654e-02
2.095000000000e+02 1.850779181871e-02
2.100000000000e+02 2.007163858991e-02
2.105000000000e+02 2.142888077904e-02
2.110000000000e+02 2.252733766068e-02
2.115000000000e+02 2.332409642223e-02
2.120000000000e+02 2.378778954339e-02
2.125000000000e+02 2.390027367722e-02
2.130000000000e+02 2.365761007896e-02
2.135000000000e+02 2.307028782964e-02
2.140000000000e+02 2.216267593580e-02
2.145000000000e+02 2.097173609784e-02
2.150000000000e+02 1.954507171546e-02
2.155000000000e+02 1.793842784679e-02
2.160000000000e+02 1.621278895488e-02
2.165000000000e+02 1.443124439453e-02
2.170000000000e+02 1.265580430886e-02
2.175000000000e+02 1.094435015906e-02
2.180000000000e+02 9.347894439977e-03
2.185000000000e+02 7.908303870526e-03
2.190000000000e+02 6.656610783338e-03
2.195000000000e+02 5.612000437649e-03
2.200000000000e+02 4.781519868311e-03
2.205000000000e+02 4.160509297764e-03
2.210000000000e+02 3.733712859947e-03
2.215000000000e+02 3.476984170079e-03
2.220000000000e+02 3.359466676592e-03
2.225000000000e+02 3.346100945354e-03
2.230000000000e+02 3.400292748789e-03
2.235000000000e+02 3.486568158042e-03
2.240000000000e+02 3.573045189415e-03
2.245000000000e+02 3.633565665732e-03
2.250000000000e+02 3.649354871236e-03
2.255000000000e+02 3.610108741202e-03
2.260000000000e+02 3.514446654797e-03
2.265000000000e+02 3.369709927977e-03
2.270000000000e+02 3.191129140862e-03
2.275000000000e+02 3.000424732243e-03
2.280000000000e+02 2.823942220275e-03
2.285000000000e+02 2.690453613668e-03
2.290000000000e+02 2.628778143745e-03
2.295000000000e+02 2.665387008538e-03
2.300000000000e+02 2.822157648584e-03
2.305000000000e+02 3.114433126619e-03
2.310000000000e+02 3.549522103441e-03
2.315000000000e+02 4.125745978650e-03
2.320000000000e+02 4.832103850665e-03
2.325000000000e+02 5.648585344748e-03
2.330000000000e+02 6.547118661017e-03
2.335000000000e+02 7.493099143228e-03
2.340000000000e+02 8.447404962611e-03
2.345000000000e+02 9.368773640696e-03
2.350000000000e+02 1.021638822510e-02
2.355000000000e+02 1.095250660675e-02
2.360000000000e+02 1.154496274356e-02
2.365000000000e+02 1.196937478334e-02
2.370000000000e+02 1.221091191178e-02
2.375000000000e+02 1.226549817167e-02
2.380000000000e+02 1.214036587993e-02
2.385000000000e+02 1.185391147209e-02
2.390000000000e+02 1.143485011993e-02
2.395000000000e+02 1.092070956870e-02
2.400000000000e+02 1.035574555171e-02
2.405000000000e+02 9.788398218050e-03
2.410000000000e+02 9.268438902997e-03
2.415000000000e+02 8.843977374644e-03
2.420000000000e+02 8.558510062042e-03
2.425000000000e+02 8.448189016271e-03
2.430000000000e+02 8.539479477543e-03
2.435000000000e+02 8.847351613973e-03
2.440000000000e+02 9.374120609426e-03
2.445000000000e+02 1.010901072583e-02
2.450000000000e+02 1.102847561661e-02
2.455000000000e+02 1.209726169179e-02
2.460000000000e+02 1.327015653729e-02
2.465000000000e+02 1.449432303726e-02
2.470000000000e+02 1.571208449301e-02
2.475000000000e+02 1.686399885928e-02
2.480000000000e+02 1.789204290265e-02
2.485000000000e+02 1.874272069204e-02
2.490000000000e+02 1.936991574269e-02
2.495000000000e+02 1.973732203521e-02
2.500000000000e+02 1.982031502185e-02
2.505000000000e+02 1.960715799489e-02
2.510000000000e+02 1.909947969170e-02
2.515000000000e+02 1.831200322791e-02
2.520000000000e+02 1.727155163939e-02
2.525000000000e+02 1.601539867673e-02
2.530000000000e+02 1.458907235310e-02
2.535000000000e+02 1.304375070926e-02
2.540000000000e+02 1.143341237407e-02
2.545000000000e+02 9.811917371963e-03
2.550000000000e+02 8.230195510751e-03
2.555000000000e+02 6.733710515722e-03
2.560000000000e+02 5.360348493326e-03
2.565000000000e+02 4.138850595874e-03
2.570000000000e+02 3.087873772888e-03
2.575000000000e+02 2.215722541556e-03
2.580000000000e+02 1.520751400654e-03
2.585000000000e+02 9.923946013910e-04
2.590000000000e+02 6.127401936982e-04
2.595000000000e+02 3.585311012121e-04
2.600000000000e+02 2.034495927667e-04
2.605000000000e+02 1.205245639910e-04
2.610000000000e+02 8.449456870786e-05
2.615000000000e+02 7.396392714229e-05
2.620000000000e+02 7.320417607168e-05
2.625000000000e+02 7.347763349813e-05
2.630000000000e+02 7.379233728535e-05
2.635000000000e+02 8.103598633942e-05
2.640000000000e+02 1.094782930755e-04
2.645000000000e+02 1.796736584841e-04
2.650000000000e+02 3.168365706471e-04
2.655000000000e+02 5.487979953488e-04
2.660000000000e+02 9.036799568081e-04
2.665000000000e+02 1.407445620356e-03
2.670000000000e+02 2.081492168439e-03
2.675000000000e+02 2.940452931072e-03
2.680000000000e+02 3.990363602580e-03
2.685000000000e+02 5.227325645801e-03
2.690000000000e+02 6.636769494338e-03
2.695000000000e+02 8.193382813966e-03
2.700000000000e+02 9.861727218284e-03
2.705000000000e+02 1.159752308645e-02
2.710000000000e+02 1.334953926580e-02
2.715000000000e+02 1.506198517663e-02
2.720000000000e+02 1.667726966920e-02
2.725000000000e+02 1.813896603834e-02
2.730000000000e+02 1.939480749230e-02
2.735000000000e+02 2.039953310051e-02
2.740000000000e+02 2.111741113411e-02
2.745000000000e+02 2.152428438888e-02
2.750000000000e+02 2.160900949227e-02
2.755000000000e+02 2.137419768104e-02
2.760000000000e+02 2.083620592398e-02
2.765000000000e+02 2.002437200900e-02
2.770000000000e+02 1.897953255706e-02
2.775000000000e+02 1.775190606433e-02
2.780000000000e+02 1.639846133873e-02
2.785000000000e+02 1.497992271750e-02
2.790000000000e+02 1.355758530570e-02
2.795000000000e+02 1.219012480646e-02
2.800000000000e+02 1.093058662033e-02
2.805000000000e+02 9.823727767387e-03
2.810000000000e+02 8.903863523115e-03
2.815000000000e+02 8.193339802741e-03
2.820000000000e+02 7.701714193256e-03
2.825000000000e+02 7.425685482247e-03
2.830000000000e+02 7.349766234932e-03
2.835000000000e+02 7.447648226865e-03
2.840000000000e+02 7.684169112366e-03
2.845000000000e+02 8.017753147771e-03
2.850000000000e+02 8.403171273068e-03
2.855000000000e+02 8.794448057727e-03
2.860000000000e+02 9.147735998265e-03
2.865000000000e+02 9.423981801987e-03
2.870000000000e+02 9.591224290945e-03
2.875000000000e+02 9.626388421198e-03
2.880000000000e+02 9.516473030313e-03
2.885000000000e+02 9.259069183049e-03
2.890000000000e+02 8.862188885268e-03
2.895000000000e+02 8.343427762984e-03
2.900000000000e+02 7.728527290494e-03
2.905000000000e+02 7.049439657615e-03
2.910000000000e+02 6.342029040218e-03
2.915000000000e+02 5.643564968394e-03
2.920000000000e+02 4.990175318878e-03
2.925000000000e+02 4.414427481295e-03
2.930000000000e+02 3.943196437290e-03
2.935000000000e+02 3.595958510105e-03
2.940000000000e+02 3.383620697054e-03
2.945000000000e+02 3.307959656667e-03
2.950000000000e+02 3.361703896310e-03
2.955000000000e+02 3.529250100630e-03
2.960000000000e+02 3.787962591983e-03
2.965000000000e+02 4.109966313825e-03
2.970000000000e+02 4.464310955312e-03
2.975000000000e+02 4.819358997707e-03
2.980000000000e+02 5.145235163092e-03
2.985000000000e+02 5.416169979481e-03
2.990000000000e+02 5.612576269534e-03
2.995000000000e+02 5.722713957152e-03
3.000000000000e+02 5.743824633357e-03
3.005000000000e+02 5.682651191458e-03
3.010000000000e+02 5.555297392707e-03
3.015000000000e+02 5.386424951859e-03
3.020000000000e+02 5.207828923361e-03
3.025000000000e+02 5.056473072848e-03
3.030000000000e+02 4.972102920778e-03
3.035000000000e+02 4.994582933988e-03
3.040000000000e+02 5.161124053205e-03
3.045000000000e+02 5.503577084135e-03
3.050000000000e+02 6.045965800864e-03
3.055000000000e+02 6.802420958355e-03
3.060000000000e+02 7.775653522953e-03
3.065000000000e+02 8.956073687728e-03
3.070000000000e+02 1.032162358582e-02
3.075000000000e+02 1.183834843124e-02
3.080000000000e+02 1.346168577534e-02
3.085000000000e+02 1.513840846438e-02
3.090000000000e+02 1.680911646441e-02
3.095000000000e+02 1.841113850571e-02
3.100000000000e+02 1.988167863119e-02
3.105000000000e+02 2.116102683636e-02
3.110000000000e+02 2.219564807022e-02
3.115000000000e+02 2.294097025357e-02
3.120000000000e+02 2.336370928729e-02
3.125000000000e+02 2.344359621432e-02
3.130000000000e+02 2.317440709645e-02
3.135000000000e+02 2.256423759368e-02
3.140000000000e+02 2.163500913762e-02
3.145000000000e+02 2.042123920668e-02
3.150000000000e+02 1.896815172970e-02
3.155000000000e+02 1.732924239443e-02
3.160000000000e+02 1.556344524026e-02
3.165000000000e+02 1.373206944685e-02
3.170000000000e+02 1.189568733030e-02
3.175000000000e+02 1.011115552027e-02
3.180000000000e+02 8.428941101752e-03
3.185000000000e+02 6.890903845639e-03
3.190000000000e+02 5.528655856850e-03
3.195000000000e+02 4.362582934603e-03
3.200000000000e+02 3.401570013085e-03
3.205000000000e+02 2.643428874559e-03
3.210000000000e+02 2.075982676326e-03
3.215000000000e+02 1.678721440645e-03
3.220000000000e+02 1.424908041121e-03
3.225000000000e+02 1.283987526732e-03
3.230000000000e+02 1.224135496242e-03
3.235000000000e+02 1.214774702597e-03
3.240000000000e+02 1.228893489207e-03
3.245000000000e+02 1.245014703194e-03
3.250000000000e+02 1.248688389534e-03
3.255000000000e+02 1.233414232374e-03
3.260000000000e+02 1.200938259519e-03
3.265000000000e+02 1.160910277813e-03
3.270000000000e+02 1.129931164076e-03
3.275000000000e+02 1.130059760480e-03
3.280000000000e+02 1.186885110342e-03
3.285000000000e+02 1.327298813073e-03
3.290000000000e+02 1.577122512546e-03
3.295000000000e+02 1.958755660213e-03
3.300000000000e+02 2.489008056127e-03
3.305000000000e+02 3.177270297088e-03
3.310000000000e+02 4.024153865041e-03
3.315000000000e+02 5.020702524288e-03
3.320000000000e+02 6.148239870522e-03
3.325000000000e+02 7.378876629785e-03
3.330000000000e+02 8.676658268470e-03
3.335000000000e+02 9.999291393990e-03
3.340000000000e+02 1.130034899260e-02
3.345000000000e+02 1.253182223550e-02
3.350000000000e+02 1.364686247402e-02
3.355000000000e+02 1.460254271405e-02
3.360000000000e+02 1.536246426865e-02
3.365000000000e+02 1.589904172036e-02
3.370000000000e+02 1.619531736955e-02
3.375000000000e+02 1.624618392195e-02
3.380000000000e+02 1.605892958882e-02
3.385000000000e+02 1.565306085600e-02
3.390000000000e+02 1.505940237175e-02
3.395000000000e+02 1.431851796021e-02
3.400000000000e+02 1.347853890342e-02
3.405000000000e+02 1.259252271214e-02
3.410000000000e+02 1.171549529507e-02
3.415000000000e+02 1.090134986284e-02
3.420000000000e+02 1.019978576760e-02
3.425000000000e+02 9.653469136615e-03
3.430000000000e+02 9.295584660575e-03
3.435000000000e+02 9.147924993018e-03
3.440000000000e+02 9.219632299534e-03
3.445000000000e+02 9.506667523197e-03
3.450000000000e+02 9.992039302253e-03
3.455000000000e+02 1.064677887546e-02
3.460000000000e+02 1.143160255044e-02
3.465000000000e+02 1.229916214929e-02
3.470000000000e+02 1.319674881696e-02
3.475000000000e+02 1.406928883404e-02
3.480000000000e+02 1.486245324995e-02
3.485000000000e+02 1.552569726377e-02
3.490000000000e+02 1.601505066218e-02
3.495000000000e+02 1.629549691337e-02
3.500000000000e+02 1.634280466775e-02
3.505000000000e+02 1.614470977770e-02
3.510000000000e+02 1.570138635622e-02
3.515000000000e+02 1.502518931643e-02
3.520000000000e+02 1.413969552469e-02
3.525000000000e+02 1.307811337428e-02
3.530000000000e+02 1.188116859496e-02
3.535000000000e+02 1.059460510567e-02
3.540000000000e+02 9.266461790823e-03
3.545000000000e+02 7.944297899589e-03
3.550000000000e+02 6.672540642609e-03
3.555000000000e+02 5.490118496872e-03
3.560000000000e+02 4.428523416457e-03
3.565000000000e+02 3.510415922090e-03
3.570000000000e+02 2.748850799547e-03
3.575000000000e+02 2.147160208711e-03
3.580000000000e+02 1.699488014363e-03
3.585000000000e+02 1.391926842944e-03
3.590000000000e+02 1.204170443688e-03
3.595000000000e+02 1.111560863970e-03
3.600000000000e+02 1.087384837177e-03
3.605000000000e+02 1.105258217280e-03
3.610000000000e+02 1.141432258058e-03
3.615000000000e+02 1.176861335847e-03
3.620000000000e+02 1.198887971203e-03
3.625000000000e+02 1.202426668950e-03
3.630000000000e+02 1.190561519968e-03
3.635000000000e+02 1.174511548252e-03
3.640000000000e+02 1.172959940286e-03
3.645000000000e+02 1.210785856097e-03
3.650000000000e+02 1.317277758398e-03
3.655000000000e+02 1.523942517010e-03
3.660000000000e+02 1.862052667293e-03
3.665000000000e+02 2.360093293179e-03
3.670000000000e+02 3.041278806742e-03
3.675000000000e+02 3.921307796168e-03
3.680000000000e+02 5.006511191387e-03
3.685000000000e+02 6.292526016827e-03
3.690000000000e+02 7.763595367772e-03
3.695000000000e+02 9.392556917089e-03
3.700000000000e+02 1.114153961792e-02
3.705000000000e+02 1.296334398169e-02
3.710000000000e+02 1.480343815773e-02
3.715000000000e+02 1.660246273797e-02
3.720000000000e+02 1.829910424302e-02
3.725000000000e+02 1.983317270715e-02
3.730000000000e+02 2.114870424668e-02
3.735000000000e+02 2.219690591761e-02
3.740000000000e+02 2.293876781812e-02
3.745000000000e+02 2.334718583793e-02
3.750000000000e+02 2.340846659716e-02
3.755000000000e+02 2.312312224164e-02
3.760000000000e+02 2.250590466023e-02
3.765000000000e+02 2.158507378941e-02
3.770000000000e+02 2.040094019731e-02
3.775000000000e+02 1.900376528876e-02
3.780000000000e+02 1.745114058753e-02
3.785000000000e+02 1.580499828458e-02
3.790000000000e+02 1.412842670343e-02
3.795000000000e+02 1.248247521394e-02
3.800000000000e+02 1.092313276689e-02
3.805000000000e+02 9.498652668602e-03
3.810000000000e+02 8.247374203023e-03
3.815000000000e+02 7.196160626352e-03
3.820000000000e+02 6.359534851070e-03
3.825000000000e+02 5.739551190210e-03
3.830000000000e+02 5.326396522426e-03
3.835000000000e+02 5.099669961658e-03
3.840000000000e+02 5.030249315021e-03
3.845000000000e+02 5.082617807667e-03
3.850000000000e+02 5.217497880306e-03
3.855000000000e+02 5.394621945001e-03
3.860000000000e+02 5.575463823415e-03
3.865000000000e+02 5.725759516613e-03
3.870000000000e+02 5.817661598147e-03
3.875000000000e+02 5.831396841166e-03
3.880000000000e+02 5.756330039608e-03
3.885000000000e+02 5.591376216106e-03
3.890000000000e+02 5.344746014216e-03
3.895000000000e+02 5.033052333121e-03
3.900000000000e+02 4.679847429555e-03
3.905000000000e+02 4.313696173744e-03
3.910000000000e+02 3.965920598671e-03
3.915000000000e+02 3.668171469315e-03
3.920000000000e+02 3.449993031616e-03
3.925000000000e+02 3.336546738703e-03
3.930000000000e+02 3.346648640292e-03
3.935000000000e+02 3.491253990032e-03
3.940000000000e+02 3.772492842560e-03
3.945000000000e+02 4.183323894247e-03
3.950000000000e+02 4.707832915629e-03
3.955000000000e+02 5.322159455003e-03
3.960000000000e+02 5.995993801114e-03
3.965000000000e+02 6.694548157032e-03
3.970000000000e+02 7.380874046197e-03
3.975000000000e+02 8.018374208112e-03
3.980000000000e+02 8.573343191763e-03
3.985000000000e+02 9.017367450702e-03
3.990000000000e+02 9.329423240786e-03
3.995000000000e+02 9.497528584014e-03
4.000000000000e+02 9.519832887711e-03
4.005000000000e+02 9.405062799160e-03
4.010000000000e+02 9.172283341940e-03
4.015000000000e+02 8.849976779032e-03
4.020000000000e+02 8.474485243090e-03
4.025000000000e+02 8.087904208761e-03
4.030000000000e+02 7.735549750298e-03
4.035000000000e+02 7.463150942665e-03
4.040000000000e+02 7.313937898858e-03
4.045000000000e+02 7.325804541972e-03
4.050000000000e+02 7.528722695197e-03
4.055000000000e+02 7.942570540765e-03
4.060000000000e+02 8.575514743178e-03
4.065000000000e+02 9.423052989244e-03
4.070000000000e+02 1.046778435594e-02
4.075000000000e+02 1.167993119489e-02
4.080000000000e+02 1.301859081617e-02
4.085000000000e+02 1.443365097072e-02
4.090000000000e+02 1.586826271235e-02
4.095000000000e+02 1.726173017216e-02
4.100000000000e+02 1.855265121323e-02
4.105000000000e+02 1.968212743893e-02
4.110000000000e+02 2.059685756684e-02
4.115000000000e+02 2.125193503136e-02
4.120000000000e+02 2.161318841628e-02
4.125000000000e+02 2.165893084650e-02
4.130000000000e+02 2.138102007778e-02
4.135000000000e+02 2.078517251011e-02
4.140000000000e+02 1.989051914505e-02
4.145000000000e+02 1.872843684048e-02
4.150000000000e+02 1.734073129008e-02
4.155000000000e+02 1.577728631685e-02
4.160000000000e+02 1.409332498032e-02
4.165000000000e+02 1.234644977347e-02
4.170000000000e+02 1.059364051899e-02
4.175000000000e+02 8.888388812344e-03
4.180000000000e+02 7.278137044083e-03
4.185000000000e+02 5.802168897109e-03
4.190000000000e+02 4.490068134053e-03
4.195000000000e+02 3.360825396724e-03
4.200000000000e+02 2.422630999902e-03
4.205000000000e+02 1.673347964562e-03
4.210000000000e+02 1.101616567340e-03
4.215000000000e+02 6.885021915914e-04
4.220000000000e+02 4.095647310502e-04
4.225000000000e+02 2.372023157974e-04
4.230000000000e+02 1.431062822589e-04
4.235000000000e+02 1.006590601932e-04
4.240000000000e+02 8.711229140624e-05
4.245000000000e+02 8.539862656206e-05
4.250000000000e+02 8.545620171751e-05
4.255000000000e+02 8.497811132076e-05
4.260000000000e+02 8.953811425405e-05
4.265000000000e+02 1.120858244095e-04
4.270000000000e+02 1.718470423039e-04
4.275000000000e+02 2.927049509120e-04
4.280000000000e+02 5.011730479835e-04
4.285000000000e+02 8.240986524613e-04
4.290000000000e+02 1.286254794860e-03
4.295000000000e+02 1.907987042945e-03
4.300000000000e+02 2.703079737785e-03
4.305000000000e+02 3.676993322640e-03
4.310000000000e+02 4.825601722319e-03
4.315000000000e+02 6.134527491454e-03
4.320000000000e+02 7.579134659509e-03
4.325000000000e+02 9.125197242517e-03
4.330000000000e+02 1.073021792227e-02
4.335000000000e+02 1.234532917217e-02
4.340000000000e+02 1.391767082494e-02
4.345000000000e+02 1.539310617916e-02
4.350000000000e+02 1.671911528329e-02
4.355000000000e+02 1.784769054557e-02
4.360000000000e+02 1.873805720044e-02
4.365000000000e+02 1.935904964165e-02
4.370000000000e+02 1.969099373542e-02
4.375000000000e+02 1.972697381290e-02
4.380000000000e+02 1.947339937006e-02
4.385000000000e+02 1.894982834554e-02
4.390000000000e+02 1.818804862217e-02
4.395000000000e+02 1.723046433440e-02
4.400000000000e+02 1.612787587499e-02
4.405000000000e+02 1.493677954828e-02
4.410000000000e+02 1.371634230728e-02
4.415000000000e+02 1.252522709612e-02
4.420000000000e+02 1.141845373884e-02
4.425000000000e+02 1.044447847360e-02
4.430000000000e+02 9.642662229191e-03
4.435000000000e+02 9.041274373936e-03
4.440000000000e+02 8.656146374095e-03
4.445000000000e+02 8.490050572954e-03
4.450000000000e+02 8.532835565117e-03
4.455000000000e+02 8.762304094523e-03
4.460000000000e+02 9.145774859998e-03
4.465000000000e+02 9.642228814036e-03
4.470000000000e+02 1.020490599737e-02
4.475000000000e+02 1.078419277890e-02
4.480000000000e+02 1.133062315801e-02
4.485000000000e+02 1.179781250133e-02
4.490000000000e+02 1.214514801228e-02
4.495000000000e+02 1.234007695387e-02
4.500000000000e+02 1.235986007498e-02
4.505000000000e+02 1.219269213693e-02
4.510000000000e+02 1.183813171247e-02
4.515000000000e+02 1.130682598966e-02
4.520000000000e+02 1.061956041412e-02
4.525000000000e+02 9.805704878367e-03
4.530000000000e+02 8.901165196705e-03
4.535000000000e+02 7.945978483224e-03
4.540000000000e+02 6.981711930452e-03
4.545000000000e+02 6.048835092802e-03
4.550000000000e+02 5.184235489205e-03
4.555000000000e+02 4.419036221263e-03
4.560000000000e+02 3.776853109939e-03
4.565000000000e+02 3.272598973855e-03
4.570000000000e+02 2.911906042868e-03
4.575000000000e+02 2.691196482042e-03
4.580000000000e+02 2.598388229288e-03
4.585000000000e+02 2.614181567012e-03
4.590000000000e+02 2.713833730442e-03
4.595000000000e+02 2.869296843029e-03
4.600000000000e+02 3.051570611912e-03
4.605000000000e+02 3.233107043395e-03
4.610000000000e+02 3.390100861447e-03
4.615000000000e+02 3.504506568608e-03
4.620000000000e+02 3.565640724484e-03
4.625000000000e+02 3.571254917064e-03
4.630000000000e+02 3.527999359111e-03
4.635000000000e+02 3.451236864563e-03
4.640000000000e+02 3.364209611613e-03
4.645000000000e+02 3.296603857519e-03
4.650000000000e+02 3.282597899824e-03
4.655000000000e+02 3.358513504037e-03
4.660000000000e+02 3.560218486185e-03
4.665000000000e+02 3.920446363892e-03
4.670000000000e+02 4.466206764733e-03
4.675000000000e+02 5.216457056420e-03
4.680000000000e+02 6.180191583160e-03
4.685000000000e+02 7.355080785843e-03
4.690000000000e+02 8.726759814120e-03
4.695000000000e+02 1.026882701409e-02
4.700000000000e+02 1.194356932254e-02
4.705000000000e+02 1.370338681157e-02
4.710000000000e+02 1.549284519834e-02
4.715000000000e+02 1.725124577906e-02
4.720000000000e+02 1.891556943425e-02
4.725000000000e+02 2.042362714953e-02
4.730000000000e+02 2.171723543910e-02
4.735000000000e+02 2.274523205278e-02
4.740000000000e+02 2.346615561319e-02
4.745000000000e+02 2.385043188450e-02
4.750000000000e+02 2.388193806784e-02
4.755000000000e+02 2.355885309687e-02
4.760000000000e+02 2.289374412648e-02
4.765000000000e+02 2.191288467426e-02
4.770000000000e+02 2.065484540223e-02
4.775000000000e+02 1.916844151569e-02
4.780000000000e+02 1.751015856546e-02
4.785000000000e+02 1.574120875016e-02
4.790000000000e+02 1.392439077695e-02
4.795000000000e+02 1.212093668462e-02
4.800000000000e+02 1.038752815542e-02
4.805000000000e+02 8.773652835322e-03
4.810000000000e+02 7.319448829111e-03
4.815000000000e+02 6.054154264565e-03
4.820000000000e+02 4.995240605417e-03
4.825000000000e+02 4.148265641683e-03
4.830000000000e+02 3.507437478173e-03
4.835000000000e+02 3.056837166153e-03
4.840000000000e+02 2.772207599659e-03
4.845000000000e+02 2.623182409356e-03
4.850000000000e+02 2.575802922922e-03
4.855000000000e+02 2.595155387191e-03
4.860000000000e+02 2.647955508790e-03
4.865000000000e+02 2.704913232604e-03
4.870000000000e+02 2.742727112279e-03
4.875000000000e+02 2.745583539807e-03
4.880000000000e+02 2.706069801362e-03
4.885000000000e+02 2.625449235753e-03
4.890000000000e+02 2.513289162104e-03
4.895000000000e+02 2.386474997392e-03
4.900000000000e+02 2.267684367803e-03
4.905000000000e+02 2.183430451745e-03
4.910000000000e+02 2.161812017177e-03
4.915000000000e+02 2.230126833461e-03
4.920000000000e+02 2.412514125672e-03
4.925000000000e+02 2.727789926852e-03
4.930000000000e+02 3.187626689458e-03
4.935000000000e+02 3.795206140203e-03
4.940000000000e+02 4.544443532150e-03
4.945000000000e+02 5.419844133298e-03
4.950000000000e+02 6.397011376428e-03
4.955000000000e+02 7.443783229186e-03
4.960000000000e+02 8.521931771616e-03
4.965000000000e+02 9.589323358350e-03
4.970000000000e+02 1.060240551631e-02
4.975000000000e+02 1.151886390743e-02
4.980000000000e+02 1.230027976231e-02
4.985000000000e+02 1.291461603471e-02
4.990000000000e+02 1.333836932600e-02
4.995000000000e+02 1.355824388088e-02
5.000000000000e+02 1.357223249248e-02
5.005000000000e+02 1.339002522025e-02
5.010000000000e+02 1.303270817991e-02
5.015000000000e+02 1.253175873225e-02
5.020000000000e+02 1.192738741898e-02
5.025000000000e+02 1.126631820609e-02
5.030000000000e+02 1.059913440078e-02
5.035000000000e+02 9.977345743708e-03
5.040000000000e+02 9.450350850670e-03
5.045000000000e+02 9.062477185191e-03
5.050000000000e+02 8.850277542445e-03
5.055000000000e+02 8.840247775523e-03
5.060000000000e+02 9.047106043049e-03
5.065000000000e+02 9.472740688024e-03
5.070000000000e+02 1.010589400168e-02
5.075000000000e+02 1.092260503232e-02
5.080000000000e+02 1.188738898372e-02
5.085000000000e+02 1.295508642369e-02
5.090000000000e+02 1.407327522518e-02
5.095000000000e+02 1.518510437651e-02
5.100000000000e+02 1.623238360356e-02
5.105000000000e+02 1.715874769514e-02
5.110000000000e+02 1.791271042749e-02
5.115000000000e+02 1.845043027775e-02
5.120000000000e+02 1.873802822546e-02
5.125000000000e+02 1.875332572506e-02
5.130000000000e+02 1.848690664810e-02
5.135000000000e+02 1.794244841042e-02
5.140000000000e+02 1.713631203541e-02
5.145000000000e+02 1.609642579073e-02
5.150000000000e+02 1.486053948782e-02
5.155000000000e+02 1.347396392830e-02
5.160000000000e+02 1.198694001666e-02
5.165000000000e+02 1.045180290252e-02
5.170000000000e+02 8.920116913722e-03
5.175000000000e+02 7.439956401331e-03
5.180000000000e+02 6.053496037312e-03
5.185000000000e+02 4.795052373916e-03
5.190000000000e+02 3.689688011296e-03
5.195000000000e+02 2.752452495037e-03
5.200000000000e+02 1.988292465024e-03
5.205000000000e+02 1.392620256986e-03
5.210000000000e+02 9.524878752252e-04
5.215000000000e+02 6.482746921675e-04
5.220000000000e+02 4.557648279278e-04
5.225000000000e+02 3.484659644873e-04
5.230000000000e+02 3.000068726714e-04
5.235000000000e+02 2.864470731723e-04
5.240000000000e+02 2.883390358877e-04
5.245000000000e+02 2.924006749527e-04
5.250000000000e+02 2.926824899996e-04
5.255000000000e+02 2.911478194129e-04
5.260000000000e+02 2.976241114302e-04
5.265000000000e+02 3.291253472063e-04
5.270000000000e+02 4.085880508259e-04
5.275000000000e+02 5.631029725899e-04
5.280000000000e+02 8.217589775290e-04
5.285000000000e+02 1.213242683190e-03
5.290000000000e+02 1.763355211179e-03
5.295000000000e+02 2.492614869413e-03
5.300000000000e+02 3.414111147166e-03
5.305000000000e+02 4.531761254604e-03
5.310000000000e+02 5.839096425070e-03
5.315000000000e+02 7.318672803190e-03
5.320000000000e+02 8.942162982045e-03
5.325000000000e+02 1.067114155439e-02
5.330000000000e+02 1.245853409058e-02
5.335000000000e+02 1.425065652104e-02
5.340000000000e+02 1.598973367032e-02
5.345000000000e+02 1.761675409356e-02
5.350000000000e+02 1.907449542587e-02
5.355000000000e+02 2.031054165639e-02
5.360000000000e+02 2.128011193383e-02
5.365000000000e+02 2.194852986761e-02
5.370000000000e+02 2.229318227740e-02
5.375000000000e+02 2.230484576652e-02
5.380000000000e+02 2.198829656454e-02
5.385000000000e+02 2.136216152945e-02
5.390000000000e+02 2.045801341261e-02
5.395000000000e+02 1.931875868170e-02
5.400000000000e+02 1.799640857981e-02
5.405000000000e+02 1.654936105279e-02
5.410000000000e+02 1.503935041786e-02
5.415000000000e+02 1.352824136856e-02
5.420000000000e+02 1.207485289575e-02
5.425000000000e+02 1.073199540383e-02
5.430000000000e+02 9.543890863534e-03
5.435000000000e+02 8.544122110240e-03
5.440000000000e+02 7.754224848970e-03
5.445000000000e+02 7.182996588498e-03
5.450000000000e+02 6.826553041919e-03
5.455000000000e+02 6.669117208598e-03
5.460000000000e+02 6.684482199046e-03
5.465000000000e+02 6.838048606680e-03
5.470000000000e+02 7.089303346693e-03
5.475000000000e+02 7.394581446134e-03
5.480000000000e+02 7.709936822227e-03
5.485000000000e+02 7.993943540869e-03
5.490000000000e+02 8.210255632813e-03
5.495000000000e+02 8.329770792617e-03
5.500000000000e+02 8.332270060452e-03
5.505000000000e+02 8.207440159585e-03
5.510000000000e+02 7.955225320839e-03
5.515000000000e+02 7.585498611750e-03
5.520000000000e+02 7.117086263867e-03
5.525000000000e+02 6.576219507301e-03
5.530000000000e+02 5.994524392274e-03
5.535000000000e+02 5.406688743810e-03
5.540000000000e+02 4.847964967511e-03
5.545000000000e+02 4.351676691271e-03
5.550000000000e+02 3.946895636073e-03
5.555000000000e+02 3.656442794900e-03
5.560000000000e+02 3.495345779582e-03
5.565000000000e+02 3.469853516427e-03
5.570000000000e+02 3.577072314552e-03
5.575000000000e+02 3.805246087767e-03
5.580000000000e+02 4.134660832332e-03
5.585000000000e+02 4.539112089668e-03
5.590000000000e+02 4.987836712633e-03
5.595000000000e+02 5.447779211995e-03
5.600000000000e+02 5.886040287229e-03
5.605000000000e+02 6.272342312365e-03
5.610000000000e+02 6.581344397781e-03
5.615000000000e+02 6.794648347895e-03
5.620000000000e+02 6.902355857821e-03
5.625000000000e+02 6.904065456307e-03
5.630000000000e+02 6.809233241267e-03
5.635000000000e+02 6.636862128336e-03
5.640000000000e+02 6.414527570875e-03
5.645000000000e+02 6.176790770172e-03
5.650000000000e+02 5.963090539209e-03
5.655000000000e+02 5.815239649491e-03
5.660000000000e+02 5.774678453782e-03
5.665000000000e+02 5.879656092480e-03
5.670000000000e+02 6.162516502045e-03
5.675000000000e+02 6.647262258635e-03
5.680000000000e+02 7.347554213112e-03
5.685000000000e+02 8.265279794050e-03
5.690000000000e+02 9.389789292678e-03
5.695000000000e+02 1.069785945330e-02
5.700000000000e+02 1.215439973857e-02
5.705000000000e+02 1.371387143910e-02
5.710000000000e+02 1.532234615459e-02
5.715000000000e+02 1.692009080120e-02
5.720000000000e+02 1.844453364927e-02
5.725000000000e+02 1.983344200550e-02
5.730000000000e+02 2.102812851994e-02
5.735000000000e+02 2.197650058191e-02
5.740000000000e+02 2.263577604151e-02
5.745000000000e+02 2.297470802420e-02
5.750000000000e+02 2.297519069780e-02
5.755000000000e+02 2.263315471247e-02
5.760000000000e+02 2.195870339271e-02
5.765000000000e+02 2.097548600228e-02
5.770000000000e+02 1.971934974118e-02
5.775000000000e+02 1.823635477422e-02
5.780000000000e+02 1.658027391550e-02
5.785000000000e+02 1.480972831566e-02
5.790000000000e+02 1.298513081218e-02
5.795000000000e+02 1.116561828797e-02
5.800000000000e+02 9.406152887387e-03
5.805000000000e+02 7.754959404724e-03
5.810000000000e+02 6.251443421592e-03
5.815000000000e+02 4.924703292882e-03
5.820000000000e+02 3.792710874256e-03
5.825000000000e+02 2.862193370504e-03
5.830000000000e+02 2.129204547511e-03
5.835000000000e+02 1.580330568169e-03
5.840000000000e+02 1.194436578702e-03
5.845000000000e+02 9.448273301960e-04
5.850000000000e+02 8.016706089834e-04
5.855000000000e+02 7.345175756021e-04
5.860000000000e+02 7.147501556052e-04
5.865000000000e+02 7.177925863197e-04
5.870000000000e+02 7.249416099206e-04
5.875000000000e+02 7.246964628915e-04
5.880000000000e+02 7.135040078848e-04
5.885000000000e+02 6.958738731627e-04
5.890000000000e+02 6.838607600924e-04
5.895000000000e+02 6.959534304874e-04
5.900000000000e+02 7.554495722046e-04
5.905000000000e+02 8.884302150005e-04
5.910000000000e+02 1.121474414074e-03
5.915000000000e+02 1.479272794883e-03
5.920000000000e+02 1.982306103015e-03
5.925000000000e+02 2.644751628071e-03
5.930000000000e+02 3.472766461514e-03
5.935000000000e+02 4.463272874107e-03
5.940000000000e+02 5.603339151279e-03
5.945000000000e+02 6.870211026390e-03
5.950000000000e+02 8.232006826494e-03
5.955000000000e+02 9.649046265813e-03
5.960000000000e+02 1.107574124189e-02
5.965000000000e+02 1.246293966785e-02
5.970000000000e+02 1.376058270799e-02
5.975000000000e+02 1.492051375687e-02
5.980000000000e+02 1.589926555552e-02
5.985000000000e+02 1.666065078410e-02
5.990000000000e+02 1.717799143288e-02
5.995000000000e+02 1.743584266424e-02
6.000000000000e+02 1.743109651055e-02
6.005000000000e+02 1.717338779198e-02
6.010000000000e+02 1.668476680388e-02
6.015000000000e+02 1.599864800105e-02
6.020000000000e+02 1.515808832156e-02
6.025000000000e+02 1.421349017412e-02
6.030000000000e+02 1.321985987747e-02
6.035000000000e+02 1.223378024207e-02
6.040000000000e+02 1.131027427016e-02
6.045000000000e+02 1.049974445632e-02
6.050000000000e+02 9.845168406892e-03
6.055000000000e+02 9.379716670740e-03
6.060000000000e+02 9.124933683411e-03
6.065000000000e+02 9.089589100381e-03
6.070000000000e+02 9.269266600961e-03
6.075000000000e+02 9.646712957282e-03
6.080000000000e+02 1.019292451330e-02
6.085000000000e+02 1.086890402073e-02
6.090000000000e+02 1.162798075505e-02
6.095000000000e+02 1.241855344579e-02
6.100000000000e+02 1.318709084857e-02
6.105000000000e+02 1.388121026515e-02
6.110000000000e+02 1.445265085137e-02
6.115000000000e+02 1.485996632121e-02
6.120000000000e+02 1.507078013847e-02
6.125000000000e+02 1.506347430003e-02
6.130000000000e+02 1.482821858081e-02
6.135000000000e+02 1.436728837456e-02
6.140000000000e+02 1.369466343508e-02
6.145000000000e+02 1.283494413446e-02
6.150000000000e+02 1.182166354155e-02
6.155000000000e+02 1.069511009399e-02
6.160000000000e+02 9.499804633058e-03
6.165000000000e+02 8.281795312249e-03
6.170000000000e+02 7.085943186128e-03
6.175000000000e+02 5.953369602416e-03
6.180000000000e+02 4.919224022074e-03
6.185000000000e+02 4.010908421248e-03
6.190000000000e+02 3.246863458246e-03
6.195000000000e+02 2.635984122519e-03
6.200000000000e+02 2.177691031853e-03
6.205000000000e+02 1.862640572682e-03
6.210000000000e+02 1.674015434319e-03
6.215000000000e+02 1.589299429652e-03
6.220000000000e+02 1.582409222430e-03
6.225000000000e+02 1.626032685649e-03
6.230000000000e+02 1.694010551879e-03
6.235000000000e+02 1.763595612259e-03
6.240000000000e+02 1.817432124754e-03
6.245000000000e+02 1.845116762949e-03
6.250000000000e+02 1.844230178922e-03
6.255000000000e+02 1.820763292890e-03
6.260000000000e+02 1.788902517006e-03
6.265000000000e+02 1.770180705014e-03
6.270000000000e+02 1.792042964153e-03
6.275000000000e+02 1.885915852961e-03
6.280000000000e+02 2.084902381965e-03
6.285000000000e+02 2.421251441562e-03
6.290000000000e+02 2.923767092835e-03
6.295000000000e+02 3.615329454356e-03
6.300000000000e+02 4.510694247077e-03
6.305000000000e+02 5.614722658543e-03
6.310000000000e+02 6.921167975971e-03
6.315000000000e+02 8.412111956638e-03
6.320000000000e+02 1.005810422269e-02
6.325000000000e+02 1.181901455298e-02
6.330000000000e+02 1.364556350721e-02
6.335000000000e+02 1.548145414198e-02
6.340000000000e+02 1.726598934664e-02
6.345000000000e+02 1.893702795300e-02
6.350000000000e+02 2.043411024631e-02
6.355000000000e+02 2.170157127156e-02
6.360000000000e+02 2.269145919056e-02
6.365000000000e+02 2.336608601867e-02
6.370000000000e+02 2.370005876910e-02
6.375000000000e+02 2.368166911134e-02
6.380000000000e+02 2.331355727497e-02
6.385000000000e+02 2.261260879644e-02
6.390000000000e+02 2.160908818057e-02
6.395000000000e+02 2.034505883379e-02
6.400000000000e+02 1.887218093429e-02
6.405000000000e+02 1.724901563334e-02
6.410000000000e+02 1.553799287359e-02
6.415000000000e+02 1.380221939698e-02
6.420000000000e+02 1.210231202195e-02
6.425000000000e+02 1.049343849710e-02
6.430000000000e+02 9.022734383863e-03
6.435000000000e+02 7.727240370642e-03
6.440000000000e+02 6.632471694815e-03
6.445000000000e+02 5.751692000047e-03
6.450000000000e+02 5.085920447653e-03
6.455000000000e+02 4.624655945597e-03
6.460000000000e+02 4.347258754638e-03
6.465000000000e+02 4.224890181768e-03
6.470000000000e+02 4.222878019089e-03
6.475000000000e+02 4.303350859721e-03
6.480000000000e+02 4.427969908470e-03
6.485000000000e+02 4.560583258860e-03
6.490000000000e+02 4.669634998918e-03
6.495000000000e+02 4.730179411209e-03
6.500000000000e+02 4.725377763051e-03
6.505000000000e+02 4.647389972074e-03
6.510000000000e+02 4.497613539711e-03
6.515000000000e+02 4.286265001868e-03
6.520000000000e+02 4.031342015154e-03
6.525000000000e+02 3.757044349599e-03
6.530000000000e+02 3.491766943625e-03
6.535000000000e+02 3.265805583182e-03
6.540000000000e+02 3.108933963466e-03
6.545000000000e+02 3.048018734280e-03
6.550000000000e+02 3.104836136898e-03
6.555000000000e+02 3.294240217725e-03
6.560000000000e+02 3.622809236501e-03
6.565000000000e+02 4.088065278671e-03
6.570000000000e+02 4.678324262144e-03
6.575000000000e+02 5.373191923796e-03
6.580000000000e+02 6.144678649040e-03
6.585000000000e+02 6.958864910072e-03
6.590000000000e+02 7.778012246759e-03
6.595000000000e+02 8.562984531770e-03
6.600000000000e+02 9.275822663660e-03
6.605000000000e+02 9.882304240430e-03
6.610000000000e+02 1.035431896038e-02
6.615000000000e+02 1.067190057321e-02
6.620000000000e+02 1.082477656724e-02
6.625000000000e+02 1.081332618042e-02
6.630000000000e+02 1.064887393823e-02
6.635000000000e+02 1.035328746373e-02
6.640000000000e+02 9.957892169107e-03
6.645000000000e+02 9.501758862498e-03
6.650000000000e+02 9.029460547446e-03
6.655000000000e+02 8.588429204229e-03
6.660000000000e+02 8.226069924385e-03
6.665000000000e+02 7.986806714282e-03
6.670000000000e+02 7.909240483555e-03
6.675000000000e+02 8.023594751196e-03
6.680000000000e+02 8.349608697363e-03
6.685000000000e+02 8.895011307431e-03
6.690000000000e+02 9.654676066335e-03
6.695000000000e+02 1.061051506479e-02
6.700000000000e+02 1.173212697041e-02
6.705000000000e+02 1.297816783493e-02
6.710000000000e+02 1.429836996267e-02
6.715000000000e+02 1.563609476143e-02
6.720000000000e+02 1.693127306642e-02
6.725000000000e+02 1.812356287895e-02
6.730000000000e+02 1.915554124980e-02
6.735000000000e+02 1.997574497898e-02
6.740000000000e+02 2.054138402000e-02
6.745000000000e+02 2.082057139263e-02
6.750000000000e+02 2.079394278080e-02
6.755000000000e+02 2.045557599666e-02
6.760000000000e+02 1.981316282900e-02
6.765000000000e+02 1.888743083954e-02
6.770000000000e+02 1.771085763412e-02
6.775000000000e+02 1.632576224110e-02
6.780000000000e+02 1.478189488206e-02
6.785000000000e+02 1.313367537384e-02
6.790000000000e+02 1.143724989547e-02
6.795000000000e+02 9.747544723636e-03
6.800000000000e+02 8.115493287901e-03
6.805000000000e+02 6.585599722781e-03
6.810000000000e+02 5.193978878834e-03
6.815000000000e+02 3.966981010913e-03
6.820000000000e+02 2.920471126070e-03
6.825000000000e+02 2.059790688714e-03
6.830000000000e+02 1.380385732748e-03
6.835000000000e+02 8.690431845939e-04
6.840000000000e+02 5.056390237349e-04
6.845000000000e+02 2.652702005930e-04
6.850000000000e+02 1.206189802745e-04
6.855000000000e+02 4.438502903276e-05
6.860000000000e+02 1.161792099469e-05
6.865000000000e+02 1.790946260779e-06
6.870000000000e+02 4.755892982170e-07
6.875000000000e+02 5.036066018279e-07
6.880000000000e+02 2.538477070135e-06
6.885000000000e+02 1.501787743098e-05
6.890000000000e+02 5.347117907101e-05
6.895000000000e+02 1.392580462057e-04
6.900000000000e+02 2.978133295143e-04
6.905000000000e+02 5.565170735934e-04
6.910000000000e+02 9.423344187081e-04
6.915000000000e+02 1.479386791382e-03
6.920000000000e+02 2.186621952161e-03
6.925000000000e+02 3.075745773382e-03
6.930000000000e+02 4.149563317345e-03
6.935000000000e+02 5.400851813942e-03
6.940000000000e+02 6.811855051318e-03
6.945000000000e+02 8.354449568581e-03
6.950000000000e+02 9.990990339530e-03
6.955000000000e+02 1.167580005966e-02
6.960000000000e+02 1.335722445714e-02
6.965000000000e+02 1.498013889537e-02
6.970000000000e+02 1.648876129387e-02
6.975000000000e+02 1.782960501402e-02
6.980000000000e+02 1.895439423074e-02
6.985000000000e+02 1.982276419635e-02
6.990000000000e+02 2.040457976522e-02
6.995000000000e+02 2.068172695662e-02
7.000000000000e+02 2.064926290530e-02
7.005000000000e+02 2.031584741952e-02
7.010000000000e+02 1.970342221230e-02
7.015000000000e+02 1.884614905045e-02
7.020000000000e+02 1.778866278611e-02
7.025000000000e+02 1.658373672535e-02
7.030000000000e+02 1.528949347417e-02
7.035000000000e+02 1.396632206595e-02
7.040000000000e+02 1.267368009421e-02
7.045000000000e+02 1.146696663291e-02
7.050000000000e+02 1.039464747866e-02
7.055000000000e+02 9.495798952852e-03
7.060000000000e+02 8.798211101050e-03
7.065000000000e+02 8.317157191400e-03
7.070000000000e+02 8.054896044198e-03
7.075000000000e+02 8.000929417391e-03
7.080000000000e+02 8.132991167493e-03
7.085000000000e+02 8.418701011863e-03
7.090000000000e+02 8.817776141603e-03
7.095000000000e+02 9.284661106352e-03
7.100000000000e+02 9.771412319645e-03
7.105000000000e+02 1.023065967325e-02
7.110000000000e+02 1.061846491804e-02
7.115000000000e+02 1.089690479451e-02
7.120000000000e+02 1.103622580818e-02
7.125000000000e+02 1.101644581447e-02
7.130000000000e+02 1.082831339282e-02
7.135000000000e+02 1.047357707349e-02
7.140000000000e+02 9.964560231850e-03
7.145000000000e+02 9.323081123665e-03
7.150000000000e+02 8.578798357329e-03
7.155000000000e+02 7.767097526680e-03
7.160000000000e+02 6.926662551653e-03
7.165000000000e+02 6.096893771379e-03
7.170000000000e+02 5.315342875064e-03
7.175000000000e+02 4.615331877429e-03
7.180000000000e+02 4.023909773684e-03
7.185000000000e+02 3.560277150622e-03
7.190000000000e+02 3.234777408018e-03
7.195000000000e+02 3.048515404244e-03
7.200000000000e+02 2.993622718551e-03
7.205000000000e+02 3.054145993966e-03
7.210000000000e+02 3.207493730391e-03
7.215000000000e+02 3.426340072319e-03
7.220000000000e+02 3.680853941061e-03
7.225000000000e+02 3.941100236215e-03
7.230000000000e+02 4.179448167819e-03
7.235000000000e+02 4.372820837636e-03
7.240000000000e+02 4.504630040950e-03
7.245000000000e+02 4.566260296783e-03
7.250000000000e+02 4.557995073082e-03
7.255000000000e+02 4.489314221749e-03
7.260000000000e+02 4.378532490119e-03
7.265000000000e+02 4.251792032876e-03
7.270000000000e+02 4.141464367742e-03
7.275000000000e+02 4.084056482862e-03
7.280000000000e+02 4.117749294817e-03
7.285000000000e+02 4.279722214176e-03
7.290000000000e+02 4.603433535530e-03
7.295000000000e+02 5.116031667987e-03
7.300000000000e+02 5.836066466611e-03
7.305000000000e+02 6.771653417911e-03
7.310000000000e+02 7.919217153600e-03
7.315000000000e+02 9.262906315905e-03
7.320000000000e+02 1.077473129158e-02
7.325000000000e+02 1.241543227539e-02
7.330000000000e+02 1.413604025200e-02
7.335000000000e+02 1.588005059106e-02
7.340000000000e+02 1.758609071375e-02
7.345000000000e+02 1.919093210270e-02
7.350000000000e+02 2.063267475363e-02
7.355000000000e+02 2.185392040742e-02
7.360000000000e+02 2.280475031551e-02
7.365000000000e+02 2.344533394133e-02
7.370000000000e+02 2.374801625270e-02
7.375000000000e+02 2.369876182067e-02
7.380000000000e+02 2.329787193607e-02
7.385000000000e+02 2.255993405193e-02
7.390000000000e+02 2.151300840520e-02
7.395000000000e+02 2.019710186322e-02
7.400000000000e+02 1.866202109811e-02
7.405000000000e+02 1.696473353467e-02
7.410000000000e+02 1.516639291828e-02
7.415000000000e+02 1.332920508120e-02
7.420000000000e+02 1.151331742296e-02
7.425000000000e+02 9.773912311793e-03
7.430000000000e+02 8.158670308045e-03
7.435000000000e+02 6.705744739514e-03
7.440000000000e+02 5.442356279518e-03
7.445000000000e+02 4.384076874853e-03
7.450000000000e+02 3.534829119271e-03
7.455000000000e+02 2.887582685505e-03
7.460000000000e+02 2.425686499391e-03
7.465000000000e+02 2.124736640344e-03
7.470000000000e+02 1.954847886647e-03
7.475000000000e+02 1.883173368950e-03
7.480000000000e+02 1.876503380975e-03
7.485000000000e+02 1.903771814362e-03
7.490000000000e+02 1.938307041492e-03
7.495000000000e+02 1.959682780981e-03
7.500000000000e+02 1.955052307524e-03
7.505000000000e+02 1.919884499457e-03
7.510000000000e+02 1.858060383909e-03
7.515000000000e+02 1.781331456646e-03
7.520000000000e+02 1.708183387857e-03
7.525000000000e+02 1.662188064397e-03
7.530000000000e+02 1.669960747091e-03
7.535000000000e+02 1.758865275779e-03
7.540000000000e+02 1.954627062561e-03
7.545000000000e+02 2.279019999596e-03
7.550000000000e+02 2.747788960916e-03
7.555000000000e+02 3.368954577024e-03
7.560000000000e+02 4.141622359304e-03
7.565000000000e+02 5.055385613534e-03
7.570000000000e+02 6.090372986903e-03
7.575000000000e+02 7.217949402870e-03
7.580000000000e+02 8.402036240825e-03
7.585000000000e+02 9.600975658074e-03
7.590000000000e+02 1.076982755813e-02
7.595000000000e+02 1.186295822570e-02
7.600000000000e+02 1.283675898722e-02
7.605000000000e+02 1.365232277366e-02
7.610000000000e+02 1.427790687685e-02
7.615000000000e+02 1.469102153074e-02
7.620000000000e+02 1.488000555385e-02
7.625000000000e+02 1.484498084753e-02
7.630000000000e+02 1.459811517516e-02
7.635000000000e+02 1.416316501923e-02
7.640000000000e+02 1.357431478750e-02
7.645000000000e+02 1.287437243755e-02
7.650000000000e+02 1.211242196685e-02
7.655000000000e+02 1.134106763356e-02
7.660000000000e+02 1.061343105850e-02
7.665000000000e+02 9.980078841432e-03
7.670000000000e+02 9.486063942569e-03
7.675000000000e+02 9.168258445240e-03
7.680000000000e+02 9.053138744265e-03
7.685000000000e+02 9.155157690644e-03
7.690000000000e+02 9.475803384670e-03
7.695000000000e+02 1.000340328253e-02
7.700000000000e+02 1.071368758987e-02
7.705000000000e+02 1.157108031295e-02
7.710000000000e+02 1.253064263559e-02
7.715000000000e+02 1.354055418206e-02
7.720000000000e+02 1.454498562109e-02
7.725000000000e+02 1.548719293729e-02
7.730000000000e+02 1.631265095763e-02
7.735000000000e+02 1.697204214030e-02
7.740000000000e+02 1.742392628510e-02
7.745000000000e+02 1.763693708369e-02
7.750000000000e+02 1.759138101378e-02
7.755000000000e+02 1.728015113158e-02
7.760000000000e+02 1.670891051351e-02
7.765000000000e+02 1.589554480531e-02
7.770000000000e+02 1.486892776945e-02
7.775000000000e+02 1.366708512251e-02
7.780000000000e+02 1.233487775912e-02
7.785000000000e+02 1.092135346673e-02
7.790000000000e+02 9.476934735262e-03
7.795000000000e+02 8.050618151919e-03
7.800000000000e+02 6.687357706799e-03
7.805000000000e+02 5.425790376435e-03
7.810000000000e+02 4.296438538837e-03
7.815000000000e+02 3.320491657115e-03
7.820000000000e+02 2.509231324004e-03
7.825000000000e+02 1.864121645561e-03
7.830000000000e+02 1.377543750455e-03
7.835000000000e+02 1.034111693342e-03
7.840000000000e+02 8.124698155720e-04
7.845000000000e+02 6.874410926660e-04
7.850000000000e+02 6.323740661684e-04
7.855000000000e+02 6.215240074103e-04
7.860000000000e+02 6.323027352272e-04
7.865000000000e+02 6.472410681321e-04
7.870000000000e+02 6.555276057429e-04
7.875000000000e+02 6.540161297217e-04
7.880000000000e+02 6.476295503848e-04
7.885000000000e+02 6.491287114461e-04
7.890000000000e+02 6.782569080188e-04
7.895000000000e+02 7.603129384912e-04
7.900000000000e+02 9.242441988018e-04
7.905000000000e+02 1.200384243121e-03
7.910000000000e+02 1.617984245574e-03
7.915000000000e+02 2.202703270585e-03
7.920000000000e+02 2.974227163951e-03
7.925000000000e+02 3.944179851872e-03
7.930000000000e+02 5.114474212496e-03
7.935000000000e+02 6.476223468934e-03
7.940000000000e+02 8.009299860524e-03
7.945000000000e+02 9.682587306093e-03
7.950000000000e+02 1.145493138281e-02
7.955000000000e+02 1.327674592953e-02
7.960000000000e+02 1.509219371678e-02
7.965000000000e+02 1.684182155283e-02
7.970000000000e+02 1.846550027057e-02
7.975000000000e+02 1.990549917698e-02
7.980000000000e+02 2.110951409570e-02
7.985000000000e+02 2.203346879859e-02
7.990000000000e+02 2.264392141237e-02
7.995000000000e+02 2.291992961852e-02
8.000000000000e+02 2.285425979817e-02
8.005000000000e+02 2.245386380214e-02
8.010000000000e+02 2.173959038643e-02
8.015000000000e+02 2.074514388161e-02
8.020000000000e+02 1.951534755479e-02
8.025000000000e+02 1.810381060708e-02
8.030000000000e+02 1.657013326902e-02
8.035000000000e+02 1.497681182002e-02
8.040000000000e+02 1.338602288134e-02
8.045000000000e+02 1.185647294070e-02
8.050000000000e+02 1.044049436472e-02
8.055000000000e+02 9.181553447397e-03
8.060000000000e+02 8.112310318916e-03
8.065000000000e+02 7.253336406154e-03
8.070000000000e+02 6.612554725186e-03
8.075000000000e+02 6.185424109940e-03
8.080000000000e+02 5.955843285030e-03
8.085000000000e+02 5.897707274602e-03
8.090000000000e+02 5.977009686205e-03
8.095000000000e+02 6.154352315838e-03
8.100000000000e+02 6.387700250407e-03
8.105000000000e+02 6.635207601161e-03
8.110000000000e+02 6.857936948157e-03
8.115000000000e+02 7.022304581625e-03
8.120000000000e+02 7.102103068654e-03
8.125000000000e+02 7.079981277409e-03
8.130000000000e+02 6.948297908716e-03
8.135000000000e+02 6.709305515118e-03
8.140000000000e+02 6.374665321034e-03
8.145000000000e+02 5.964336141064e-03
8.150000000000e+02 5.504920604442e-03
8.155000000000e+02 5.027586211229e-03
8.160000000000e+02 4.565705310591e-03
8.165000000000e+02 4.152375239722e-03
8.170000000000e+02 3.817986532240e-03
8.175000000000e+02 3.588002901445e-03
8.180000000000e+02 3.481101924638e-03
8.185000000000e+02 3.507800967531e-03
8.190000000000e+02 3.669660472717e-03
8.195000000000e+02 3.959118381347e-03
8.200000000000e+02 4.359967628981e-03
8.205000000000e+02 4.848446041355e-03
8.210000000000e+02 5.394867290899e-03
8.215000000000e+02 5.965685473608e-03
8.220000000000e+02 6.525856653611e-03
8.225000000000e+02 7.041340287358e-03
8.230000000000e+02 7.481573112751e-03
8.235000000000e+02 7.821748560984e-03
8.240000000000e+02 8.044746024496e-03
8.245000000000e+02 8.142575711023e-03
8.250000000000e+02 8.117235003251e-03
8.255000000000e+02 7.980909337348e-03
8.260000000000e+02 7.755492279013e-03
8.265000000000e+02 7.471443083722e-03
8.270000000000e+02 7.166042818602e-03
8.275000000000e+02 6.881149380075e-03
8.280000000000e+02 6.660584960926e-03
8.285000000000e+02 6.547314573309e-03
8.290000000000e+02 6.580589498022e-03
8.295000000000e+02 6.793233992791e-03
8.300000000000e+02 7.209246918294e-03
8.305000000000e+02 7.841872491051e-03
8.310000000000e+02 8.692267186750e-03
8.315000000000e+02 9.748854547024e-03
8.320000000000e+02 1.098741844917e-02
8.325000000000e+02 1.237194081992e-02
8.330000000000e+02 1.385614456555e-02
8.335000000000e+02 1.538565945306e-02
8.340000000000e+02 1.690069048110e-02
8.345000000000e+02 1.833903729948e-02
8.350000000000e+02 1.963929140150e-02
8.355000000000e+02 2.074402648668e-02
8.360000000000e+02 2.160279728420e-02
8.365000000000e+02 2.217477325454e-02
8.370000000000e+02 2.243085526609e-02
8.375000000000e+02 2.235515423819e-02
8.380000000000e+02 2.194574894320e-02
8.385000000000e+02 2.121468330782e-02
8.390000000000e+02 2.018720898305e-02
8.395000000000e+02 1.890032385870e-02
8.400000000000e+02 1.740069881727e-02
8.405000000000e+02 1.574212079552e-02
8.410000000000e+02 1.398260796211e-02
8.415000000000e+02 1.218137084428e-02
8.420000000000e+02 1.039580047114e-02
8.425000000000e+02 8.678660647548e-03
8.430000000000e+02 7.075646633407e-03
8.435000000000e+02 5.623447756032e-03
8.440000000000e+02 4.348418426820e-03
8.445000000000e+02 3.265922777347e-03
8.450000000000e+02 2.380375167186e-03
8.455000000000e+02 1.685954863333e-03
8.460000000000e+02 1.167931017563e-03
8.465000000000e+02 8.044963220531e-04
8.470000000000e+02 5.689767648555e-04
8.475000000000e+02 4.322626594195e-04
8.480000000000e+02 3.652939539647e-04
8.485000000000e+02 3.414314629165e-04
8.490000000000e+02 3.385551432128e-04
8.495000000000e+02 3.407502147452e-04
8.500000000000e+02 3.394705020974e-04
8.505000000000e+02 3.341039968146e-04
8.510000000000e+02 3.319060034415e-04
8.515000000000e+02 3.473077374795e-04
8.520000000000e+02 4.006501549050e-04
8.525000000000e+02 5.164314160964e-04
8.530000000000e+02 7.211892380488e-04
8.535000000000e+02 1.041164351487e-03
8.540000000000e+02 1.499906740609e-03
8.545000000000e+02 2.115991293839e-03
8.550000000000e+02 2.901003594752e-03
8.555000000000e+02 3.857940184621e-03
8.560000000000e+02 4.980141753134e-03
8.565000000000e+02 6.250843987802e-03
8.570000000000e+02 7.643391365468e-03
8.575000000000e+02 9.122116499215e-03
8.580000000000e+02 1.064384447129e-02
8.585000000000e+02 1.215994063718e-02
8.590000000000e+02 1.361878429485e-02
8.595000000000e+02 1.496852169366e-02
8.600000000000e+02 1.615993198149e-02
8.605000000000e+02 1.714923016241e-02
8.610000000000e+02 1.790063261893e-02
8.615000000000e+02 1.838852320974e-02
8.620000000000e+02 1.859908066015e-02
8.625000000000e+02 1.853125955000e-02
8.630000000000e+02 1.819705573760e-02
8.635000000000e+02 1.762103016616e-02
8.640000000000e+02 1.683911001327e-02
8.645000000000e+02 1.589673026915e-02
8.650000000000e+02 1.484641932175e-02
8.655000000000e+02 1.374496645815e-02
8.660000000000e+02 1.265033521685e-02
8.665000000000e+02 1.161850260907e-02
8.670000000000e+02 1.070040935227e-02
8.675000000000e+02 9.939200086872e-03
8.680000000000e+02 9.367915443672e-03
8.685000000000e+02 9.007770836153e-03
8.690000000000e+02 8.867121629947e-03
8.695000000000e+02 8.941173059061e-03
8.700000000000e+02 9.212448462576e-03
8.705000000000e+02 9.651983869246e-03
8.710000000000e+02 1.022117346890e-02
8.715000000000e+02 1.087415175671e-02
8.720000000000e+02 1.156056649948e-02
8.725000000000e+02 1.222857408646e-02
8.730000000000e+02 1.282787666028e-02
8.735000000000e+02 1.331261939314e-02
8.740000000000e+02 1.364397640342e-02
8.745000000000e+02 1.379227442611e-02
8.750000000000e+02 1.373853313240e-02
8.755000000000e+02 1.347533804761e-02
8.760000000000e+02 1.300700400189e-02
8.765000000000e+02 1.234903132179e-02
8.770000000000e+02 1.152690075748e-02
8.775000000000e+02 1.057429370141e-02
8.780000000000e+02 9.530859064581e-03
8.785000000000e+02 8.439675079116e-03
8.790000000000e+02 7.344571638479e-03
8.795000000000e+02 6.287485525289e-03
8.800000000000e+02 5.306016636827e-03
8.805000000000e+02 4.431338423191e-03
8.810000000000e+02 3.686591194114e-03
8.815000000000e+02 3.085854332145e-03
8.820000000000e+02 2.633754879561e-03
8.825000000000e+02 2.325727926326e-03
8.830000000000e+02 2.148901412457e-03
8.835000000000e+02 2.083537111051e-03
8.840000000000e+02 2.104923288982e-03
8.845000000000e+02 2.185585167341e-03
8.850000000000e+02 2.297658698434e-03
8.855000000000e+02 2.415262655670e-03
8.860000000000e+02 2.516704269450e-03
8.865000000000e+02 2.586364622726e-03
8.870000000000e+02 2.616131045719e-03
8.875000000000e+02 2.606273481433e-03
8.880000000000e+02 2.565698336348e-03
8.885000000000e+02 2.511554352356e-03
8.890000000000e+02 2.468207915353e-03
8.895000000000e+02 2.465647208801e-03
8.900000000000e+02 2.537413033205e-03
8.905000000000e+02 2.718186471903e-03
8.910000000000e+02 3.041187795344e-03
8.915000000000e+02 3.535555475954e-03
8.920000000000e+02 4.223877962655e-03
8.925000000000e+02 5.120043641005e-03
8.930000000000e+02 6.227556579463e-03
8.935000000000e+02 7.538438304106e-03
8.940000000000e+02 9.032800626421e-03
8.945000000000e+02 1.067913364778e-02
8.950000000000e+02 1.243530901891e-02
8.955000000000e+02 1.425025409055e-02
8.960000000000e+02 1.606621053230e-02
8.965000000000e+02 1.782145396026e-02
8.970000000000e+02 1.945332143493e-02
8.975000000000e+02 2.090137324783e-02
8.980000000000e+02 2.211050551881e-02
8.985000000000e+02 2.303383142854e-02
8.990000000000e+02 2.363516137098e-02
8.995000000000e+02 2.389093519082e-02
9.000000000000e+02 2.379149158519e-02
9.005000000000e+02 2.334159874629e-02
9.010000000000e+02 2.256021401153e-02
9.015000000000e+02 2.147948598294e-02
9.020000000000e+02 2.014305746888e-02
9.025000000000e+02 1.860376892563e-02
9.030000000000e+02 1.692089729561e-02
9.035000000000e+02 1.515709209255e-02
9.040000000000e+02 1.337518762725e-02
9.045000000000e+02 1.163507637301e-02
9.050000000000e+02 9.990823289377e-03
9.055000000000e+02 8.488184810972e-03
9.060000000000e+02 7.162670197779e-03
9.065000000000e+02 6.038248679845e-03
9.070000000000e+02 5.126765468799e-03
9.075000000000e+02 4.428085780626e-03
9.080000000000e+02 3.930941262409e-03
9.085000000000e+02 3.614410429109e-03
9.090000000000e+02 3.449926549785e-03
9.095000000000e+02 3.403675234610e-03
9.100000000000e+02 3.439221677491e-03
9.105000000000e+02 3.520195452590e-03
9.110000000000e+02 3.612859647907e-03
9.115000000000e+02 3.688400955420e-03
9.120000000000e+02 3.724797446248e-03
9.125000000000e+02 3.708149815969e-03
9.130000000000e+02 3.633398004010e-03
9.135000000000e+02 3.504385945759e-03
9.140000000000e+02 3.333280187046e-03
9.145000000000e+02 3.139390430772e-03
9.150000000000e+02 2.947479094907e-03
9.155000000000e+02 2.785680155935e-03
9.160000000000e+02 2.683172823366e-03
9.165000000000e+02 2.667771337179e-03
9.170000000000e+02 2.763597406819e-03
9.175000000000e+02 2.988996195072e-03
9.180000000000e+02 3.354840660104e-03
9.185000000000e+02 3.863343539684e-03
9.190000000000e+02 4.507462929570e-03
9.195000000000e+02 5.270948408312e-03
9.200000000000e+02 6.129032490127e-03
9.205000000000e+02 7.049729548711e-03
9.210000000000e+02 7.995663982299e-03
9.215000000000e+02 8.926313880009e-03
9.220000000000e+02 9.800528091596e-03
9.225000000000e+02 1.057915523819e-02
9.230000000000e+02 1.122761410359e-02
9.235000000000e+02 1.171823663876e-02
9.240000000000e+02 1.203222743231e-02
9.245000000000e+02 1.216110619504e-02
9.250000000000e+02 1.210753118674e-02
9.255000000000e+02 1.188543963304e-02
9.260000000000e+02 1.151948366292e-02
9.265000000000e+02 1.104378448258e-02
9.270000000000e+02 1.050007061469e-02
9.275000000000e+02 9.935305353828e-03
9.280000000000e+02 9.398941633689e-03
9.285000000000e+02 8.939967165501e-03
9.290000000000e+02 8.603917409263e-03
9.295000000000e+02 8.430037715690e-03
9.300000000000e+02 8.448768545319e-03
9.305000000000e+02 8.679709449305e-03
9.310000000000e+02 9.130189576503e-03
9.315000000000e+02 9.794536552751e-03
9.320000000000e+02 1.065409386247e-02
9.325000000000e+02 1.167799191599e-02
9.330000000000e+02 1.282463257938e-02
9.335000000000e+02 1.404380388075e-02
9.340000000000e+02 1.527930354691e-02
9.345000000000e+02 1.647191931946e-02
9.350000000000e+02 1.756259254391e-02
9.355000000000e+02 1.849558064046e-02
9.360000000000e+02 1.922143441569e-02
9.365000000000e+02 1.969961772668e-02
9.370000000000e+02 1.990061903462e-02
9.375000000000e+02 1.980743550587e-02
9.380000000000e+02 1.941634859359e-02
9.385000000000e+02 1.873695307972e-02
9.390000000000e+02 1.779144670246e-02
9.395000000000e+02 1.661323193803e-02
9.400000000000e+02 1.524492250074e-02
9.405000000000e+02 1.373588214512e-02
9.410000000000e+02 1.213945025278e-02
9.415000000000e+02 1.051002583189e-02
9.420000000000e+02 8.900187930170e-03
9.425000000000e+02 7.358025724055e-03
9.430000000000e+02 5.924836052091e-03
9.435000000000e+02 4.633320941350e-03
9.440000000000e+02 3.506384368060e-03
9.445000000000e+02 2.556588239352e-03
9.450000000000e+02 1.786284888745e-03
9.455000000000e+02 1.188399961511e-03
9.460000000000e+02 7.477981801389e-04
9.465000000000e+02 4.431277420911e-04
9.470000000000e+02 2.490093272788e-04
9.475000000000e+02 1.384147488728e-04
9.480000000000e+02 8.506947148864e-05
9.485000000000e+02 6.571320217945e-05
9.490000000000e+02 6.206350141093e-05
9.495000000000e+02 6.234814836156e-05
9.500000000000e+02 6.230147365425e-05
9.505000000000e+02 6.555613680987e-05
9.510000000000e+02 8.340253777093e-05
9.515000000000e+02 1.339305911105e-04
9.520000000000e+02 2.406102206451e-04
9.525000000000e+02 4.304049704792e-04
9.530000000000e+02 7.315451222053e-04
9.535000000000e+02 1.171110585889e-03
9.540000000000e+02 1.772588037688e-03
9.545000000000e+02 2.553570365895e-03
9.550000000000e+02 3.523759190385e-03
9.555000000000e+02 4.683413460257e-03
9.560000000000e+02 6.022359999476e-03
9.565000000000e+02 7.519647047621e-03
9.570000000000e+02 9.143881512070e-03
9.575000000000e+02 1.085424734497e-02
9.580000000000e+02 1.260215891525e-02
9.585000000000e+02 1.433346221877e-02
9.590000000000e+02 1.599106086685e-02
9.595000000000e+02 1.751781530591e-02
9.600000000000e+02 1.885954448515e-02
9.605000000000e+02 1.996795046172e-02
9.610000000000e+02 2.080328881761e-02
9.615000000000e+02 2.133662116707e-02
9.620000000000e+02 2.155150967477e-02
9.625000000000e+02 2.144504595831e-02
9.630000000000e+02 2.102814603351e-02
9.635000000000e+02 2.032508666559e-02
9.640000000000e+02 1.937230392204e-02
9.645000000000e+02 1.821651907621e-02
9.650000000000e+02 1.691229754194e-02
9.655000000000e+02 1.551918071792e-02
9.660000000000e+02 1.409855636549e-02
9.665000000000e+02 1.271044884030e-02
9.670000000000e+02 1.141041517090e-02
9.675000000000e+02 1.024672633780e-02
9.680000000000e+02 9.257995566950e-03
9.685000000000e+02 8.471388100568e-03
9.690000000000e+02 7.901511443122e-03
9.695000000000e+02 7.550043700590e-03
9.700000000000e+02 7.406112900498e-03
9.705000000000e+02 7.447394867122e-03
9.710000000000e+02 7.641854130259e-03
9.715000000000e+02 7.950014123231e-03
9.720000000000e+02 8.327611923514e-03
9.725000000000e+02 8.728470898917e-03
9.730000000000e+02 9.107413162752e-03
9.735000000000e+02 9.423033376862e-03
9.740000000000e+02 9.640166141570e-03
9.745000000000e+02 9.731900254358e-03
9.750000000000e+02 9.681023137237e-03
9.755000000000e+02 9.480815801661e-03
9.760000000000e+02 9.135160477935e-03
9.765000000000e+02 8.657966836199e-03
9.770000000000e+02 8.071965800025e-03
9.775000000000e+02 7.406959589157e-03
9.780000000000e+02 6.697650336541e-03
9.785000000000e+02 5.981195301394e-03
9.790000000000e+02 5.294652751153e-03
9.795000000000e+02 4.672488032763e-03
9.800000000000e+02 4.144303892192e-03
9.805000000000e+02 3.732943117724e-03
9.810000000000e+02 3.453086132157e-03
9.815000000000e+02 3.310432894461e-03
9.820000000000e+02 3.301519541041e-03
9.825000000000e+02 3.414178105249e-03
9.830000000000e+02 3.628605105565e-03
9.835000000000e+02 3.918964518763e-03
9.840000000000e+02 4.255415239698e-03
9.845000000000e+02 4.606424849538e-03
9.850000000000e+02 4.941212190432e-03
9.855000000000e+02 5.232152128248e-03
9.860000000000e+02 5.456977578685e-03
9.865000000000e+02 5.600626289342e-03
9.870000000000e+02 5.656602242752e-03
9.875000000000e+02 5.627752469234e-03
9.880000000000e+02 5.526397581889e-03
9.885000000000e+02 5.373796095462e-03
9.890000000000e+02 5.198965915838e-03
9.895000000000e+02 5.036928531350e-03
9.900000000000e+02 4.926479711485e-03
9.905000000000e+02 4.907622469481e-03
9.910000000000e+02 5.018821613223e-03
9.915000000000e+02 5.294252855040e-03
9.920000000000e+02 5.761222260935e-03
9.925000000000e+02 6.437923555107e-03
9.930000000000e+02 7.331681918809e-03
9.935000000000e+02 8.437804560643e-03
9.940000000000e+02 9.739122218442e-03
9.945000000000e+02 1.120626410004e-02
9.950000000000e+02 1.279866415619e-02
9.955000000000e+02 1.446625177005e-02
9.960000000000e+02 1.615173773030e-02
9.965000000000e+02 1.779336936170e-02
9.970000000000e+02 1.932799922906e-02
9.975000000000e+02 2.069429175612e-02
9.980000000000e+02 2.183588267740e-02
9.985000000000e+02 2.270430807351e-02
9.990000000000e+02 2.326153273837e-02
9.995000000000e+02 2.348193100273e-02
1.000000000000e+03 2.335360546262e-02
