# time(fs)  |c_e1|^2/n0  (N=1, n0=1e-3, NVIB=2)
0.000000000000e+00 0.000000000000e+00
5.000000000000e-01 3.322234514667e-07
1.000000000000e+00 5.279452847662e-06
1.500000000000e+00 2.642493762437e-05
2.000000000000e+00 8.219467731478e-05
2.500000000000e+00 1.965911563367e-04
3.000000000000e+00 3.975233108457e-04
3.500000000000e+00 7.148286789013e-04
4.000000000000e+00 1.178101823783e-03
4.500000000000e+00 1.814455008525e-03
5.000000000000e+00 2.646342084469e-03
5.500000000000e+00 3.689574357911e-03
6.000000000000e+00 4.951647923072e-03
6.500000000000e+00 6.430486084921e-03
7.000000000000e+00 8.113678883980e-03
7.500000000000e+00 9.978275505035e-03
8.000000000000e+00 1.199115590389e-02
8.500000000000e+00 1.410997687174e-02
9.000000000000e+00 1.628465660705e-02
9.500000000000e+00 1.845933233421e-02
1.000000000000e+01 2.057469915526e-02
1.050000000000e+01 2.257061654870e-02
1.100000000000e+01 2.438885290017e-02
1.150000000000e+01 2.597582904933e-02
1.200000000000e+01 2.728521958860e-02
1.250000000000e+01 2.828027574728e-02
1.300000000000e+01 2.893574591847e-02
1.350000000000e+01 2.923928867360e-02
1.400000000000e+01 2.919229754614e-02
1.450000000000e+01 2.881008573861e-02
1.500000000000e+01 2.812141076523e-02
1.550000000000e+01 2.716735226542e-02
1.600000000000e+01 2.599958910215e-02
1.650000000000e+01 2.467815269027e-02
1.700000000000e+01 2.326876067064e-02
1.750000000000e+01 2.183985711147e-02
1.800000000000e+01 2.045950119138e-02
1.850000000000e+01 1.919225495125e-02
1.900000000000e+01 1.809622167455e-02
1.950000000000e+01 1.722037969292e-02
2.000000000000e+01 1.660234222759e-02
2.050000000000e+01 1.626665296939e-02
2.100000000000e+01 1.622370055207e-02
2.150000000000e+01 1.646930425380e-02
2.200000000000e+01 1.698498977557e-02
2.250000000000e+01 1.773893953713e-02
2.300000000000e+01 1.868756839857e-02
2.350000000000e+01 1.977764479919e-02
2.400000000000e+01 2.094885060360e-02
2.450000000000e+01 2.213665182681e-02
2.500000000000e+01 2.327533792703e-02
2.550000000000e+01 2.430108023160e-02
2.600000000000e+01 2.515486059148e-02
2.650000000000e+01 2.578512942542e-02
2.700000000000e+01 2.615006750702e-02
2.750000000000e+01 2.621934718329e-02
2.800000000000e+01 2.597531516580e-02
2.850000000000e+01 2.541354907611e-02
2.900000000000e+01 2.454277204234e-02
2.950000000000e+01 2.338414214435e-02
3.000000000000e+01 2.196996472011e-02
3.050000000000e+01 2.034190391251e-02
3.100000000000e+01 1.854879393379e-02
3.150000000000e+01 1.664416917956e-02
3.200000000000e+01 1.468364464460e-02
3.250000000000e+01 1.272228352403e-02
3.300000000000e+01 1.081208720921e-02
3.350000000000e+01 8.999734270786e-03
3.400000000000e+01 7.324679954659e-03
3.450000000000e+01 5.817707022600e-03
3.500000000000e+01 4.499993552354e-03
3.550000000000e+01 3.382734896221e-03
3.600000000000e+01 2.467326868642e-03
3.650000000000e+01 1.746086962209e-03
3.700000000000e+01 1.203461558156e-03
3.750000000000e+01 8.176412087422e-04
3.800000000000e+01 5.624844862328e-04
3.850000000000e+01 4.096347499740e-04
3.900000000000e+01 3.307043499655e-04
3.950000000000e+01 2.993977884571e-04
4.000000000000e+01 2.934493780252e-04
4.050000000000e+01 2.962617681314e-04
4.100000000000e+01 2.981487997710e-04
4.150000000000e+01 2.971085871588e-04
4.200000000000e+01 2.990793195762e-04
4.250000000000e+01 3.176595963968e-04
4.300000000000e+01 3.733055675022e-04
4.350000000000e+01 4.920470908966e-04
4.400000000000e+01 7.037928996763e-04
4.450000000000e+01 1.040318860474e-03
4.500000000000e+01 1.533052466768e-03
4.550000000000e+01 2.210779670713e-03
4.600000000000e+01 3.097406274882e-03
4.650000000000e+01 4.209905003418e-03
4.700000000000e+01 5.556571065755e-03
4.750000000000e+01 7.135693919487e-03
4.800000000000e+01 8.934731803040e-03
4.850000000000e+01 1.093004954293e-02
4.900000000000e+01 1.308725051406e-02
4.950000000000e+01 1.536210199851e-02
5.000000000000e+01 1.770202122442e-02
5.050000000000e+01 2.004805878034e-02
5.100000000000e+01 2.233728850777e-02
5.150000000000e+01 2.450548986736e-02
5.200000000000e+01 2.648999140624e-02
5.250000000000e+01 2.823253328420e-02
5.300000000000e+01 2.968200346711e-02
5.350000000000e+01 3.079690639140e-02
5.400000000000e+01 3.154743451312e-02
5.450000000000e+01 3.191703161849e-02
5.500000000000e+01 3.190336119590e-02
5.550000000000e+01 3.151862233528e-02
5.600000000000e+01 3.078918804560e-02
5.650000000000e+01 2.975457489910e-02
5.700000000000e+01 2.846578678104e-02
5.750000000000e+01 2.698310746225e-02
5.800000000000e+01 2.537344503250e-02
5.850000000000e+01 2.370735447063e-02
5.900000000000e+01 2.205588148514e-02
5.950000000000e+01 2.048738036579e-02
6.000000000000e+01 1.906446038289e-02
6.050000000000e+01 1.784120913711e-02
6.100000000000e+01 1.686082750636e-02
6.150000000000e+01 1.615379015841e-02
6.200000000000e+01 1.573661908387e-02
6.250000000000e+01 1.561132664868e-02
6.300000000000e+01 1.576555090214e-02
6.350000000000e+01 1.617337108897e-02
6.400000000000e+01 1.679675733137e-02
6.450000000000e+01 1.758757705135e-02
6.500000000000e+01 1.849005352501e-02
6.550000000000e+01 1.944355038981e-02
6.600000000000e+01 2.038554104172e-02
6.650000000000e+01 2.125461436846e-02
6.700000000000e+01 2.199336849135e-02
6.750000000000e+01 2.255105199324e-02
6.800000000000e+01 2.288582701137e-02
6.850000000000e+01 2.296654971375e-02
6.900000000000e+01 2.277398979257e-02
6.950000000000e+01 2.230144039379e-02
7.000000000000e+01 2.155470162589e-02
7.050000000000e+01 2.055145291089e-02
7.100000000000e+01 1.932006021710e-02
7.150000000000e+01 1.789789213469e-02
7.200000000000e+01 1.632924242790e-02
7.250000000000e+01 1.466297498177e-02
7.300000000000e+01 1.295001910889e-02
7.350000000000e+01 1.124084847234e-02
7.400000000000e+01 9.583075241657e-03
7.450000000000e+01 8.019282696819e-03
7.500000000000e+01 6.585204850150e-03
7.550000000000e+01 5.308341563663e-03
7.600000000000e+01 4.207073192103e-03
7.650000000000e+01 3.290311247687e-03
7.700000000000e+01 2.557692393798e-03
7.750000000000e+01 2.000293737544e-03
7.800000000000e+01 1.601819409003e-03
7.850000000000e+01 1.340183228571e-03
7.900000000000e+01 1.189391172570e-03
7.950000000000e+01 1.121611447381e-03
8.000000000000e+01 1.109310111345e-03
8.050000000000e+01 1.127326874616e-03
8.100000000000e+01 1.154769159230e-03
8.150000000000e+01 1.176612565649e-03
8.200000000000e+01 1.184912072941e-03
8.250000000000e+01 1.179549776361e-03
8.300000000000e+01 1.168470630273e-03
8.350000000000e+01 1.167386174887e-03
8.400000000000e+01 1.198956072775e-03
8.450000000000e+01 1.291486871318e-03
8.500000000000e+01 1.477215139576e-03
8.550000000000e+01 1.790266484210e-03
8.600000000000e+01 2.264401579686e-03
8.650000000000e+01 2.930674137092e-03
8.700000000000e+01 3.815132878526e-03
8.750000000000e+01 4.936699620220e-03
8.800000000000e+01 6.305348417482e-03
8.850000000000e+01 7.920696694311e-03
8.900000000000e+01 9.771099048421e-03
8.950000000000e+01 1.183330900762e-02
9.000000000000e+01 1.407274471388e-02
9.050000000000e+01 1.644436285772e-02
9.100000000000e+01 1.889411283363e-02
9.150000000000e+01 2.136091174960e-02
9.200000000000e+01 2.377905227823e-02
9.250000000000e+01 2.608093092680e-02
9.300000000000e+01 2.819996546531e-02
9.350000000000e+01 3.007355804310e-02
9.400000000000e+01 3.164595565862e-02
9.450000000000e+01 3.287086246384e-02
9.500000000000e+01 3.371366881123e-02
9.550000000000e+01 3.415317953492e-02
9.600000000000e+01 3.418274784196e-02
9.650000000000e+01 3.381075018764e-02
9.700000000000e+01 3.306037016065e-02
9.750000000000e+01 3.196869402239e-02
9.800000000000e+01 3.058515532626e-02
9.850000000000e+01 2.896939919839e-02
9.900000000000e+01 2.718866657660e-02
9.950000000000e+01 2.531482344660e-02
1.000000000000e+02 2.342117851775e-02
1.005000000000e+02 2.157924384359e-02
1.010000000000e+02 1.985559600304e-02
1.015000000000e+02 1.830899041365e-02
1.020000000000e+02 1.698786840666e-02
1.025000000000e+02 1.592837651183e-02
1.030000000000e+02 1.515299107462e-02
1.035000000000e+02 1.466981023990e-02
1.040000000000e+02 1.447254117050e-02
1.045000000000e+02 1.454117495024e-02
1.050000000000e+02 1.484330684340e-02
1.055000000000e+02 1.533602730339e-02
1.060000000000e+02 1.596828103651e-02
1.065000000000e+02 1.668356900085e-02
1.070000000000e+02 1.742285258401e-02
1.075000000000e+02 1.812751111047e-02
1.080000000000e+02 1.874220361236e-02
1.085000000000e+02 1.921749335395e-02
1.090000000000e+02 1.951210840435e-02
1.095000000000e+02 1.959473269893e-02
1.100000000000e+02 1.944524830613e-02
1.105000000000e+02 1.905537950984e-02
1.110000000000e+02 1.842872121859e-02
1.115000000000e+02 1.758016640217e-02
1.120000000000e+02 1.653477802690e-02
1.125000000000e+02 1.532617877157e-02
1.130000000000e+02 1.399455524577e-02
1.135000000000e+02 1.258439139316e-02
1.140000000000e+02 1.114205741927e-02
1.145000000000e+02 9.713385466024e-03
1.150000000000e+02 8.341361236153e-03
1.155000000000e+02 7.064052080435e-03
1.160000000000e+02 5.912877252009e-03
1.165000000000e+02 4.911305961057e-03
1.170000000000e+02 4.074044617588e-03
1.175000000000e+02 3.406747522401e-03
1.180000000000e+02 2.906256662080e-03
1.185000000000e+02 2.561347648414e-03
1.190000000000e+02 2.353931670480e-03
1.195000000000e+02 2.260638970258e-03
1.200000000000e+02 2.254689037603e-03
1.205000000000e+02 2.307937473727e-03
1.210000000000e+02 2.392980069683e-03
1.215000000000e+02 2.485191575198e-03
1.220000000000e+02 2.564580067813e-03
1.225000000000e+02 2.617347622054e-03
1.230000000000e+02 2.637063651971e-03
1.235000000000e+02 2.625378084068e-03
1.240000000000e+02 2.592226370003e-03
1.245000000000e+02 2.555506007390e-03
1.250000000000e+02 2.540233280818e-03
1.255000000000e+02 2.577217853419e-03
1.260000000000e+02 2.701320103103e-03
1.265000000000e+02 2.949380249858e-03
1.270000000000e+02 3.357928040077e-03
1.275000000000e+02 3.960795936156e-03
1.280000000000e+02 4.786766576236e-03
1.285000000000e+02 5.857386212147e-03
1.290000000000e+02 7.185069753774e-03
1.295000000000e+02 8.771610162921e-03
1.300000000000e+02 1.060718582772e-02
1.305000000000e+02 1.266993513129e-02
1.310000000000e+02 1.492613892364e-02
1.315000000000e+02 1.733102041984e-02
1.320000000000e+02 1.983013984773e-02
1.325000000000e+02 2.236132958446e-02
1.330000000000e+02 2.485708621990e-02
1.335000000000e+02 2.724731059525e-02
1.340000000000e+02 2.946226671203e-02
1.345000000000e+02 3.143561665863e-02
1.350000000000e+02 3.310738216423e-02
1.355000000000e+02 3.442668450684e-02
1.360000000000e+02 3.535412331907e-02
1.365000000000e+02 3.586367100011e-02
1.370000000000e+02 3.594398220160e-02
1.375000000000e+02 3.559904610692e-02
1.380000000000e+02 3.484814154912e-02
1.385000000000e+02 3.372508976582e-02
1.390000000000e+02 3.227683496927e-02
1.395000000000e+02 3.056141705234e-02
1.400000000000e+02 2.864543185806e-02
1.405000000000e+02 2.660110081277e-02
1.410000000000e+02 2.450309193540e-02
1.415000000000e+02 2.242524717666e-02
1.420000000000e+02 2.043737594174e-02
1.425000000000e+02 1.860227124164e-02
1.430000000000e+02 1.697309331356e-02
1.435000000000e+02 1.559124637263e-02
1.440000000000e+02 1.448484840173e-02
1.445000000000e+02 1.366786296238e-02
1.450000000000e+02 1.313992756985e-02
1.455000000000e+02 1.288687711223e-02
1.460000000000e+02 1.288192505948e-02
1.465000000000e+02 1.308743174558e-02
1.470000000000e+02 1.345715962347e-02
1.475000000000e+02 1.393889164706e-02
1.480000000000e+02 1.447727207448e-02
1.485000000000e+02 1.501671984536e-02
1.490000000000e+02 1.550426366237e-02
1.495000000000e+02 1.589215494597e-02
1.500000000000e+02 1.614012941863e-02
1.505000000000e+02 1.621720929175e-02
1.510000000000e+02 1.610296460130e-02
1.515000000000e+02 1.578818262626e-02
1.520000000000e+02 1.527492680550e-02
1.525000000000e+02 1.457599935035e-02
1.530000000000e+02 1.371385306529e-02
1.535000000000e+02 1.271902609108e-02
1.540000000000e+02 1.162819694453e-02
1.545000000000e+02 1.048197519085e-02
1.550000000000e+02 9.322554535158e-03
1.555000000000e+02 8.191359602333e-03
1.560000000000e+02 7.126815115947e-03
1.565000000000e+02 6.162356875928e-03
1.570000000000e+02 5.324788503597e-03
1.575000000000e+02 4.633067293410e-03
1.580000000000e+02 4.097577850212e-03
1.585000000000e+02 3.719924840959e-03
1.590000000000e+02 3.493247587851e-03
1.595000000000e+02 3.403030861309e-03
1.600000000000e+02 3.428359527989e-03
1.605000000000e+02 3.543541007728e-03
1.610000000000e+02 3.719999962852e-03
1.615000000000e+02 3.928335236832e-03
1.620000000000e+02 4.140420472530e-03
1.625000000000e+02 4.331427482693e-03
1.630000000000e+02 4.481655423416e-03
1.635000000000e+02 4.578058931953e-03
1.640000000000e+02 4.615384132812e-03
1.645000000000e+02 4.596842013480e-03
1.650000000000e+02 4.534273104245e-03
1.655000000000e+02 4.447784450841e-03
1.660000000000e+02 4.364868188331e-03
1.665000000000e+02 4.319039181434e-03
1.670000000000e+02 4.348055746929e-03
1.675000000000e+02 4.491811043632e-03
1.680000000000e+02 4.790002057644e-03
1.685000000000e+02 5.279697172820e-03
1.690000000000e+02 5.992931301186e-03
1.695000000000e+02 6.954458946954e-03
1.700000000000e+02 8.179790219155e-03
1.705000000000e+02 9.673622852607e-03
1.710000000000e+02 1.142876524888e-02
1.715000000000e+02 1.342562223802e-02
1.720000000000e+02 1.563228780177e-02
1.725000000000e+02 1.800525869179e-02
1.730000000000e+02 2.049075133272e-02
1.735000000000e+02 2.302657307294e-02
1.740000000000e+02 2.554446951335e-02
1.745000000000e+02 2.797284374177e-02
1.750000000000e+02 3.023972224918e-02
1.755000000000e+02 3.227582735156e-02
1.760000000000e+02 3.401760782331e-02
1.765000000000e+02 3.541007885261e-02
1.770000000000e+02 3.640932942035e-02
1.775000000000e+02 3.698456958281e-02
1.780000000000e+02 3.711961127980e-02
1.785000000000e+02 3.681370320459e-02
1.790000000000e+02 3.608167164083e-02
1.795000000000e+02 3.495335343581e-02
1.800000000000e+02 3.347234267499e-02
1.805000000000e+02 3.169410731102e-02
1.810000000000e+02 2.968356413884e-02
1.815000000000e+02 2.751222836601e-02
1.820000000000e+02 2.525507606696e-02
1.825000000000e+02 2.298727279824e-02
1.830000000000e+02 2.078092871723e-02
1.835000000000e+02 1.870203921860e-02
1.840000000000e+02 1.680776043043e-02
1.845000000000e+02 1.514415130117e-02
1.850000000000e+02 1.374448944667e-02
1.855000000000e+02 1.262823765913e-02
1.860000000000e+02 1.180070369874e-02
1.865000000000e+02 1.125339954681e-02
1.870000000000e+02 1.096506971320e-02
1.875000000000e+02 1.090332348250e-02
1.880000000000e+02 1.102677506743e-02
1.885000000000e+02 1.128757021229e-02
1.890000000000e+02 1.163415922786e-02
1.895000000000e+02 1.201416572081e-02
1.900000000000e+02 1.237719792284e-02
1.905000000000e+02 1.267745555998e-02
1.910000000000e+02 1.287599918473e-02
1.915000000000e+02 1.294256992399e-02
1.920000000000e+02 1.285687438652e-02
1.925000000000e+02 1.260928042877e-02
1.930000000000e+02 1.220090279720e-02
1.935000000000e+02 1.164309144707e-02
1.940000000000e+02 1.095636770071e-02
1.945000000000e+02 1.016888259144e-02
1.950000000000e+02 9.314496206855e-03
1.955000000000e+02 8.430595363096e-03
1.960000000000e+02 7.555778637186e-03
1.965000000000e+02 6.727542185630e-03
1.970000000000e+02 5.980096822497e-03
1.975000000000e+02 5.342436854402e-03
1.980000000000e+02 4.836764878672e-03
1.985000000000e+02 4.477355160873e-03
1.990000000000e+02 4.269912583554e-03
1.995000000000e+02 4.211455941169e-03
2.000000000000e+02 4.290725078348e-03
2.005000000000e+02 4.489082576986e-03
2.010000000000e+02 4.781853870683e-03
2.015000000000e+02 5.140026150713e-03
2.020000000000e+02 5.532207375541e-03
2.025000000000e+02 5.926733011113e-03
2.030000000000e+02 6.293800437138e-03
2.035000000000e+02 6.607509580626e-03
2.040000000000e+02 6.847693286978e-03
2.045000000000e+02 7.001431924870e-03
2.050000000000e+02 7.064163162572e-03
2.055000000000e+02 7.040318907977e-03
2.060000000000e+02 6.943446022255e-03
2.065000000000e+02 6.795794380166e-03
2.070000000000e+02 6.627383821568e-03
2.075000000000e+02 6.474589140403e-03
2.080000000000e+02 6.378308120408e-03
2.085000000000e+02 6.381800460445e-03
2.090000000000e+02 6.528304076968e-03
2.095000000000e+02 6.858548768631e-03
2.100000000000e+02 7.408294846720e-03
2.105000000000e+02 8.206025633528e-03
2.110000000000e+02 9.270917548350e-03
2.115000000000e+02 1.061120001450e-02
2.120000000000e+02 1.222300009550e-02
2.125000000000e+02 1.408974437409e-02
2.130000000000e+02 1.618216415217e-02
2.135000000000e+02 1.845892080928e-02
2.140000000000e+02 2.086783754173e-02
2.145000000000e+02 2.334769317667e-02
2.150000000000e+02 2.583050485987e-02
2.155000000000e+02 2.824420066770e-02
2.160000000000e+02 3.051556181615e-02
2.165000000000e+02 3.257329850394e-02
2.170000000000e+02 3.435111415560e-02
2.175000000000e+02 3.579061081062e-02
2.180000000000e+02 3.684389363844e-02
2.185000000000e+02 3.747574506565e-02
2.190000000000e+02 3.766525825196e-02
2.195000000000e+02 3.740684477323e-02
2.200000000000e+02 3.671056121707e-02
2.205000000000e+02 3.560173250304e-02
2.210000000000e+02 3.411988446076e-02
2.215000000000e+02 3.231703276007e-02
2.220000000000e+02 3.025540787361e-02
2.225000000000e+02 2.800472462222e-02
2.230000000000e+02 2.563912842236e-02
2.235000000000e+02 2.323396728874e-02
2.240000000000e+02 2.086254794606e-02
2.245000000000e+02 1.859303546160e-02
2.250000000000e+02 1.648564847969e-02
2.255000000000e+02 1.459028671175e-02
2.260000000000e+02 1.294470457282e-02
2.265000000000e+02 1.157331595227e-02
2.270000000000e+02 1.048668160349e-02
2.275000000000e+02 9.681694363685e-03
2.280000000000e+02 9.142440385745e-03
2.285000000000e+02 8.841678842177e-03
2.290000000000e+02 8.742850157230e-03
2.295000000000e+02 8.802495562247e-03
2.300000000000e+02 8.972950184394e-03
2.305000000000e+02 9.205159112434e-03
2.310000000000e+02 9.451461620277e-03
2.315000000000e+02 9.668193156066e-03
2.320000000000e+02 9.817967489688e-03
2.325000000000e+02 9.871521741161e-03
2.330000000000e+02 9.809033633557e-03
2.335000000000e+02 9.620851617721e-03
2.340000000000e+02 9.307612640638e-03
2.345000000000e+02 8.879757277026e-03
2.350000000000e+02 8.356485701457e-03
2.355000000000e+02 7.764228641943e-03
2.360000000000e+02 7.134733338324e-03
2.365000000000e+02 6.502884257486e-03
2.370000000000e+02 5.904390906060e-03
2.375000000000e+02 5.373479976366e-03
2.380000000000e+02 4.940726158514e-03
2.385000000000e+02 4.631145591671e-03
2.390000000000e+02 4.462658856974e-03
2.395000000000e+02 4.445007733261e-03
2.400000000000e+02 4.579183015684e-03
2.405000000000e+02 4.857391108335e-03
2.410000000000e+02 5.263556501246e-03
2.415000000000e+02 5.774327305737e-03
2.420000000000e+02 6.360523327519e-03
2.425000000000e+02 6.988942129613e-03
2.430000000000e+02 7.624419369356e-03
2.435000000000e+02 8.232026287801e-03
2.440000000000e+02 8.779280183771e-03
2.445000000000e+02 9.238243271883e-03
2.450000000000e+02 9.587391421036e-03
2.455000000000e+02 9.813146499269e-03
2.460000000000e+02 9.910983722268e-03
2.465000000000e+02 9.886047556171e-03
2.470000000000e+02 9.753235230134e-03
2.475000000000e+02 9.536734479452e-03
2.480000000000e+02 9.269030387081e-03
2.485000000000e+02 8.989423743786e-03
2.490000000000e+02 8.742128863863e-03
2.495000000000e+02 8.574041036970e-03
2.500000000000e+02 8.532281695708e-03
2.505000000000e+02 8.661642065149e-03
2.510000000000e+02 9.002052908048e-03
2.515000000000e+02 9.586208638001e-03
2.520000000000e+02 1.043746847107e-02
2.525000000000e+02 1.156814564743e-02
2.530000000000e+02 1.297827858205e-02
2.535000000000e+02 1.465495585769e-02
2.540000000000e+02 1.657224124676e-02
2.545000000000e+02 1.869171661852e-02
2.550000000000e+02 2.096363096904e-02
2.555000000000e+02 2.332861429442e-02
2.560000000000e+02 2.571988703121e-02
2.565000000000e+02 2.806587067162e-02
2.570000000000e+02 3.029308416177e-02
2.575000000000e+02 3.232919496389e-02
2.580000000000e+02 3.410608394844e-02
2.585000000000e+02 3.556278029960e-02
2.590000000000e+02 3.664812656686e-02
2.595000000000e+02 3.732304482986e-02
2.600000000000e+02 3.756229233025e-02
2.605000000000e+02 3.735561808498e-02
2.610000000000e+02 3.670825992924e-02
2.615000000000e+02 3.564075285223e-02
2.620000000000e+02 3.418805285489e-02
2.625000000000e+02 3.239801424634e-02
2.630000000000e+02 3.032929057303e-02
2.635000000000e+02 2.804875854974e-02
2.640000000000e+02 2.562858886011e-02
2.645000000000e+02 2.314310613592e-02
2.650000000000e+02 2.066559172299e-02
2.655000000000e+02 1.826518624914e-02
2.660000000000e+02 1.600404424158e-02
2.665000000000e+02 1.393488015659e-02
2.670000000000e+02 1.209902482900e-02
2.675000000000e+02 1.052508446848e-02
2.680000000000e+02 9.228262357359e-03
2.685000000000e+02 8.210368045764e-03
2.690000000000e+02 7.460502032463e-03
2.695000000000e+02 6.956367727252e-03
2.700000000000e+02 6.666128965274e-03
2.705000000000e+02 6.550702408144e-03
2.710000000000e+02 6.566351497706e-03
2.715000000000e+02 6.667433545410e-03
2.720000000000e+02 6.809144922358e-03
2.725000000000e+02 6.950111540028e-03
2.730000000000e+02 7.054682732257e-03
2.735000000000e+02 7.094805591856e-03
2.740000000000e+02 7.051382634122e-03
2.745000000000e+02 6.915046790776e-03
2.750000000000e+02 6.686322314538e-03
2.755000000000e+02 6.375176134230e-03
2.760000000000e+02 5.999999417874e-03
2.765000000000e+02 5.586091522732e-03
2.770000000000e+02 5.163746275186e-03
2.775000000000e+02 4.766062080442e-03
2.780000000000e+02 4.426611547237e-03
2.785000000000e+02 4.177112433018e-03
2.790000000000e+02 4.045239553075e-03
2.795000000000e+02 4.052707132476e-03
2.800000000000e+02 4.213733647078e-03
2.805000000000e+02 4.533977638406e-03
2.810000000000e+02 5.010004758451e-03
2.815000000000e+02 5.629315092419e-03
2.820000000000e+02 6.370927432165e-03
2.825000000000e+02 7.206485461633e-03
2.830000000000e+02 8.101821506466e-03
2.835000000000e+02 9.018888153945e-03
2.840000000000e+02 9.917947964061e-03
2.845000000000e+02 1.075989765814e-02
2.850000000000e+02 1.150859618870e-02
2.855000000000e+02 1.213306621666e-02
2.860000000000e+02 1.260944560150e-02
2.865000000000e+02 1.292257905030e-02
2.870000000000e+02 1.306715926012e-02
2.875000000000e+02 1.304835063800e-02
2.880000000000e+02 1.288185571696e-02
2.885000000000e+02 1.259341329045e-02
2.890000000000e+02 1.221774658545e-02
2.895000000000e+02 1.179700802810e-02
2.900000000000e+02 1.137879295664e-02
2.905000000000e+02 1.101381676769e-02
2.910000000000e+02 1.075336741443e-02
2.915000000000e+02 1.064665711532e-02
2.920000000000e+02 1.073820305432e-02
2.925000000000e+02 1.106536652062e-02
2.930000000000e+02 1.165617339280e-02
2.935000000000e+02 1.252752645396e-02
2.940000000000e+02 1.368390232151e-02
2.945000000000e+02 1.511660360985e-02
2.950000000000e+02 1.680361133765e-02
2.955000000000e+02 1.871005470982e-02
2.960000000000e+02 2.078928651258e-02
2.965000000000e+02 2.298452377409e-02
2.970000000000e+02 2.523098638901e-02
2.975000000000e+02 2.745844226540e-02
2.980000000000e+02 2.959404745527e-02
2.985000000000e+02 3.156535455473e-02
2.990000000000e+02 3.330335320416e-02
2.995000000000e+02 3.474540333819e-02
3.000000000000e+02 3.583792510441e-02
3.005000000000e+02 3.653871912561e-02
3.010000000000e+02 3.681880664558e-02
3.015000000000e+02 3.666370046208e-02
3.020000000000e+02 3.607404351181e-02
3.025000000000e+02 3.506558138644e-02
3.030000000000e+02 3.366846658011e-02
3.035000000000e+02 3.192592440747e-02
3.040000000000e+02 2.989234171326e-02
3.045000000000e+02 2.763086814387e-02
3.050000000000e+02 2.521064436156e-02
3.055000000000e+02 2.270379080665e-02
3.060000000000e+02 2.018230332531e-02
3.065000000000e+02 1.771500737144e-02
3.070000000000e+02 1.536472012257e-02
3.075000000000e+02 1.318575962587e-02
3.080000000000e+02 1.122192246240e-02
3.085000000000e+02 9.505027113029e-03
3.090000000000e+02 8.054090471269e-03
3.095000000000e+02 6.875171312489e-03
3.100000000000e+02 5.961878768882e-03
3.105000000000e+02 5.296507995480e-03
3.110000000000e+02 4.851731235929e-03
3.115000000000e+02 4.592742390297e-03
3.120000000000e+02 4.479728719489e-03
3.125000000000e+02 4.470525967136e-03
3.130000000000e+02 4.523304008566e-03
3.135000000000e+02 4.599129745100e-03
3.140000000000e+02 4.664262418402e-03
3.145000000000e+02 4.692053360686e-03
3.150000000000e+02 4.664346443503e-03
3.155000000000e+02 4.572305703467e-03
3.160000000000e+02 4.416631002425e-03
3.165000000000e+02 4.207159061971e-03
3.170000000000e+02 3.961883606698e-03
3.175000000000e+02 3.705462482795e-03
3.180000000000e+02 3.467309460842e-03
3.185000000000e+02 3.279392233089e-03
3.190000000000e+02 3.173874508903e-03
3.195000000000e+02 3.180748193868e-03
3.200000000000e+02 3.325601019814e-03
3.205000000000e+02 3.627655813235e-03
3.210000000000e+02 4.098200500876e-03
3.215000000000e+02 4.739504064861e-03
3.220000000000e+02 5.544284470411e-03
3.225000000000e+02 6.495761873690e-03
3.230000000000e+02 7.568296126222e-03
3.235000000000e+02 8.728573722997e-03
3.240000000000e+02 9.937277816175e-03
3.245000000000e+02 1.115114749703e-02
3.250000000000e+02 1.232531069438e-02
3.255000000000e+02 1.341575988245e-02
3.260000000000e+02 1.438183205247e-02
3.265000000000e+02 1.518855436762e-02
3.270000000000e+02 1.580872445383e-02
3.275000000000e+02 1.622460882894e-02
3.280000000000e+02 1.642916362749e-02
3.285000000000e+02 1.642670732497e-02
3.290000000000e+02 1.623300416434e-02
3.295000000000e+02 1.587474785687e-02
3.300000000000e+02 1.538846624259e-02
3.305000000000e+02 1.481889734930e-02
3.310000000000e+02 1.421691420208e-02
3.315000000000e+02 1.363709850890e-02
3.320000000000e+02 1.313508092638e-02
3.325000000000e+02 1.276477722224e-02
3.330000000000e+02 1.257565483864e-02
3.335000000000e+02 1.261016298352e-02
3.340000000000e+02 1.290145161232e-02
3.345000000000e+02 1.347149097735e-02
3.350000000000e+02 1.432968454694e-02
3.355000000000e+02 1.547204497943e-02
3.360000000000e+02 1.688097659262e-02
3.365000000000e+02 1.852567962827e-02
3.370000000000e+02 2.036316286112e-02
3.375000000000e+02 2.233982302478e-02
3.380000000000e+02 2.439352339548e-02
3.385000000000e+02 2.645608079045e-02
3.390000000000e+02 2.845605122807e-02
3.395000000000e+02 3.032169042853e-02
3.400000000000e+02 3.198395672950e-02
3.405000000000e+02 3.337942138800e-02
3.410000000000e+02 3.445295463469e-02
3.415000000000e+02 3.516006529952e-02
3.420000000000e+02 3.546878682905e-02
3.425000000000e+02 3.536102261599e-02
3.430000000000e+02 3.483328783449e-02
3.435000000000e+02 3.389681245142e-02
3.440000000000e+02 3.257699955616e-02
3.445000000000e+02 3.091226330265e-02
3.450000000000e+02 2.895230019608e-02
3.455000000000e+02 2.675587476906e-02
3.460000000000e+02 2.438822452077e-02
3.465000000000e+02 2.191820808134e-02
3.470000000000e+02 1.941533384632e-02
3.475000000000e+02 1.694681297996e-02
3.480000000000e+02 1.457478018855e-02
3.485000000000e+02 1.235381784414e-02
3.490000000000e+02 1.032890411135e-02
3.495000000000e+02 8.533884262915e-03
3.500000000000e+02 6.990537383138e-03
3.505000000000e+02 5.708279434104e-03
3.510000000000e+02 4.684509815332e-03
3.515000000000e+02 3.905573915768e-03
3.520000000000e+02 3.348280635198e-03
3.525000000000e+02 2.981883377457e-03
3.530000000000e+02 2.770407394507e-03
3.535000000000e+02 2.675187151358e-03
3.540000000000e+02 2.657465819106e-03
3.545000000000e+02 2.680905883640e-03
3.550000000000e+02 2.713865485508e-03
3.555000000000e+02 2.731309258969e-03
3.560000000000e+02 2.716244364759e-03
3.565000000000e+02 2.660600873899e-03
3.570000000000e+02 2.565508996303e-03
3.575000000000e+02 2.440961878599e-03
3.580000000000e+02 2.304889643148e-03
3.585000000000e+02 2.181705766043e-03
3.590000000000e+02 2.100418643444e-03
3.595000000000e+02 2.092427341827e-03
3.600000000000e+02 2.189139483574e-03
3.605000000000e+02 2.419559847272e-03
3.610000000000e+02 2.807999941630e-03
3.615000000000e+02 3.372051476805e-03
3.620000000000e+02 4.120950793706e-03
3.625000000000e+02 5.054437924255e-03
3.630000000000e+02 6.162184494892e-03
3.635000000000e+02 7.423830953930e-03
3.640000000000e+02 8.809637636302e-03
3.645000000000e+02 1.028171812517e-02
3.650000000000e+02 1.179578933326e-02
3.655000000000e+02 1.330334267686e-02
3.660000000000e+02 1.475411634864e-02
3.665000000000e+02 1.609873132905e-02
3.670000000000e+02 1.729134432243e-02
3.675000000000e+02 1.829216968125e-02
3.680000000000e+02 1.906972952947e-02
3.685000000000e+02 1.960270618507e-02
3.690000000000e+02 1.988129266123e-02
3.695000000000e+02 1.990796419236e-02
3.700000000000e+02 1.969762477774e-02
3.705000000000e+02 1.927711594404e-02
3.710000000000e+02 1.868410845338e-02
3.715000000000e+02 1.796542971955e-02
3.720000000000e+02 1.717490861765e-02
3.725000000000e+02 1.637084370500e-02
3.730000000000e+02 1.561321946517e-02
3.735000000000e+02 1.496080722231e-02
3.740000000000e+02 1.446829238574e-02
3.745000000000e+02 1.418356759076e-02
3.750000000000e+02 1.414532237995e-02
3.755000000000e+02 1.438104491892e-02
3.760000000000e+02 1.490553075868e-02
3.765000000000e+02 1.571996894888e-02
3.770000000000e+02 1.681164815520e-02
3.775000000000e+02 1.815429619935e-02
3.780000000000e+02 1.970903700823e-02
3.785000000000e+02 2.142592067928e-02
3.790000000000e+02 2.324595649456e-02
3.795000000000e+02 2.510355632371e-02
3.800000000000e+02 2.692927788060e-02
3.805000000000e+02 2.865274446583e-02
3.810000000000e+02 3.020561050429e-02
3.815000000000e+02 3.152444079361e-02
3.820000000000e+02 3.255337567897e-02
3.825000000000e+02 3.324646437910e-02
3.830000000000e+02 3.356956371749e-02
3.835000000000e+02 3.350171915326e-02
3.840000000000e+02 3.303596822565e-02
3.845000000000e+02 3.217953253020e-02
3.850000000000e+02 3.095339194696e-02
3.855000000000e+02 2.939126291732e-02
3.860000000000e+02 2.753802989498e-02
3.865000000000e+02 2.544770446409e-02
3.870000000000e+02 2.318100884538e-02
3.875000000000e+02 2.080269852250e-02
3.880000000000e+02 1.837875157131e-02
3.885000000000e+02 1.597355922040e-02
3.890000000000e+02 1.364725270510e-02
3.895000000000e+02 1.145329537896e-02
3.900000000000e+02 9.436456409472e-03
3.905000000000e+02 7.631263638687e-03
3.910000000000e+02 6.061009096781e-03
3.915000000000e+02 4.737352312889e-03
3.920000000000e+02 3.660535330001e-03
3.925000000000e+02 2.820190802933e-03
3.930000000000e+02 2.196692479476e-03
3.935000000000e+02 1.762967525900e-03
3.940000000000e+02 1.486664306299e-03
3.945000000000e+02 1.332548940578e-03
3.950000000000e+02 1.264990565796e-03
3.955000000000e+02 1.250389663475e-03
3.960000000000e+02 1.259406604456e-03
3.965000000000e+02 1.268858727165e-03
3.970000000000e+02 1.263173314296e-03
3.975000000000e+02 1.235309779053e-03
3.980000000000e+02 1.187095773444e-03
3.985000000000e+02 1.128956975420e-03
3.990000000000e+02 1.079056920721e-03
3.995000000000e+02 1.061899206277e-03
4.000000000000e+02 1.106477498610e-03
4.005000000000e+02 1.244086974093e-03
4.010000000000e+02 1.505932325624e-03
4.015000000000e+02 1.920680921801e-03
4.020000000000e+02 2.512114223819e-03
4.025000000000e+02 3.297025829534e-03
4.030000000000e+02 4.283500776430e-03
4.035000000000e+02 5.469688807732e-03
4.040000000000e+02 6.843155508282e-03
4.045000000000e+02 8.380861288842e-03
4.050000000000e+02 1.004978118749e-02
4.055000000000e+02 1.180814059820e-02
4.060000000000e+02 1.360720558539e-02
4.065000000000e+02 1.539353356370e-02
4.070000000000e+02 1.711156275619e-02
4.075000000000e+02 1.870639854120e-02
4.080000000000e+02 2.012664272371e-02
4.085000000000e+02 2.132710853938e-02
4.090000000000e+02 2.227126993118e-02
4.095000000000e+02 2.293330790831e-02
4.100000000000e+02 2.329963869096e-02
4.105000000000e+02 2.336983653517e-02
4.110000000000e+02 2.315689691803e-02
4.115000000000e+02 2.268682128456e-02
4.120000000000e+02 2.199754076459e-02
4.125000000000e+02 2.113723113502e-02
4.130000000000e+02 2.016210301438e-02
4.135000000000e+02 1.913377806901e-02
4.140000000000e+02 1.811638263675e-02
4.145000000000e+02 1.717350360590e-02
4.150000000000e+02 1.636515710616e-02
4.155000000000e+02 1.574491846728e-02
4.160000000000e+02 1.535735228820e-02
4.165000000000e+02 1.523586504090e-02
4.170000000000e+02 1.540108044338e-02
4.175000000000e+02 1.585981117060e-02
4.180000000000e+02 1.660467079422e-02
4.185000000000e+02 1.761433872296e-02
4.190000000000e+02 1.885445990524e-02
4.195000000000e+02 2.027913164766e-02
4.200000000000e+02 2.183290343507e-02
4.205000000000e+02 2.345319324043e-02
4.210000000000e+02 2.507300637756e-02
4.215000000000e+02 2.662383109650e-02
4.220000000000e+02 2.803857921133e-02
4.225000000000e+02 2.925444009517e-02
4.230000000000e+02 3.021552229518e-02
4.235000000000e+02 3.087516826930e-02
4.240000000000e+02 3.119784382220e-02
4.245000000000e+02 3.116052388607e-02
4.250000000000e+02 3.075351944262e-02
4.255000000000e+02 2.998071568371e-02
4.260000000000e+02 2.885921783482e-02
4.265000000000e+02 2.741842739982e-02
4.270000000000e+02 2.569859683996e-02
4.275000000000e+02 2.374893384407e-02
4.280000000000e+02 2.162534642120e-02
4.285000000000e+02 1.938793617197e-02
4.290000000000e+02 1.709835853683e-02
4.295000000000e+02 1.481717498229e-02
4.300000000000e+02 1.260132257476e-02
4.305000000000e+02 1.050182102983e-02
4.310000000000e+02 8.561826177135e-03
4.315000000000e+02 6.815122182178e-03
4.320000000000e+02 5.285123422744e-03
4.325000000000e+02 3.984431504144e-03
4.330000000000e+02 2.914964646490e-03
4.335000000000e+02 2.068646923034e-03
4.340000000000e+02 1.428615076569e-03
4.345000000000e+02 9.708724762290e-04
4.350000000000e+02 6.662947898804e-04
4.355000000000e+02 4.828716367937e-04
4.360000000000e+02 3.880541618721e-04
4.365000000000e+02 3.510711632494e-04
4.370000000000e+02 3.450767738271e-04
4.375000000000e+02 3.490009768338e-04
4.380000000000e+02 3.489901899286e-04
4.385000000000e+02 3.393480691541e-04
4.390000000000e+02 3.229153908206e-04
4.395000000000e+02 3.108607955400e-04
4.400000000000e+02 3.218894356101e-04
4.405000000000e+02 3.809120648734e-04
4.410000000000e+02 5.172506820631e-04
4.415000000000e+02 7.624863852688e-04
4.420000000000e+02 1.148078721200e-03
4.425000000000e+02 1.702901956626e-03
4.430000000000e+02 2.450851241918e-03
4.435000000000e+02 3.408669983094e-03
4.440000000000e+02 4.584138864367e-03
4.445000000000e+02 5.974747420671e-03
4.450000000000e+02 7.566941950266e-03
4.455000000000e+02 9.336010469272e-03
4.460000000000e+02 1.124662830524e-02
4.465000000000e+02 1.325404903359e-02
4.470000000000e+02 1.530588712171e-02
4.475000000000e+02 1.734440317085e-02
4.480000000000e+02 1.930917218611e-02
4.485000000000e+02 2.113999166618e-02
4.490000000000e+02 2.277987092007e-02
4.495000000000e+02 2.417793677753e-02
4.500000000000e+02 2.529209411882e-02
4.505000000000e+02 2.609129218397e-02
4.510000000000e+02 2.655726865081e-02
4.515000000000e+02 2.668567173288e-02
4.520000000000e+02 2.648649435284e-02
4.525000000000e+02 2.598379179900e-02
4.530000000000e+02 2.521469300244e-02
4.535000000000e+02 2.422775348263e-02
4.540000000000e+02 2.308073292918e-02
4.545000000000e+02 2.183791044004e-02
4.550000000000e+02 2.056707401248e-02
4.555000000000e+02 1.933633677024e-02
4.560000000000e+02 1.821093993856e-02
4.565000000000e+02 1.725020146702e-02
4.570000000000e+02 1.650475975357e-02
4.575000000000e+02 1.601424485478e-02
4.580000000000e+02 1.580548600205e-02
4.585000000000e+02 1.589133563312e-02
4.590000000000e+02 1.627015815732e-02
4.595000000000e+02 1.692599808907e-02
4.600000000000e+02 1.782940879545e-02
4.605000000000e+02 1.893889161686e-02
4.610000000000e+02 2.020286705125e-02
4.615000000000e+02 2.156207630594e-02
4.620000000000e+02 2.295229377690e-02
4.625000000000e+02 2.430721953195e-02
4.630000000000e+02 2.556141592784e-02
4.635000000000e+02 2.665315402831e-02
4.640000000000e+02 2.752704314134e-02
4.645000000000e+02 2.813632994167e-02
4.650000000000e+02 2.844477146766e-02
4.655000000000e+02 2.842800779131e-02
4.660000000000e+02 2.807438427850e-02
4.665000000000e+02 2.738519897972e-02
4.670000000000e+02 2.637437670001e-02
4.675000000000e+02 2.506759662354e-02
4.680000000000e+02 2.350092402406e-02
4.685000000000e+02 2.171901768458e-02
4.690000000000e+02 1.977300239795e-02
4.695000000000e+02 1.771810967611e-02
4.700000000000e+02 1.561119904773e-02
4.705000000000e+02 1.350827670785e-02
4.710000000000e+02 1.146212759339e-02
4.715000000000e+02 9.520171157525e-03
4.720000000000e+02 7.722640346877e-03
4.725000000000e+02 6.101167882896e-03
4.730000000000e+02 4.677844442771e-03
4.735000000000e+02 3.464790455795e-03
4.740000000000e+02 2.464257905282e-03
4.745000000000e+02 1.669251836974e-03
4.750000000000e+02 1.064634465818e-03
4.755000000000e+02 6.286491664794e-04
4.760000000000e+02 3.347785857566e-04
4.765000000000e+02 1.538319487613e-04
4.770000000000e+02 5.614254342118e-05
4.775000000000e+02 1.374835873492e-05
4.780000000000e+02 2.427639019292e-06
4.785000000000e+02 3.467069189140e-06
4.790000000000e+02 5.053394747548e-06
4.795000000000e+02 3.199048369292e-06
4.800000000000e+02 2.137915962184e-06
4.805000000000e+02 1.415744426294e-05
4.810000000000e+02 5.886624395089e-05
4.815000000000e+02 1.619302988764e-04
4.820000000000e+02 3.533438319538e-04
4.825000000000e+02 6.653307641762e-04
4.830000000000e+02 1.129997613117e-03
4.835000000000e+02 1.776876937824e-03
4.840000000000e+02 2.630510740964e-03
4.845000000000e+02 3.708224743175e-03
4.850000000000e+02 5.018236842284e-03
4.855000000000e+02 6.558226612340e-03
4.860000000000e+02 8.314468211381e-03
4.865000000000e+02 1.026159789432e-02
4.870000000000e+02 1.236305125039e-02
4.875000000000e+02 1.457216642554e-02
4.880000000000e+02 1.683391027319e-02
4.885000000000e+02 1.908714698493e-02
4.890000000000e+02 2.126733556526e-02
4.895000000000e+02 2.330951558199e-02
4.900000000000e+02 2.515142162018e-02
4.905000000000e+02 2.673655698848e-02
4.910000000000e+02 2.801705711205e-02
4.915000000000e+02 2.895618276145e-02
4.920000000000e+02 2.953030224642e-02
4.925000000000e+02 2.973024885466e-02
4.930000000000e+02 2.956197353919e-02
4.935000000000e+02 2.904645116751e-02
4.940000000000e+02 2.821883929452e-02
4.945000000000e+02 2.712692903864e-02
4.950000000000e+02 2.582896587668e-02
4.955000000000e+02 2.439095184992e-02
4.960000000000e+02 2.288356791030e-02
4.965000000000e+02 2.137887444728e-02
4.970000000000e+02 1.994695845762e-02
4.975000000000e+02 1.865269689651e-02
4.980000000000e+02 1.755279759613e-02
4.985000000000e+02 1.669326241586e-02
4.990000000000e+02 1.610739312188e-02
4.995000000000e+02 1.581443041660e-02
5.000000000000e+02 1.581888237878e-02
5.005000000000e+02 1.611056232823e-02
5.010000000000e+02 1.666531984339e-02
5.015000000000e+02 1.744641430017e-02
5.020000000000e+02 1.840644964320e-02
5.025000000000e+02 1.948976363492e-02
5.030000000000e+02 2.063514568117e-02
5.035000000000e+02 2.177874522620e-02
5.040000000000e+02 2.285702794723e-02
5.045000000000e+02 2.380963946088e-02
5.050000000000e+02 2.458204546478e-02
5.055000000000e+02 2.512783240513e-02
5.060000000000e+02 2.541057282716e-02
5.065000000000e+02 2.540518326229e-02
5.070000000000e+02 2.509872858396e-02
5.075000000000e+02 2.449065384076e-02
5.080000000000e+02 2.359245139352e-02
5.085000000000e+02 2.242679658269e-02
5.090000000000e+02 2.102620810385e-02
5.095000000000e+02 1.943130893854e-02
5.100000000000e+02 1.768877942338e-02
5.105000000000e+02 1.584910537557e-02
5.110000000000e+02 1.396423085415e-02
5.115000000000e+02 1.208522700912e-02
5.120000000000e+02 1.026008560092e-02
5.125000000000e+02 8.531738357951e-03
5.130000000000e+02 6.936391683804e-03
5.135000000000e+02 5.502250790098e-03
5.140000000000e+02 4.248688670684e-03
5.145000000000e+02 3.185894128510e-03
5.150000000000e+02 2.315010113192e-03
5.155000000000e+02 1.628749818503e-03
5.160000000000e+02 1.112454312019e-03
5.165000000000e+02 7.455329668501e-04
5.170000000000e+02 5.032077212912e-04
5.175000000000e+02 3.584652669541e-04
5.180000000000e+02 2.841086490330e-04
5.185000000000e+02 2.547923136589e-04
5.190000000000e+02 2.489230163523e-04
5.195000000000e+02 2.503136142615e-04
5.200000000000e+02 2.494876918578e-04
5.205000000000e+02 2.445499526701e-04
5.210000000000e+02 2.415597187435e-04
5.215000000000e+02 2.543717196738e-04
5.220000000000e+02 3.039382994992e-04
5.225000000000e+02 4.170986272481e-04
5.230000000000e+02 6.249116784293e-04
5.235000000000e+02 9.606187953844e-04
5.240000000000e+02 1.457346695547e-03
5.245000000000e+02 2.145681201176e-03
5.250000000000e+02 3.051254308788e-03
5.255000000000e+02 4.192491476168e-03
5.260000000000e+02 5.578661625966e-03
5.265000000000e+02 7.208359312464e-03
5.270000000000e+02 9.068527284142e-03
5.275000000000e+02 1.113409933704e-02
5.280000000000e+02 1.336830941687e-02
5.285000000000e+02 1.572367530541e-02
5.290000000000e+02 1.814362611025e-02
5.295000000000e+02 2.056470451110e-02
5.300000000000e+02 2.291923963126e-02
5.305000000000e+02 2.513835669460e-02
5.310000000000e+02 2.715516717727e-02
5.315000000000e+02 2.890796944572e-02
5.320000000000e+02 3.034328584519e-02
5.325000000000e+02 3.141856821811e-02
5.330000000000e+02 3.210441967188e-02
5.335000000000e+02 3.238620521027e-02
5.340000000000e+02 3.226495620169e-02
5.345000000000e+02 3.175751171246e-02
5.350000000000e+02 3.089588125732e-02
5.355000000000e+02 2.972585608725e-02
5.360000000000e+02 2.830493723171e-02
5.365000000000e+02 2.669968574014e-02
5.370000000000e+02 2.498263177519e-02
5.375000000000e+02 2.322890258629e-02
5.380000000000e+02 2.151274365383e-02
5.385000000000e+02 1.990411170105e-02
5.390000000000e+02 1.846551267505e-02
5.395000000000e+02 1.724924267377e-02
5.400000000000e+02 1.629516616726e-02
5.405000000000e+02 1.562913524717e-02
5.410000000000e+02 1.526211793977e-02
5.415000000000e+02 1.519006499465e-02
5.420000000000e+02 1.539450528719e-02
5.425000000000e+02 1.584382229253e-02
5.430000000000e+02 1.649513007678e-02
5.435000000000e+02 1.729663869394e-02
5.440000000000e+02 1.819037716755e-02
5.445000000000e+02 1.911512831066e-02
5.450000000000e+02 2.000942393546e-02
5.455000000000e+02 2.081445146651e-02
5.460000000000e+02 2.147673309037e-02
5.465000000000e+02 2.195045540878e-02
5.470000000000e+02 2.219934986391e-02
5.475000000000e+02 2.219805054260e-02
5.480000000000e+02 2.193288467507e-02
5.485000000000e+02 2.140208068811e-02
5.490000000000e+02 2.061540748364e-02
5.495000000000e+02 1.959328531209e-02
5.500000000000e+02 1.836543206494e-02
5.505000000000e+02 1.696912810117e-02
5.510000000000e+02 1.544719723239e-02
5.515000000000e+02 1.384581086997e-02
5.520000000000e+02 1.221222648901e-02
5.525000000000e+02 1.059257062547e-02
5.530000000000e+02 9.029770902466e-03
5.535000000000e+02 7.561731561833e-03
5.540000000000e+02 6.219833237465e-03
5.545000000000e+02 5.027820893633e-03
5.550000000000e+02 4.001124697966e-03
5.555000000000e+02 3.146637839964e-03
5.560000000000e+02 2.462953714047e-03
5.565000000000e+02 1.941043255472e-03
5.570000000000e+02 1.565332339182e-03
5.575000000000e+02 1.315119829106e-03
5.580000000000e+02 1.166259890126e-03
5.585000000000e+02 1.093018310327e-03
5.590000000000e+02 1.070002536599e-03
5.595000000000e+02 1.074059521315e-03
5.600000000000e+02 1.086034799184e-03
5.605000000000e+02 1.092290772969e-03
5.610000000000e+02 1.085892076201e-03
5.615000000000e+02 1.067380933607e-03
5.620000000000e+02 1.045085204074e-03
5.625000000000e+02 1.034925523036e-03
5.630000000000e+02 1.059714624995e-03
5.635000000000e+02 1.147970241698e-03
5.640000000000e+02 1.332291450455e-03
5.645000000000e+02 1.647375383285e-03
5.650000000000e+02 2.127775159386e-03
5.655000000000e+02 2.805519212227e-03
5.660000000000e+02 3.707725456915e-03
5.665000000000e+02 4.854349889887e-03
5.670000000000e+02 6.256207509192e-03
5.675000000000e+02 7.913393614953e-03
5.680000000000e+02 9.814215814793e-03
5.685000000000e+02 1.193472213872e-02
5.690000000000e+02 1.423887976509e-02
5.695000000000e+02 1.667942359959e-02
5.700000000000e+02 1.919935629666e-02
5.705000000000e+02 2.173404345073e-02
5.710000000000e+02 2.421381188752e-02
5.715000000000e+02 2.656692746965e-02
5.720000000000e+02 2.872280361300e-02
5.725000000000e+02 3.061527447368e-02
5.730000000000e+02 3.218575873907e-02
5.735000000000e+02 3.338614183439e-02
5.740000000000e+02 3.418121622486e-02
5.745000000000e+02 3.455054084130e-02
5.750000000000e+02 3.448961036560e-02
5.755000000000e+02 3.401026154217e-02
5.760000000000e+02 3.314028474944e-02
5.765000000000e+02 3.192225239301e-02
5.770000000000e+02 3.041161871669e-02
5.775000000000e+02 2.867418580290e-02
5.780000000000e+02 2.678306549932e-02
5.785000000000e+02 2.481529463654e-02
5.790000000000e+02 2.284827958099e-02
5.795000000000e+02 2.095625482228e-02
5.800000000000e+02 1.920693841170e-02
5.805000000000e+02 1.765855488054e-02
5.810000000000e+02 1.635737452839e-02
5.815000000000e+02 1.533588810024e-02
5.820000000000e+02 1.461169971953e-02
5.825000000000e+02 1.418718073474e-02
5.830000000000e+02 1.404988530770e-02
5.835000000000e+02 1.417368760479e-02
5.840000000000e+02 1.452056272572e-02
5.845000000000e+02 1.504290112948e-02
5.850000000000e+02 1.568622102862e-02
5.855000000000e+02 1.639212626399e-02
5.860000000000e+02 1.710134923067e-02
5.865000000000e+02 1.775671962522e-02
5.870000000000e+02 1.830590969068e-02
5.875000000000e+02 1.870382430304e-02
5.880000000000e+02 1.891452831844e-02
5.885000000000e+02 1.891263240758e-02
5.890000000000e+02 1.868409029170e-02
5.895000000000e+02 1.822639296141e-02
5.900000000000e+02 1.754817723239e-02
5.905000000000e+02 1.666829522366e-02
5.910000000000e+02 1.561441662023e-02
5.915000000000e+02 1.442125581141e-02
5.920000000000e+02 1.312853047461e-02
5.925000000000e+02 1.177876654346e-02
5.930000000000e+02 1.041506676282e-02
5.935000000000e+02 9.078956505788e-03
5.940000000000e+02 7.808411770757e-03
5.945000000000e+02 6.636161065063e-03
5.950000000000e+02 5.588336092007e-03
5.955000000000e+02 4.683526762295e-03
5.960000000000e+02 3.932274996870e-03
5.965000000000e+02 3.337020036265e-03
5.970000000000e+02 2.892486384029e-03
5.975000000000e+02 2.586484889898e-03
5.980000000000e+02 2.401078543130e-03
5.985000000000e+02 2.314047920564e-03
5.990000000000e+02 2.300577467918e-03
5.995000000000e+02 2.335073357813e-03
6.000000000000e+02 2.393016957587e-03
6.005000000000e+02 2.452755265975e-03
6.010000000000e+02 2.497131257503e-03
6.015000000000e+02 2.514863010304e-03
6.020000000000e+02 2.501590752930e-03
6.025000000000e+02 2.460525351407e-03
6.030000000000e+02 2.402649884530e-03
6.035000000000e+02 2.346447237670e-03
6.040000000000e+02 2.317150287568e-03
6.045000000000e+02 2.345536255523e-03
6.050000000000e+02 2.466312015941e-03
6.055000000000e+02 2.716161263625e-03
6.060000000000e+02 3.131546115299e-03
6.065000000000e+02 3.746373608031e-03
6.070000000000e+02 4.589650424341e-03
6.075000000000e+02 5.683255965327e-03
6.080000000000e+02 7.039963845042e-03
6.085000000000e+02 8.661834570050e-03
6.090000000000e+02 1.053908759109e-02
6.095000000000e+02 1.264953949351e-02
6.100000000000e+02 1.495866771317e-02
6.105000000000e+02 1.742032711988e-02
6.110000000000e+02 1.997811175314e-02
6.115000000000e+02 2.256731783918e-02
6.120000000000e+02 2.511742908099e-02
6.125000000000e+02 2.755501319606e-02
6.130000000000e+02 2.980689181121e-02
6.135000000000e+02 3.180342590472e-02
6.140000000000e+02 3.348174744020e-02
6.145000000000e+02 3.478876562805e-02
6.150000000000e+02 3.568378380808e-02
6.155000000000e+02 3.614058009823e-02
6.160000000000e+02 3.614883093248e-02
6.165000000000e+02 3.571479010699e-02
6.170000000000e+02 3.486117512102e-02
6.175000000000e+02 3.362625524088e-02
6.180000000000e+02 3.206217935214e-02
6.185000000000e+02 3.023262371612e-02
6.190000000000e+02 2.820987768232e-02
6.195000000000e+02 2.607151694305e-02
6.200000000000e+02 2.389683706838e-02
6.205000000000e+02 2.176323344202e-02
6.210000000000e+02 1.974271643790e-02
6.215000000000e+02 1.789874257530e-02
6.220000000000e+02 1.628352393924e-02
6.225000000000e+02 1.493595047131e-02
6.230000000000e+02 1.388022454731e-02
6.235000000000e+02 1.312526669816e-02
6.240000000000e+02 1.266490790297e-02
6.245000000000e+02 1.247884021956e-02
6.250000000000e+02 1.253425624329e-02
6.255000000000e+02 1.278807143786e-02
6.260000000000e+02 1.318959384795e-02
6.265000000000e+02 1.368348470082e-02
6.270000000000e+02 1.421284197358e-02
6.275000000000e+02 1.472223755810e-02
6.280000000000e+02 1.516054696885e-02
6.285000000000e+02 1.548342779310e-02
6.290000000000e+02 1.565532791740e-02
6.295000000000e+02 1.565093520921e-02
6.300000000000e+02 1.545601473324e-02
6.305000000000e+02 1.506761554685e-02
6.310000000000e+02 1.449366446935e-02
6.315000000000e+02 1.375199693454e-02
6.320000000000e+02 1.286890336633e-02
6.325000000000e+02 1.187729209111e-02
6.330000000000e+02 1.081458567350e-02
6.335000000000e+02 9.720476255003e-03
6.340000000000e+02 8.634666959238e-03
6.345000000000e+02 7.594721092005e-03
6.350000000000e+02 6.634129455218e-03
6.355000000000e+02 5.780689623610e-03
6.360000000000e+02 5.055270702994e-03
6.365000000000e+02 4.471014197215e-03
6.370000000000e+02 4.032997451581e-03
6.375000000000e+02 3.738361947568e-03
6.380000000000e+02 3.576885608345e-03
6.385000000000e+02 3.531957183941e-03
6.390000000000e+02 3.581892474973e-03
6.395000000000e+02 3.701517204776e-03
6.400000000000e+02 3.863930153462e-03
6.405000000000e+02 4.042352959138e-03
6.410000000000e+02 4.211969868296e-03
6.415000000000e+02 4.351661660723e-03
6.420000000000e+02 4.445542869108e-03
6.425000000000e+02 4.484220060138e-03
6.430000000000e+02 4.465701063013e-03
6.435000000000e+02 4.395900260792e-03
6.440000000000e+02 4.288702947386e-03
6.445000000000e+02 4.165571747442e-03
6.450000000000e+02 4.054699531661e-03
6.455000000000e+02 3.989735368724e-03
6.460000000000e+02 4.008131953593e-03
6.465000000000e+02 4.149183672955e-03
6.470000000000e+02 4.451842997893e-03
6.475000000000e+02 4.952418190475e-03
6.480000000000e+02 5.682266398057e-03
6.485000000000e+02 6.665602222182e-03
6.490000000000e+02 7.917542088753e-03
6.495000000000e+02 9.442498790585e-03
6.500000000000e+02 1.123302828479e-02
6.505000000000e+02 1.326921243642e-02
6.510000000000e+02 1.551863749384e-02
6.515000000000e+02 1.793699962048e-02
6.520000000000e+02 2.046933714309e-02
6.525000000000e+02 2.305185584591e-02
6.530000000000e+02 2.561428047613e-02
6.535000000000e+02 2.808263458769e-02
6.540000000000e+02 3.038232373474e-02
6.545000000000e+02 3.244137569844e-02
6.550000000000e+02 3.419367736752e-02
6.555000000000e+02 3.558204223427e-02
6.560000000000e+02 3.656094592258e-02
6.565000000000e+02 3.709877988862e-02
6.570000000000e+02 3.717949503442e-02
6.575000000000e+02 3.680353648592e-02
6.580000000000e+02 3.598800673586e-02
6.585000000000e+02 3.476603480873e-02
6.590000000000e+02 3.318537179446e-02
6.595000000000e+02 3.130627554880e-02
6.600000000000e+02 2.919878703714e-02
6.605000000000e+02 2.693953528023e-02
6.610000000000e+02 2.460823498377e-02
6.615000000000e+02 2.228405895034e-02
6.620000000000e+02 2.004207508353e-02
6.625000000000e+02 1.794993458197e-02
6.630000000000e+02 1.606498391423e-02
6.635000000000e+02 1.443194910237e-02
6.640000000000e+02 1.308130814101e-02
6.645000000000e+02 1.202842801819e-02
6.650000000000e+02 1.127349916271e-02
6.655000000000e+02 1.080225490301e-02
6.660000000000e+02 1.058741945800e-02
6.665000000000e+02 1.059078777362e-02
6.670000000000e+02 1.076580660106e-02
6.675000000000e+02 1.106050057727e-02
6.680000000000e+02 1.142057116983e-02
6.685000000000e+02 1.179249097799e-02
6.690000000000e+02 1.212642115919e-02
6.695000000000e+02 1.237879509188e-02
6.700000000000e+02 1.251443558725e-02
6.705000000000e+02 1.250810428289e-02
6.710000000000e+02 1.234541814071e-02
6.715000000000e+02 1.202310683886e-02
6.720000000000e+02 1.154862382328e-02
6.725000000000e+02 1.093916049164e-02
6.730000000000e+02 1.022014529044e-02
6.735000000000e+02 9.423335661071e-03
6.740000000000e+02 8.584629494474e-03
6.745000000000e+02 7.741733299444e-03
6.750000000000e+02 6.931826460754e-03
6.755000000000e+02 6.189355089859e-03
6.760000000000e+02 5.544075850727e-03
6.765000000000e+02 5.019450960443e-03
6.770000000000e+02 4.631471777518e-03
6.775000000000e+02 4.387961608800e-03
6.780000000000e+02 4.288380268737e-03
6.785000000000e+02 4.324125093494e-03
6.790000000000e+02 4.479297003794e-03
6.795000000000e+02 4.731877040597e-03
6.800000000000e+02 5.055239516874e-03
6.805000000000e+02 5.419913199383e-03
6.810000000000e+02 5.795492123001e-03
6.815000000000e+02 6.152592853643e-03
6.820000000000e+02 6.464755123634e-03
6.825000000000e+02 6.710187446732e-03
6.830000000000e+02 6.873268121654e-03
6.835000000000e+02 6.945724396916e-03
6.840000000000e+02 6.927427879466e-03
6.845000000000e+02 6.826761878988e-03
6.850000000000e+02 6.660535630924e-03
6.855000000000e+02 6.453440571851e-03
6.860000000000e+02 6.237064386864e-03
6.865000000000e+02 6.048498738304e-03
6.870000000000e+02 5.928595741726e-03
6.875000000000e+02 5.919945689351e-03
6.880000000000e+02 6.064663531939e-03
6.885000000000e+02 6.402083548212e-03
6.890000000000e+02 6.966469785769e-03
6.895000000000e+02 7.784853693944e-03
6.900000000000e+02 8.875109391435e-03
6.905000000000e+02 1.024437092785e-02
6.910000000000e+02 1.188788459014e-02
6.915000000000e+02 1.378837290595e-02
6.920000000000e+02 1.591596592359e-02
6.925000000000e+02 1.822873029474e-02
6.930000000000e+02 2.067379863342e-02
6.935000000000e+02 2.318907185196e-02
6.940000000000e+02 2.570543707372e-02
6.945000000000e+02 2.814941495312e-02
6.950000000000e+02 3.044612446185e-02
6.955000000000e+02 3.252243192770e-02
6.960000000000e+02 3.431013596897e-02
6.965000000000e+02 3.574903201487e-02
6.970000000000e+02 3.678970025482e-02
6.975000000000e+02 3.739586953785e-02
6.980000000000e+02 3.754622686079e-02
6.985000000000e+02 3.723556706542e-02
6.990000000000e+02 3.647520910691e-02
6.995000000000e+02 3.529264220965e-02
7.000000000000e+02 3.373040542977e-02
7.005000000000e+02 3.184424535219e-02
7.010000000000e+02 2.970063647437e-02
7.015000000000e+02 2.737378485929e-02
7.020000000000e+02 2.494226562166e-02
7.025000000000e+02 2.248546678449e-02
7.030000000000e+02 2.008002449470e-02
7.035000000000e+02 1.779643654928e-02
7.040000000000e+02 1.569603233624e-02
7.045000000000e+02 1.382845797487e-02
7.050000000000e+02 1.222980668259e-02
7.055000000000e+02 1.092148783073e-02
7.060000000000e+02 9.909885953413e-03
7.065000000000e+02 9.186815695193e-03
7.070000000000e+02 8.730733112691e-03
7.075000000000e+02 8.508620705625e-03
7.080000000000e+02 8.478425723130e-03
7.085000000000e+02 8.591901014623e-03
7.090000000000e+02 8.797676828975e-03
7.095000000000e+02 9.044381741067e-03
7.100000000000e+02 9.283631839897e-03
7.105000000000e+02 9.472719233533e-03
7.110000000000e+02 9.576852903222e-03
7.115000000000e+02 9.570835402645e-03
7.120000000000e+02 9.440095753066e-03
7.125000000000e+02 9.181039665769e-03
7.130000000000e+02 8.800720260521e-03
7.135000000000e+02 8.315873064785e-03
7.140000000000e+02 7.751395767483e-03
7.145000000000e+02 7.138383796208e-03
7.150000000000e+02 6.511855591492e-03
7.155000000000e+02 5.908315344567e-03
7.160000000000e+02 5.363305438623e-03
7.165000000000e+02 4.909096013255e-03
7.170000000000e+02 4.572645664122e-03
7.175000000000e+02 4.373946508960e-03
7.180000000000e+02 4.324840311981e-03
7.185000000000e+02 4.428361930113e-03
7.190000000000e+02 4.678634034754e-03
7.195000000000e+02 5.061304852218e-03
7.200000000000e+02 5.554490397538e-03
7.205000000000e+02 6.130155955931e-03
7.210000000000e+02 6.755849641704e-03
7.215000000000e+02 7.396684656818e-03
7.220000000000e+02 8.017456845375e-03
7.225000000000e+02 8.584780432596e-03
7.230000000000e+02 9.069127198654e-03
7.235000000000e+02 9.446662240768e-03
7.240000000000e+02 9.700782165003e-03
7.245000000000e+02 9.823278112094e-03
7.250000000000e+02 9.815065459672e-03
7.255000000000e+02 9.686443344294e-03
7.260000000000e+02 9.456869330847e-03
7.265000000000e+02 9.154256705886e-03
7.270000000000e+02 8.813823171266e-03
7.275000000000e+02 8.476539451290e-03
7.280000000000e+02 8.187243891206e-03
7.285000000000e+02 7.992504001131e-03
7.290000000000e+02 7.938317660307e-03
7.295000000000e+02 8.067754986716e-03
7.300000000000e+02 8.418646398570e-03
7.305000000000e+02 9.021422932256e-03
7.310000000000e+02 9.897211291749e-03
7.315000000000e+02 1.105627831325e-02
7.320000000000e+02 1.249690761223e-02
7.325000000000e+02 1.420477532628e-02
7.330000000000e+02 1.615287243154e-02
7.335000000000e+02 1.830199864144e-02
7.340000000000e+02 2.060182812972e-02
7.345000000000e+02 2.299252118245e-02
7.350000000000e+02 2.540682947011e-02
7.355000000000e+02 2.777261718203e-02
7.360000000000e+02 3.001569711208e-02
7.365000000000e+02 3.206286121755e-02
7.370000000000e+02 3.384497050454e-02
7.375000000000e+02 3.529996041896e-02
7.380000000000e+02 3.637561609745e-02
7.385000000000e+02 3.703197743136e-02
7.390000000000e+02 3.724324708574e-02
7.395000000000e+02 3.699909511554e-02
7.400000000000e+02 3.630528092753e-02
7.405000000000e+02 3.518354587947e-02
7.410000000000e+02 3.367076622590e-02
7.415000000000e+02 3.181739452238e-02
7.420000000000e+02 2.968525584726e-02
7.425000000000e+02 2.734480106689e-02
7.430000000000e+02 2.487195064736e-02
7.435000000000e+02 2.234468717156e-02
7.440000000000e+02 1.983957104805e-02
7.445000000000e+02 1.742836063871e-02
7.450000000000e+02 1.517491447254e-02
7.455000000000e+02 1.313253926974e-02
7.460000000000e+02 1.134192376693e-02
7.465000000000e+02 9.829766010422e-03
7.470000000000e+02 8.608162695031e-03
7.475000000000e+02 7.674785563970e-03
7.480000000000e+02 7.013824485280e-03
7.485000000000e+02 6.597632398023e-03
7.490000000000e+02 6.388966677583e-03
7.495000000000e+02 6.343687193027e-03
7.500000000000e+02 6.413745629431e-03
7.505000000000e+02 6.550285183491e-03
7.510000000000e+02 6.706665498999e-03
7.515000000000e+02 6.841234944475e-03
7.520000000000e+02 6.919690539476e-03
7.525000000000e+02 6.916893753376e-03
7.530000000000e+02 6.818046168424e-03
7.535000000000e+02 6.619170210954e-03
7.540000000000e+02 6.326884093034e-03
7.545000000000e+02 5.957503899650e-03
7.550000000000e+02 5.535546591895e-03
7.555000000000e+02 5.091743015662e-03
7.560000000000e+02 4.660697672081e-03
7.565000000000e+02 4.278350446422e-03
7.570000000000e+02 3.979403786030e-03
7.575000000000e+02 3.794876738514e-03
7.580000000000e+02 3.749935272701e-03
7.585000000000e+02 3.862127495819e-03
7.590000000000e+02 4.140124372266e-03
7.595000000000e+02 4.583033355630e-03
7.600000000000e+02 5.180316220935e-03
7.605000000000e+02 5.912305666816e-03
7.610000000000e+02 6.751280184532e-03
7.615000000000e+02 7.663025314089e-03
7.620000000000e+02 8.608783369421e-03
7.625000000000e+02 9.547474319444e-03
7.630000000000e+02 1.043805846987e-02
7.635000000000e+02 1.124190724538e-02
7.640000000000e+02 1.192505147345e-02
7.645000000000e+02 1.246018655002e-02
7.650000000000e+02 1.282832974746e-02
7.655000000000e+02 1.302004550699e-02
7.660000000000e+02 1.303617848017e-02
7.665000000000e+02 1.288805993136e-02
7.670000000000e+02 1.259717950125e-02
7.675000000000e+02 1.219433998133e-02
7.680000000000e+02 1.171833655172e-02
7.685000000000e+02 1.121422297456e-02
7.690000000000e+02 1.073124481507e-02
7.695000000000e+02 1.032053340225e-02
7.700000000000e+02 1.003266365798e-02
7.705000000000e+02 9.915184010637e-03
7.710000000000e+02 1.001022739990e-02
7.715000000000e+02 1.035230902111e-02
7.720000000000e+02 1.096640918604e-02
7.725000000000e+02 1.186642879094e-02
7.730000000000e+02 1.305409073820e-02
7.735000000000e+02 1.451834365436e-02
7.740000000000e+02 1.623530486657e-02
7.745000000000e+02 1.816875835958e-02
7.750000000000e+02 2.027120095572e-02
7.755000000000e+02 2.248540694050e-02
7.760000000000e+02 2.474645859517e-02
7.765000000000e+02 2.698416844965e-02
7.770000000000e+02 2.912579948935e-02
7.775000000000e+02 3.109897300670e-02
7.780000000000e+02 3.283464121151e-02
7.785000000000e+02 3.426999399563e-02
7.790000000000e+02 3.535116713132e-02
7.795000000000e+02 3.603562318651e-02
7.800000000000e+02 3.629408684655e-02
7.805000000000e+02 3.611193308078e-02
7.810000000000e+02 3.548994927518e-02
7.815000000000e+02 3.444442028580e-02
7.820000000000e+02 3.300651719266e-02
7.825000000000e+02 3.122100486875e-02
7.830000000000e+02 2.914431857696e-02
7.835000000000e+02 2.684209372578e-02
7.840000000000e+02 2.438626366334e-02
7.845000000000e+02 2.185186602067e-02
7.850000000000e+02 1.931371687505e-02
7.855000000000e+02 1.684312247362e-02
7.860000000000e+02 1.450479941766e-02
7.865000000000e+02 1.235416562584e-02
7.870000000000e+02 1.043514620110e-02
7.875000000000e+02 8.778611252985e-03
7.880000000000e+02 7.401528184916e-03
7.885000000000e+02 6.306870815947e-03
7.890000000000e+02 5.484284315590e-03
7.895000000000e+02 4.911460937860e-03
7.900000000000e+02 4.556139691833e-03
7.905000000000e+02 4.378606083024e-03
7.910000000000e+02 4.334538341903e-03
7.915000000000e+02 4.378026135382e-03
7.920000000000e+02 4.464578062780e-03
7.925000000000e+02 4.553935995919e-03
7.930000000000e+02 4.612527510744e-03
7.935000000000e+02 4.615411468174e-03
7.940000000000e+02 4.547604717981e-03
7.945000000000e+02 4.404717768425e-03
7.950000000000e+02 4.192871475764e-03
7.955000000000e+02 3.927912445101e-03
7.960000000000e+02 3.633988910109e-03
7.965000000000e+02 3.341588505523e-03
7.970000000000e+02 3.085172024719e-03
7.975000000000e+02 2.900560928194e-03
7.980000000000e+02 2.822249636158e-03
7.985000000000e+02 2.880815821297e-03
7.990000000000e+02 3.100593092473e-03
7.995000000000e+02 3.497751432682e-03
8.000000000000e+02 4.078902986980e-03
8.005000000000e+02 4.840316285061e-03
8.010000000000e+02 5.767783108518e-03
8.015000000000e+02 6.837141543405e-03
8.020000000000e+02 8.015418925914e-03
8.025000000000e+02 9.262521811148e-03
8.030000000000e+02 1.053336892587e-02
8.035000000000e+02 1.178033902883e-02
8.040000000000e+02 1.295588981996e-02
8.045000000000e+02 1.401519715847e-02
8.050000000000e+02 1.491866587287e-02
8.055000000000e+02 1.563417382015e-02
8.060000000000e+02 1.613892860754e-02
8.065000000000e+02 1.642084011821e-02
8.070000000000e+02 1.647934004205e-02
8.075000000000e+02 1.632561021650e-02
8.080000000000e+02 1.598221292288e-02
8.085000000000e+02 1.548214665484e-02
8.090000000000e+02 1.486737875742e-02
8.095000000000e+02 1.418693047502e-02
8.100000000000e+02 1.349460939914e-02
8.105000000000e+02 1.284649845715e-02
8.110000000000e+02 1.229831914256e-02
8.115000000000e+02 1.190278966274e-02
8.120000000000e+02 1.170709633863e-02
8.125000000000e+02 1.175058939400e-02
8.130000000000e+02 1.206280284291e-02
8.135000000000e+02 1.266188321915e-02
8.140000000000e+02 1.355349413756e-02
8.145000000000e+02 1.473024388334e-02
8.150000000000e+02 1.617166212450e-02
8.155000000000e+02 1.784473011023e-02
8.160000000000e+02 1.970494701168e-02
8.165000000000e+02 2.169789399815e-02
8.170000000000e+02 2.376123779638e-02
8.175000000000e+02 2.582709745662e-02
8.180000000000e+02 2.782468241901e-02
8.185000000000e+02 2.968309724439e-02
8.190000000000e+02 3.133419924405e-02
8.195000000000e+02 3.271539006268e-02
8.200000000000e+02 3.377222163348e-02
8.205000000000e+02 3.446070113492e-02
8.210000000000e+02 3.474918882875e-02
8.215000000000e+02 3.461979699153e-02
8.220000000000e+02 3.406921732251e-02
8.225000000000e+02 3.310892772544e-02
8.230000000000e+02 3.176475643363e-02
8.235000000000e+02 3.007581102862e-02
8.240000000000e+02 2.809281064940e-02
8.245000000000e+02 2.587589009047e-02
8.250000000000e+02 2.349197287746e-02
8.255000000000e+02 2.101183509407e-02
8.260000000000e+02 1.850700108104e-02
8.265000000000e+02 1.604662470344e-02
8.270000000000e+02 1.369451454857e-02
8.275000000000e+02 1.150645744013e-02
8.280000000000e+02 9.527981806188e-03
8.285000000000e+02 7.792681031918e-03
8.290000000000e+02 6.321187847759e-03
8.295000000000e+02 5.120855477023e-03
8.300000000000e+02 4.186161632388e-03
8.305000000000e+02 3.499809794393e-03
8.310000000000e+02 3.034461083417e-03
8.315000000000e+02 2.754992071833e-03
8.320000000000e+02 2.621141595159e-03
8.325000000000e+02 2.590385242454e-03
8.330000000000e+02 2.620861510326e-03
8.335000000000e+02 2.674169765757e-03
8.340000000000e+02 2.717867644149e-03
8.345000000000e+02 2.727514022433e-03
8.350000000000e+02 2.688132195510e-03
8.355000000000e+02 2.595004599567e-03
8.360000000000e+02 2.453753023407e-03
8.365000000000e+02 2.279703961576e-03
8.370000000000e+02 2.096584579137e-03
8.375000000000e+02 1.934637648456e-03
8.380000000000e+02 1.828280940931e-03
8.385000000000e+02 1.813465464486e-03
8.390000000000e+02 1.924905750362e-03
8.395000000000e+02 2.193362925952e-03
8.400000000000e+02 2.643157153884e-03
8.405000000000e+02 3.290070555437e-03
8.410000000000e+02 4.139776108852e-03
8.415000000000e+02 5.186894024538e-03
8.420000000000e+02 6.414737081100e-03
8.425000000000e+02 7.795763037848e-03
8.430000000000e+02 9.292708364268e-03
8.435000000000e+02 1.086033597116e-02
8.440000000000e+02 1.244769291256e-02
8.445000000000e+02 1.400074441730e-02
8.450000000000e+02 1.546522969031e-02
8.455000000000e+02 1.678957376025e-02
8.460000000000e+02 1.792768863756e-02
8.465000000000e+02 1.884150588739e-02
8.470000000000e+02 1.950310052491e-02
8.475000000000e+02 1.989629152362e-02
8.480000000000e+02 2.001763536636e-02
8.485000000000e+02 1.987676390201e-02
8.490000000000e+02 1.949605411926e-02
8.495000000000e+02 1.890965316766e-02
8.500000000000e+02 1.816191506053e-02
8.505000000000e+02 1.730533428953e-02
8.510000000000e+02 1.639808473871e-02
8.515000000000e+02 1.550128888987e-02
8.520000000000e+02 1.467615189159e-02
8.525000000000e+02 1.398109758043e-02
8.530000000000e+02 1.346903934021e-02
8.535000000000e+02 1.318490844257e-02
8.540000000000e+02 1.316354714574e-02
8.545000000000e+02 1.342805444619e-02
8.550000000000e+02 1.398865013346e-02
8.555000000000e+02 1.484209887223e-02
8.560000000000e+02 1.597171155675e-02
8.565000000000e+02 1.734791711072e-02
8.570000000000e+02 1.892937513743e-02
8.575000000000e+02 2.066457903591e-02
8.580000000000e+02 2.249388093977e-02
8.585000000000e+02 2.435185451222e-02
8.590000000000e+02 2.616989956874e-02
8.595000000000e+02 2.787898384537e-02
8.600000000000e+02 2.941241219954e-02
8.605000000000e+02 3.070851221609e-02
8.610000000000e+02 3.171312757692e-02
8.615000000000e+02 3.238181683784e-02
8.620000000000e+02 3.268166523207e-02
8.625000000000e+02 3.259263082348e-02
8.630000000000e+02 3.210836350098e-02
8.635000000000e+02 3.123645559489e-02
8.640000000000e+02 2.999810580324e-02
8.645000000000e+02 2.842720293513e-02
8.650000000000e+02 2.656886181440e-02
8.655000000000e+02 2.447746945581e-02
8.660000000000e+02 2.221432411146e-02
8.665000000000e+02 1.984497166121e-02
8.670000000000e+02 1.743636175419e-02
8.675000000000e+02 1.505395881101e-02
8.680000000000e+02 1.275894938585e-02
8.685000000000e+02 1.060568660445e-02
8.690000000000e+02 8.639503969732e-03
8.695000000000e+02 6.895014710449e-03
8.700000000000e+02 5.394989483203e-03
8.705000000000e+02 4.149875565286e-03
8.710000000000e+02 3.157986125455e-03
8.715000000000e+02 2.406350584504e-03
8.720000000000e+02 1.872178656239e-03
8.725000000000e+02 1.524853770537e-03
8.730000000000e+02 1.328338636971e-03
8.735000000000e+02 1.243848989811e-03
8.740000000000e+02 1.232633039219e-03
8.745000000000e+02 1.258685346589e-03
8.750000000000e+02 1.291225650454e-03
8.755000000000e+02 1.306785808803e-03
8.760000000000e+02 1.290770969872e-03
8.765000000000e+02 1.238393079677e-03
8.770000000000e+02 1.154913970277e-03
8.775000000000e+02 1.055179082648e-03
8.780000000000e+02 9.624685312181e-04
8.785000000000e+02 9.067366862938e-04
8.790000000000e+02 9.223517546219e-04
8.795000000000e+02 1.045480234179e-03
8.800000000000e+02 1.311285317655e-03
8.805000000000e+02 1.751121644331e-03
8.810000000000e+02 2.389910315190e-03
8.815000000000e+02 3.243867660330e-03
8.820000000000e+02 4.318739564882e-03
8.825000000000e+02 5.608661666291e-03
8.830000000000e+02 7.095726532230e-03
8.835000000000e+02 8.750294629228e-03
8.840000000000e+02 1.053203940104e-02
8.845000000000e+02 1.239167114270e-02
8.850000000000e+02 1.427324250248e-02
8.855000000000e+02 1.611690298172e-02
8.860000000000e+02 1.786194294053e-02
8.865000000000e+02 1.944995082479e-02
8.870000000000e+02 2.082790155724e-02
8.875000000000e+02 2.195099933862e-02
8.880000000000e+02 2.278511391155e-02
8.885000000000e+02 2.330867442695e-02
8.890000000000e+02 2.351391759763e-02
8.895000000000e+02 2.340742464103e-02
8.900000000000e+02 2.300992216171e-02
8.905000000000e+02 2.235536306664e-02
8.910000000000e+02 2.148934241876e-02
8.915000000000e+02 2.046693764616e-02
8.920000000000e+02 1.935009089542e-02
8.925000000000e+02 1.820467222232e-02
8.930000000000e+02 1.709737493500e-02
8.935000000000e+02 1.609259846297e-02
8.940000000000e+02 1.524946987438e-02
8.945000000000e+02 1.461914332921e-02
8.950000000000e+02 1.424249844237e-02
8.955000000000e+02 1.414833512924e-02
8.960000000000e+02 1.435213558987e-02
8.965000000000e+02 1.485543526521e-02
8.970000000000e+02 1.564581544335e-02
8.975000000000e+02 1.669750215098e-02
8.980000000000e+02 1.797253021355e-02
8.985000000000e+02 1.942240891988e-02
8.990000000000e+02 2.099020721268e-02
8.995000000000e+02 2.261296219384e-02
9.000000000000e+02 2.422430512138e-02
9.005000000000e+02 2.575719394402e-02
9.010000000000e+02 2.714664056204e-02
9.015000000000e+02 2.833232408324e-02
9.020000000000e+02 2.926098802522e-02
9.025000000000e+02 2.988852926544e-02
9.030000000000e+02 3.018169916102e-02
9.035000000000e+02 3.011935232093e-02
9.040000000000e+02 2.969319559362e-02
9.045000000000e+02 2.890800858622e-02
9.050000000000e+02 2.778132706138e-02
9.055000000000e+02 2.634260139218e-02
9.060000000000e+02 2.463186335689e-02
9.065000000000e+02 2.269795526535e-02
9.070000000000e+02 2.059639498065e-02
9.075000000000e+02 1.838696796303e-02
9.080000000000e+02 1.613115210356e-02
9.085000000000e+02 1.388949187882e-02
9.090000000000e+02 1.171904436746e-02
9.095000000000e+02 9.671020147520e-03
9.100000000000e+02 7.788736491180e-03
9.105000000000e+02 6.105988328123e-03
9.110000000000e+02 4.645924256267e-03
9.115000000000e+02 3.420490942177e-03
9.120000000000e+02 2.430480502548e-03
9.125000000000e+02 1.666183233314e-03
9.130000000000e+02 1.108614055203e-03
9.135000000000e+02 7.312472474577e-04
9.140000000000e+02 5.021625737010e-04
9.145000000000e+02 3.864789010479e-04
9.150000000000e+02 3.489308671701e-04
9.155000000000e+02 3.564317410120e-04
9.160000000000e+02 3.804625741238e-04
9.165000000000e+02 3.991347050636e-04
9.170000000000e+02 3.987896407035e-04
9.175000000000e+02 3.750265887339e-04
9.180000000000e+02 3.330820602137e-04
9.185000000000e+02 2.875259989151e-04
9.190000000000e+02 2.612823308423e-04
9.195000000000e+02 2.840258503604e-04
9.200000000000e+02 3.900490199258e-04
9.205000000000e+02 6.157287020973e-04
9.210000000000e+02 9.967514944759e-04
9.215000000000e+02 1.565275122634e-03
9.220000000000e+02 2.347210829124e-03
9.225000000000e+02 3.359807205249e-03
9.230000000000e+02 4.609699590699e-03
9.235000000000e+02 6.091561973017e-03
9.240000000000e+02 7.787461963986e-03
9.245000000000e+02 9.666976255661e-03
9.250000000000e+02 1.168807677754e-02
9.255000000000e+02 1.379874966513e-02
9.260000000000e+02 1.593926324259e-02
9.265000000000e+02 1.804496052109e-02
9.270000000000e+02 2.004941875161e-02
9.275000000000e+02 2.188779553690e-02
9.280000000000e+02 2.350016914590e-02
9.285000000000e+02 2.483468077584e-02
9.290000000000e+02 2.585029828766e-02
9.295000000000e+02 2.651904359119e-02
9.300000000000e+02 2.682755773235e-02
9.305000000000e+02 2.677791669449e-02
9.310000000000e+02 2.638765443238e-02
9.315000000000e+02 2.568899492297e-02
9.320000000000e+02 2.472733924357e-02
9.325000000000e+02 2.355909422898e-02
9.330000000000e+02 2.224896379929e-02
9.335000000000e+02 2.086685070735e-02
9.340000000000e+02 1.948453396011e-02
9.345000000000e+02 1.817229484774e-02
9.350000000000e+02 1.699566232616e-02
9.355000000000e+02 1.601243704118e-02
9.360000000000e+02 1.527013366040e-02
9.365000000000e+02 1.480395494530e-02
9.370000000000e+02 1.463538000000e-02
9.375000000000e+02 1.477141539635e-02
9.380000000000e+02 1.520452341900e-02
9.385000000000e+02 1.591320843141e-02
9.390000000000e+02 1.686321202951e-02
9.395000000000e+02 1.800924156872e-02
9.400000000000e+02 1.929713585981e-02
9.405000000000e+02 2.066635690129e-02
9.410000000000e+02 2.205268766175e-02
9.415000000000e+02 2.339101300347e-02
9.420000000000e+02 2.461806339918e-02
9.425000000000e+02 2.567500847031e-02
9.430000000000e+02 2.650979876249e-02
9.435000000000e+02 2.707916870245e-02
9.440000000000e+02 2.735023048908e-02
9.445000000000e+02 2.730160696398e-02
9.450000000000e+02 2.692407058308e-02
9.455000000000e+02 2.622067488538e-02
9.460000000000e+02 2.520638385501e-02
9.465000000000e+02 2.390722290623e-02
9.470000000000e+02 2.235899255889e-02
9.475000000000e+02 2.060560189642e-02
9.480000000000e+02 1.869709327720e-02
9.485000000000e+02 1.668744213706e-02
9.490000000000e+02 1.463222561912e-02
9.495000000000e+02 1.258626072961e-02
9.500000000000e+02 1.060131621925e-02
9.505000000000e+02 8.724001926382e-03
9.510000000000e+02 6.993934448757e-03
9.515000000000e+02 5.442268459725e-03
9.520000000000e+02 4.090668646599e-03
9.525000000000e+02 2.950778312553e-03
9.530000000000e+02 2.024217646998e-03
9.535000000000e+02 1.303118368550e-03
9.540000000000e+02 7.711730515125e-04
9.545000000000e+02 4.051484285615e-04
9.550000000000e+02 1.767840092612e-04
9.555000000000e+02 5.497227679765e-05
9.560000000000e+02 8.096328246598e-06
9.565000000000e+02 6.386766406292e-06
9.570000000000e+02 2.415329885260e-05
9.575000000000e+02 4.174879682562e-05
9.580000000000e+02 4.713492214435e-05
9.585000000000e+02 3.693864390004e-05
9.590000000000e+02 1.691719993416e-05
9.595000000000e+02 1.783852229315e-06
9.600000000000e+02 1.438613342220e-05
9.605000000000e+02 8.426974854855e-05
9.610000000000e+02 2.457021773110e-04
9.615000000000e+02 5.352675347584e-04
9.620000000000e+02 9.891757321641e-04
9.625000000000e+02 1.640452102191e-03
9.630000000000e+02 2.516186586109e-03
9.635000000000e+02 3.635023158964e-03
9.640000000000e+02 5.005059983018e-03
9.645000000000e+02 6.622309229575e-03
9.650000000000e+02 8.469833787410e-03
9.655000000000e+02 1.051763809976e-02
9.660000000000e+02 1.272334465165e-02
9.665000000000e+02 1.503363910088e-02
9.670000000000e+02 1.738641886247e-02
9.675000000000e+02 1.971353527668e-02
9.680000000000e+02 2.194398126584e-02
9.685000000000e+02 2.400734709052e-02
9.690000000000e+02 2.583734841886e-02
9.695000000000e+02 2.737522460670e-02
9.700000000000e+02 2.857281120672e-02
9.705000000000e+02 2.939510890007e-02
9.710000000000e+02 2.982220005372e-02
9.715000000000e+02 2.985040200362e-02
9.720000000000e+02 2.949259052694e-02
9.725000000000e+02 2.877767492964e-02
9.730000000000e+02 2.774925470337e-02
9.735000000000e+02 2.646353379359e-02
9.740000000000e+02 2.498660937543e-02
9.745000000000e+02 2.339128526317e-02
9.750000000000e+02 2.175358384726e-02
9.755000000000e+02 2.014914356846e-02
9.760000000000e+02 1.864969094093e-02
9.765000000000e+02 1.731976726149e-02
9.770000000000e+02 1.621387132943e-02
9.775000000000e+02 1.537415225856e-02
9.780000000000e+02 1.482875277173e-02
9.785000000000e+02 1.459086551365e-02
9.790000000000e+02 1.465852533163e-02
9.795000000000e+02 1.501512154375e-02
9.800000000000e+02 1.563057817464e-02
9.805000000000e+02 1.646311886127e-02
9.810000000000e+02 1.746150807401e-02
9.815000000000e+02 1.856764246033e-02
9.820000000000e+02 1.971935591580e-02
9.825000000000e+02 2.085329938544e-02
9.830000000000e+02 2.190776089071e-02
9.835000000000e+02 2.282530198166e-02
9.840000000000e+02 2.355510258221e-02
9.845000000000e+02 2.405492572639e-02
9.850000000000e+02 2.429263561585e-02
9.855000000000e+02 2.424722545895e-02
9.860000000000e+02 2.390933451841e-02
9.865000000000e+02 2.328125572535e-02
9.870000000000e+02 2.237645536376e-02
9.875000000000e+02 2.121864417883e-02
9.880000000000e+02 1.984045451181e-02
9.885000000000e+02 1.828179057474e-02
9.890000000000e+02 1.658792873897e-02
9.895000000000e+02 1.480745177189e-02
9.900000000000e+02 1.299010536106e-02
9.905000000000e+02 1.118466707140e-02
9.910000000000e+02 9.436917015724e-03
9.915000000000e+02 7.787795966529e-03
9.920000000000e+02 6.271830196249e-03
9.925000000000e+02 4.915892953312e-03
9.930000000000e+02 3.738360040296e-03
9.935000000000e+02 2.748701509942e-03
9.940000000000e+02 1.947533238342e-03
9.945000000000e+02 1.327131486929e-03
9.950000000000e+02 8.723911956841e-04
9.955000000000e+02 5.621855830369e-04
9.960000000000e+02 3.710618209115e-04
9.965000000000e+02 2.711864440765e-04
9.970000000000e+02 2.344361781640e-04
9.975000000000e+02 2.345164599365e-04
9.980000000000e+02 2.489823774321e-04
9.985000000000e+02 2.610361244822e-04
9.990000000000e+02 2.609820165487e-04
9.995000000000e+02 2.472348588398e-04
1.000000000000e+03 2.267996557433e-04
